Month,Hour,Day Type,Daylight Savings Status,Indoor Temperature [C],Average Unmet Cooling Setpoint Difference [C],Indoor Relative Humidity [%],Equipment Electric Power [kWh],DHW Heating [kWh],Cooling Load [kWh],Heating Load [kWh],Solar Generation [W/kW]
12,24,5,0,,,,39.3,0,0,0,0.0
1,1,6,0,,,,39.9,0,0,0,0.0
1,2,6,0,,,,40.9,0,0,0,0.0
1,3,6,0,,,,40.0,0,0,0,0.0
1,4,6,0,,,,40.8,0,0,0,0.0
1,5,6,0,,,,40.6,0,0,0,0.0
1,6,6,0,,,,42.5,0,0,0,0.0
1,7,6,0,,,,41.6,0,0,0,0.0
1,8,6,0,,,,39.9,0,0,0,91.0
1,9,6,0,,,,39.2,0,0,0,380.0
1,10,6,0,,,,39.0,0,0,0,582.0
1,11,6,0,,,,38.3,0,0,0,671.0
1,12,6,0,,,,37.8,0,0,0,674.0
1,13,6,0,,,,37.4,0,0,0,615.0
1,14,6,0,,,,37.3,0,0,0,436.0
1,15,6,0,,,,38.0,0,0,0,125.0
1,16,6,0,,,,39.2,0,0,0,0.0
1,17,6,0,,,,42.6,0,0,0,0.0
1,18,6,0,,,,41.4,0,0,0,0.0
1,19,6,0,,,,43.8,0,0,0,0.0
1,20,6,0,,,,41.2,0,0,0,0.0
1,21,6,0,,,,42.2,0,0,0,0.0
1,22,6,0,,,,43.3,0,0,0,0.0
1,23,6,0,,,,43.8,0,0,0,0.0
1,24,6,0,,,,41.9,0,0,0,0.0
1,1,7,0,,,,41.3,0,0,0,0.0
1,2,7,0,,,,40.8,0,0,0,0.0
1,3,7,0,,,,39.8,0,0,0,0.0
1,4,7,0,,,,40.0,0,0,0,0.0
1,5,7,0,,,,40.8,0,0,0,0.0
1,6,7,0,,,,39.3,0,0,0,0.0
1,7,7,0,,,,39.3,0,0,0,0.0
1,8,7,0,,,,42.4,0,0,0,31.0
1,9,7,0,,,,39.8,0,0,0,296.0
1,10,7,0,,,,39.4,0,0,0,566.0
1,11,7,0,,,,38.8,0,0,0,494.0
1,12,7,0,,,,39.7,0,0,0,376.0
1,13,7,0,,,,39.2,0,0,0,284.0
1,14,7,0,,,,41.0,0,0,0,130.0
1,15,7,0,,,,38.7,0,0,0,24.0
1,16,7,0,,,,38.9,0,0,0,0.0
1,17,7,0,,,,39.6,0,0,0,0.0
1,18,7,0,,,,40.0,0,0,0,0.0
1,19,7,0,,,,38.8,0,0,0,0.0
1,20,7,0,,,,39.2,0,0,0,0.0
1,21,7,0,,,,38.8,0,0,0,0.0
1,22,7,0,,,,39.6,0,0,0,0.0
1,23,7,0,,,,39.4,0,0,0,0.0
1,24,7,0,,,,39.8,0,0,0,0.0
1,1,1,0,,,,40.1,0,0,0,0.0
1,2,1,0,,,,38.5,0,0,0,0.0
1,3,1,0,,,,39.1,0,0,0,0.0
1,4,1,0,,,,38.4,0,0,0,0.0
1,5,1,0,,,,41.3,0,0,0,0.0
1,6,1,0,,,,40.0,0,0,0,0.0
1,7,1,0,,,,43.2,0,0,0,0.0
1,8,1,0,,,,42.6,0,0,0,83.0
1,9,1,0,,,,39.8,0,0,0,295.0
1,10,1,0,,,,41.3,0,0,0,419.0
1,11,1,0,,,,38.6,0,0,0,457.0
1,12,1,0,,,,39.1,0,0,0,428.0
1,13,1,0,,,,40.4,0,0,0,320.0
1,14,1,0,,,,42.8,0,0,0,166.0
1,15,1,0,,,,40.4,0,0,0,35.0
1,16,1,0,,,,41.1,0,0,0,0.0
1,17,1,0,,,,41.8,0,0,0,0.0
1,18,1,0,,,,41.5,0,0,0,0.0
1,19,1,0,,,,41.8,0,0,0,0.0
1,20,1,0,,,,41.2,0,0,0,0.0
1,21,1,0,,,,43.2,0,0,0,0.0
1,22,1,0,,,,42.1,0,0,0,0.0
1,23,1,0,,,,43.8,0,0,0,0.0
1,24,1,0,,,,45.0,0,0,0,0.0
1,1,2,0,,,,46.3,0,0,0,0.0
1,2,2,0,,,,42.9,0,0,0,0.0
1,3,2,0,,,,42.7,0,0,0,0.0
1,4,2,0,,,,48.6,0,0,0,0.0
1,5,2,0,,,,45.5,0,0,0,0.0
1,6,2,0,,,,44.2,0,0,0,0.0
1,7,2,0,,,,43.2,0,0,0,0.0
1,8,2,0,,,,50.4,0,0,0,33.0
1,9,2,0,,,,53.9,0,0,0,176.0
1,10,2,0,,,,60.0,0,0,0,358.0
1,11,2,0,,,,62.8,0,0,0,419.0
1,12,2,0,,,,67.1,0,0,0,430.0
1,13,2,0,,,,61.2,0,0,0,400.0
1,14,2,0,,,,62.2,0,0,0,296.0
1,15,2,0,,,,63.7,0,0,0,94.0
1,16,2,0,,,,64.0,0,0,0,0.0
1,17,2,0,,,,60.4,0,0,0,0.0
1,18,2,0,,,,57.9,0,0,0,0.0
1,19,2,0,,,,53.3,0,0,0,0.0
1,20,2,0,,,,51.9,0,0,0,0.0
1,21,2,0,,,,47.3,0,0,0,0.0
1,22,2,0,,,,47.1,0,0,0,0.0
1,23,2,0,,,,47.5,0,0,0,0.0
1,24,2,0,,,,47.4,0,0,0,0.0
1,1,3,0,,,,46.5,0,0,0,0.0
1,2,3,0,,,,47.2,0,0,0,0.0
1,3,3,0,,,,48.0,0,0,0,0.0
1,4,3,0,,,,45.9,0,0,0,0.0
1,5,3,0,,,,45.6,0,0,0,0.0
1,6,3,0,,,,45.2,0,0,0,0.0
1,7,3,0,,,,44.3,0,0,0,0.0
1,8,3,0,,,,48.2,0,0,0,14.0
1,9,3,0,,,,49.0,0,0,0,70.0
1,10,3,0,,,,60.9,0,0,0,120.0
1,11,3,0,,,,65.3,0,0,0,198.0
1,12,3,0,,,,66.8,0,0,0,275.0
1,13,3,0,,,,64.0,0,0,0,333.0
1,14,3,0,,,,64.9,0,0,0,251.0
1,15,3,0,,,,63.5,0,0,0,65.0
1,16,3,0,,,,66.6,0,0,0,0.0
1,17,3,0,,,,63.1,0,0,0,0.0
1,18,3,0,,,,57.2,0,0,0,0.0
1,19,3,0,,,,50.2,0,0,0,0.0
1,20,3,0,,,,55.0,0,0,0,0.0
1,21,3,0,,,,50.7,0,0,0,0.0
1,22,3,0,,,,46.4,0,0,0,0.0
1,23,3,0,,,,45.5,0,0,0,0.0
1,24,3,0,,,,52.3,0,0,0,0.0
1,1,4,0,,,,46.4,0,0,0,0.0
1,2,4,0,,,,46.2,0,0,0,0.0
1,3,4,0,,,,45.1,0,0,0,0.0
1,4,4,0,,,,46.0,0,0,0,0.0
1,5,4,0,,,,48.4,0,0,0,0.0
1,6,4,0,,,,47.4,0,0,0,0.0
1,7,4,0,,,,44.4,0,0,0,0.0
1,8,4,0,,,,49.6,0,0,0,5.0
1,9,4,0,,,,54.6,0,0,0,31.0
1,10,4,0,,,,60.3,0,0,0,50.0
1,11,4,0,,,,68.2,0,0,0,54.0
1,12,4,0,,,,70.3,0,0,0,52.0
1,13,4,0,,,,73.4,0,0,0,44.0
1,14,4,0,,,,73.5,0,0,0,24.0
1,15,4,0,,,,69.0,0,0,0,3.0
1,16,4,0,,,,68.5,0,0,0,0.0
1,17,4,0,,,,68.5,0,0,0,0.0
1,18,4,0,,,,64.9,0,0,0,0.0
1,19,4,0,,,,57.7,0,0,0,0.0
1,20,4,0,,,,51.7,0,0,0,0.0
1,21,4,0,,,,51.6,0,0,0,0.0
1,22,4,0,,,,51.0,0,0,0,0.0
1,23,4,0,,,,49.5,0,0,0,0.0
1,24,4,0,,,,50.2,0,0,0,0.0
1,1,5,0,,,,53.1,0,0,0,0.0
1,2,5,0,,,,47.9,0,0,0,0.0
1,3,5,0,,,,48.2,0,0,0,0.0
1,4,5,0,,,,52.0,0,0,0,0.0
1,5,5,0,,,,54.2,0,0,0,0.0
1,6,5,0,,,,48.7,0,0,0,0.0
1,7,5,0,,,,49.8,0,0,0,0.0
1,8,5,0,,,,54.2,0,0,0,43.0
1,9,5,0,,,,60.6,0,0,0,134.0
1,10,5,0,,,,63.7,0,0,0,276.0
1,11,5,0,,,,69.2,0,0,0,294.0
1,12,5,0,,,,70.7,0,0,0,278.0
1,13,5,0,,,,65.1,0,0,0,189.0
1,14,5,0,,,,62.4,0,0,0,80.0
1,15,5,0,,,,68.5,0,0,0,10.0
1,16,5,0,,,,72.9,0,0,0,0.0
1,17,5,0,,,,72.3,0,0,0,0.0
1,18,5,0,,,,66.6,0,0,0,0.0
1,19,5,0,,,,64.2,0,0,0,0.0
1,20,5,0,,,,59.6,0,0,0,0.0
1,21,5,0,,,,57.8,0,0,0,0.0
1,22,5,0,,,,53.4,0,0,0,0.0
1,23,5,0,,,,54.2,0,0,0,0.0
1,24,5,0,,,,54.7,0,0,0,0.0
1,1,6,0,,,,55.1,0,0,0,0.0
1,2,6,0,,,,54.2,0,0,0,0.0
1,3,6,0,,,,53.2,0,0,0,0.0
1,4,6,0,,,,53.9,0,0,0,0.0
1,5,6,0,,,,54.4,0,0,0,0.0
1,6,6,0,,,,52.3,0,0,0,0.0
1,7,6,0,,,,52.0,0,0,0,0.0
1,8,6,0,,,,59.4,0,0,0,52.0
1,9,6,0,,,,61.0,0,0,0,144.0
1,10,6,0,,,,63.7,0,0,0,171.0
1,11,6,0,,,,67.1,0,0,0,194.0
1,12,6,0,,,,69.6,0,0,0,198.0
1,13,6,0,,,,68.0,0,0,0,147.0
1,14,6,0,,,,68.1,0,0,0,79.0
1,15,6,0,,,,66.5,0,0,0,21.0
1,16,6,0,,,,66.8,0,0,0,0.0
1,17,6,0,,,,67.5,0,0,0,0.0
1,18,6,0,,,,60.4,0,0,0,0.0
1,19,6,0,,,,53.6,0,0,0,0.0
1,20,6,0,,,,50.8,0,0,0,0.0
1,21,6,0,,,,47.4,0,0,0,0.0
1,22,6,0,,,,46.9,0,0,0,0.0
1,23,6,0,,,,45.6,0,0,0,0.0
1,24,6,0,,,,46.0,0,0,0,0.0
1,1,7,0,,,,46.1,0,0,0,0.0
1,2,7,0,,,,46.8,0,0,0,0.0
1,3,7,0,,,,46.0,0,0,0,0.0
1,4,7,0,,,,46.7,0,0,0,0.0
1,5,7,0,,,,46.4,0,0,0,0.0
1,6,7,0,,,,44.8,0,0,0,0.0
1,7,7,0,,,,45.5,0,0,0,0.0
1,8,7,0,,,,47.3,0,0,0,34.0
1,9,7,0,,,,45.4,0,0,0,126.0
1,10,7,0,,,,46.2,0,0,0,196.0
1,11,7,0,,,,48.2,0,0,0,265.0
1,12,7,0,,,,46.4,0,0,0,228.0
1,13,7,0,,,,46.4,0,0,0,143.0
1,14,7,0,,,,46.8,0,0,0,59.0
1,15,7,0,,,,47.5,0,0,0,8.0
1,16,7,0,,,,49.0,0,0,0,0.0
1,17,7,0,,,,50.5,0,0,0,0.0
1,18,7,0,,,,48.9,0,0,0,0.0
1,19,7,0,,,,48.9,0,0,0,0.0
1,20,7,0,,,,48.9,0,0,0,0.0
1,21,7,0,,,,47.6,0,0,0,0.0
1,22,7,0,,,,46.2,0,0,0,0.0
1,23,7,0,,,,45.0,0,0,0,0.0
1,24,7,0,,,,44.3,0,0,0,0.0
1,1,1,0,,,,43.9,0,0,0,0.0
1,2,1,0,,,,44.6,0,0,0,0.0
1,3,1,0,,,,44.2,0,0,0,0.0
1,4,1,0,,,,43.2,0,0,0,0.0
1,5,1,0,,,,43.6,0,0,0,0.0
1,6,1,0,,,,44.1,0,0,0,0.0
1,7,1,0,,,,43.3,0,0,0,0.0
1,8,1,0,,,,43.2,0,0,0,9.0
1,9,1,0,,,,42.6,0,0,0,51.0
1,10,1,0,,,,41.3,0,0,0,99.0
1,11,1,0,,,,41.1,0,0,0,126.0
1,12,1,0,,,,42.5,0,0,0,128.0
1,13,1,0,,,,44.6,0,0,0,105.0
1,14,1,0,,,,45.3,0,0,0,59.0
1,15,1,0,,,,46.0,0,0,0,7.0
1,16,1,0,,,,47.4,0,0,0,0.0
1,17,1,0,,,,49.2,0,0,0,0.0
1,18,1,0,,,,48.9,0,0,0,0.0
1,19,1,0,,,,50.9,0,0,0,0.0
1,20,1,0,,,,48.6,0,0,0,0.0
1,21,1,0,,,,48.4,0,0,0,0.0
1,22,1,0,,,,48.7,0,0,0,0.0
1,23,1,0,,,,45.4,0,0,0,0.0
1,24,1,0,,,,44.2,0,0,0,0.0
1,1,2,0,,,,43.4,0,0,0,0.0
1,2,2,0,,,,42.6,0,0,0,0.0
1,3,2,0,,,,42.7,0,0,0,0.0
1,4,2,0,,,,44.0,0,0,0,0.0
1,5,2,0,,,,43.5,0,0,0,0.0
1,6,2,0,,,,42.9,0,0,0,0.0
1,7,2,0,,,,43.0,0,0,0,0.0
1,8,2,0,,,,52.0,0,0,0,13.0
1,9,2,0,,,,58.5,0,0,0,66.0
1,10,2,0,,,,68.8,0,0,0,115.0
1,11,2,0,,,,75.0,0,0,0,137.0
1,12,2,0,,,,76.9,0,0,0,132.0
1,13,2,0,,,,76.6,0,0,0,111.0
1,14,2,0,,,,75.2,0,0,0,67.0
1,15,2,0,,,,76.3,0,0,0,13.0
1,16,2,0,,,,75.1,0,0,0,0.0
1,17,2,0,,,,73.6,0,0,0,0.0
1,18,2,0,,,,66.8,0,0,0,0.0
1,19,2,0,,,,56.0,0,0,0,0.0
1,20,2,0,,,,52.6,0,0,0,0.0
1,21,2,0,,,,50.8,0,0,0,0.0
1,22,2,0,,,,48.9,0,0,0,0.0
1,23,2,0,,,,45.9,0,0,0,0.0
1,24,2,0,,,,45.9,0,0,0,0.0
1,1,3,0,,,,46.8,0,0,0,0.0
1,2,3,0,,,,46.9,0,0,0,0.0
1,3,3,0,,,,45.5,0,0,0,0.0
1,4,3,0,,,,46.6,0,0,0,0.0
1,5,3,0,,,,46.2,0,0,0,0.0
1,6,3,0,,,,45.4,0,0,0,0.0
1,7,3,0,,,,47.4,0,0,0,0.0
1,8,3,0,,,,50.0,0,0,0,37.0
1,9,3,0,,,,58.6,0,0,0,144.0
1,10,3,0,,,,68.8,0,0,0,248.0
1,11,3,0,,,,79.8,0,0,0,255.0
1,12,3,0,,,,78.8,0,0,0,245.0
1,13,3,0,,,,82.9,0,0,0,306.0
1,14,3,0,,,,76.6,0,0,0,222.0
1,15,3,0,,,,77.8,0,0,0,35.0
1,16,3,0,,,,74.9,0,0,0,0.0
1,17,3,0,,,,73.7,0,0,0,0.0
1,18,3,0,,,,68.8,0,0,0,0.0
1,19,3,0,,,,63.4,0,0,0,0.0
1,20,3,0,,,,56.1,0,0,0,0.0
1,21,3,0,,,,53.9,0,0,0,0.0
1,22,3,0,,,,50.6,0,0,0,0.0
1,23,3,0,,,,51.2,0,0,0,0.0
1,24,3,0,,,,50.7,0,0,0,0.0
1,1,4,0,,,,49.2,0,0,0,0.0
1,2,4,0,,,,47.2,0,0,0,0.0
1,3,4,0,,,,48.1,0,0,0,0.0
1,4,4,0,,,,47.9,0,0,0,0.0
1,5,4,0,,,,48.6,0,0,0,0.0
1,6,4,0,,,,46.3,0,0,0,0.0
1,7,4,0,,,,46.0,0,0,0,0.0
1,8,4,0,,,,55.2,0,0,0,2.0
1,9,4,0,,,,66.4,0,0,0,17.0
1,10,4,0,,,,75.4,0,0,0,35.0
1,11,4,0,,,,78.0,0,0,0,47.0
1,12,4,0,,,,77.5,0,0,0,53.0
1,13,4,0,,,,76.6,0,0,0,50.0
1,14,4,0,,,,75.3,0,0,0,37.0
1,15,4,0,,,,74.9,0,0,0,10.0
1,16,4,0,,,,75.7,0,0,0,0.0
1,17,4,0,,,,75.5,0,0,0,0.0
1,18,4,0,,,,70.4,0,0,0,0.0
1,19,4,0,,,,59.9,0,0,0,0.0
1,20,4,0,,,,54.3,0,0,0,0.0
1,21,4,0,,,,52.6,0,0,0,0.0
1,22,4,0,,,,50.9,0,0,0,0.0
1,23,4,0,,,,51.2,0,0,0,0.0
1,24,4,0,,,,48.8,0,0,0,0.0
1,1,5,0,,,,49.2,0,0,0,0.0
1,2,5,0,,,,49.0,0,0,0,0.0
1,3,5,0,,,,48.2,0,0,0,0.0
1,4,5,0,,,,45.8,0,0,0,0.0
1,5,5,0,,,,46.6,0,0,0,0.0
1,6,5,0,,,,47.6,0,0,0,0.0
1,7,5,0,,,,46.9,0,0,0,0.0
1,8,5,0,,,,48.5,0,0,0,3.0
1,9,5,0,,,,59.5,0,0,0,18.0
1,10,5,0,,,,70.6,0,0,0,33.0
1,11,5,0,,,,73.1,0,0,0,42.0
1,12,5,0,,,,73.8,0,0,0,42.0
1,13,5,0,,,,75.2,0,0,0,32.0
1,14,5,0,,,,76.2,0,0,0,13.0
1,15,5,0,,,,75.5,0,0,0,0.0
1,16,5,0,,,,75.4,0,0,0,0.0
1,17,5,0,,,,72.2,0,0,0,0.0
1,18,5,0,,,,65.7,0,0,0,0.0
1,19,5,0,,,,58.6,0,0,0,0.0
1,20,5,0,,,,55.6,0,0,0,0.0
1,21,5,0,,,,52.3,0,0,0,0.0
1,22,5,0,,,,49.5,0,0,0,0.0
1,23,5,0,,,,47.6,0,0,0,0.0
1,24,5,0,,,,47.4,0,0,0,0.0
1,1,6,0,,,,48.2,0,0,0,0.0
1,2,6,0,,,,47.7,0,0,0,0.0
1,3,6,0,,,,48.1,0,0,0,0.0
1,4,6,0,,,,47.1,0,0,0,0.0
1,5,6,0,,,,47.8,0,0,0,0.0
1,6,6,0,,,,49.0,0,0,0,0.0
1,7,6,0,,,,48.6,0,0,0,0.0
1,8,6,0,,,,55.5,0,0,0,3.0
1,9,6,0,,,,58.4,0,0,0,37.0
1,10,6,0,,,,68.3,0,0,0,116.0
1,11,6,0,,,,74.8,0,0,0,159.0
1,12,6,0,,,,76.1,0,0,0,144.0
1,13,6,0,,,,73.1,0,0,0,71.0
1,14,6,0,,,,72.5,0,0,0,24.0
1,15,6,0,,,,73.5,0,0,0,3.0
1,16,6,0,,,,72.2,0,0,0,0.0
1,17,6,0,,,,65.1,0,0,0,0.0
1,18,6,0,,,,60.7,0,0,0,0.0
1,19,6,0,,,,54.1,0,0,0,0.0
1,20,6,0,,,,47.6,0,0,0,0.0
1,21,6,0,,,,47.4,0,0,0,0.0
1,22,6,0,,,,44.5,0,0,0,0.0
1,23,6,0,,,,44.9,0,0,0,0.0
1,24,6,0,,,,44.4,0,0,0,0.0
1,1,7,0,,,,43.4,0,0,0,0.0
1,2,7,0,,,,45.5,0,0,0,0.0
1,3,7,0,,,,45.3,0,0,0,0.0
1,4,7,0,,,,45.9,0,0,0,0.0
1,5,7,0,,,,47.6,0,0,0,0.0
1,6,7,0,,,,46.2,0,0,0,0.0
1,7,7,0,,,,46.3,0,0,0,0.0
1,8,7,0,,,,47.4,0,0,0,0.0
1,9,7,0,,,,46.2,0,0,0,6.0
1,10,7,0,,,,45.2,0,0,0,11.0
1,11,7,0,,,,45.4,0,0,0,10.0
1,12,7,0,,,,47.0,0,0,0,9.0
1,13,7,0,,,,45.7,0,0,0,21.0
1,14,7,0,,,,47.0,0,0,0,11.0
1,15,7,0,,,,47.4,0,0,0,1.0
1,16,7,0,,,,46.2,0,0,0,0.0
1,17,7,0,,,,48.6,0,0,0,0.0
1,18,7,0,,,,47.4,0,0,0,0.0
1,19,7,0,,,,47.6,0,0,0,0.0
1,20,7,0,,,,44.9,0,0,0,0.0
1,21,7,0,,,,45.4,0,0,0,0.0
1,22,7,0,,,,44.1,0,0,0,0.0
1,23,7,0,,,,42.0,0,0,0,0.0
1,24,7,0,,,,42.5,0,0,0,0.0
1,1,1,0,,,,42.4,0,0,0,0.0
1,2,1,0,,,,42.4,0,0,0,0.0
1,3,1,0,,,,42.9,0,0,0,0.0
1,4,1,0,,,,42.8,0,0,0,0.0
1,5,1,0,,,,43.4,0,0,0,0.0
1,6,1,0,,,,43.1,0,0,0,0.0
1,7,1,0,,,,40.9,0,0,0,0.0
1,8,1,0,,,,45.2,0,0,0,14.0
1,9,1,0,,,,41.6,0,0,0,62.0
1,10,1,0,,,,42.1,0,0,0,247.0
1,11,1,0,,,,40.9,0,0,0,341.0
1,12,1,0,,,,41.8,0,0,0,443.0
1,13,1,0,,,,41.9,0,0,0,378.0
1,14,1,0,,,,42.8,0,0,0,242.0
1,15,1,0,,,,43.4,0,0,0,62.0
1,16,1,0,,,,46.5,0,0,0,0.0
1,17,1,0,,,,48.2,0,0,0,0.0
1,18,1,0,,,,46.8,0,0,0,0.0
1,19,1,0,,,,46.8,0,0,0,0.0
1,20,1,0,,,,44.4,0,0,0,0.0
1,21,1,0,,,,45.7,0,0,0,0.0
1,22,1,0,,,,45.9,0,0,0,0.0
1,23,1,0,,,,47.7,0,0,0,0.0
1,24,1,0,,,,46.4,0,0,0,0.0
1,1,2,0,,,,45.6,0,0,0,0.0
1,2,2,0,,,,45.5,0,0,0,0.0
1,3,2,0,,,,43.7,0,0,0,0.0
1,4,2,0,,,,45.5,0,0,0,0.0
1,5,2,0,,,,44.2,0,0,0,0.0
1,6,2,0,,,,45.1,0,0,0,0.0
1,7,2,0,,,,44.0,0,0,0,0.0
1,8,2,0,,,,53.0,0,0,0,1.0
1,9,2,0,,,,60.6,0,0,0,15.0
1,10,2,0,,,,72.5,0,0,0,29.0
1,11,2,0,,,,82.1,0,0,0,42.0
1,12,2,0,,,,79.5,0,0,0,50.0
1,13,2,0,,,,78.5,0,0,0,46.0
1,14,2,0,,,,74.0,0,0,0,24.0
1,15,2,0,,,,76.4,0,0,0,2.0
1,16,2,0,,,,75.5,0,0,0,0.0
1,17,2,0,,,,75.2,0,0,0,0.0
1,18,2,0,,,,65.3,0,0,0,0.0
1,19,2,0,,,,54.7,0,0,0,0.0
1,20,2,0,,,,48.1,0,0,0,0.0
1,21,2,0,,,,47.4,0,0,0,0.0
1,22,2,0,,,,45.2,0,0,0,0.0
1,23,2,0,,,,44.6,0,0,0,0.0
1,24,2,0,,,,44.6,0,0,0,0.0
1,1,3,0,,,,45.4,0,0,0,0.0
1,2,3,0,,,,43.9,0,0,0,0.0
1,3,3,0,,,,44.2,0,0,0,0.0
1,4,3,0,,,,45.1,0,0,0,0.0
1,5,3,0,,,,44.8,0,0,0,0.0
1,6,3,0,,,,44.1,0,0,0,0.0
1,7,3,0,,,,43.0,0,0,0,0.0
1,8,3,0,,,,48.4,0,0,0,30.0
1,9,3,0,,,,56.4,0,0,0,98.0
1,10,3,0,,,,70.1,0,0,0,141.0
1,11,3,0,,,,72.1,0,0,0,161.0
1,12,3,0,,,,74.8,0,0,0,163.0
1,13,3,0,,,,74.4,0,0,0,169.0
1,14,3,0,,,,73.7,0,0,0,100.0
1,15,3,0,,,,80.2,0,0,0,24.0
1,16,3,0,,,,76.6,0,0,0,0.0
1,17,3,0,,,,74.3,0,0,0,0.0
1,18,3,0,,,,64.9,0,0,0,0.0
1,19,3,0,,,,59.6,0,0,0,0.0
1,20,3,0,,,,52.4,0,0,0,0.0
1,21,3,0,,,,50.7,0,0,0,0.0
1,22,3,0,,,,48.4,0,0,0,0.0
1,23,3,0,,,,45.1,0,0,0,0.0
1,24,3,0,,,,45.1,0,0,0,0.0
1,1,4,0,,,,45.0,0,0,0,0.0
1,2,4,0,,,,45.4,0,0,0,0.0
1,3,4,0,,,,45.6,0,0,0,0.0
1,4,4,0,,,,50.2,0,0,0,0.0
1,5,4,0,,,,46.3,0,0,0,0.0
1,6,4,0,,,,47.8,0,0,0,0.0
1,7,4,0,,,,45.7,0,0,0,0.0
1,8,4,0,,,,57.3,0,0,0,8.0
1,9,4,0,,,,63.1,0,0,0,27.0
1,10,4,0,,,,67.5,0,0,0,46.0
1,11,4,0,,,,81.5,0,0,0,54.0
1,12,4,0,,,,85.5,0,0,0,54.0
1,13,4,0,,,,79.8,0,0,0,47.0
1,14,4,0,,,,80.1,0,0,0,31.0
1,15,4,0,,,,79.5,0,0,0,9.0
1,16,4,0,,,,76.3,0,0,0,0.0
1,17,4,0,,,,72.0,0,0,0,0.0
1,18,4,0,,,,65.9,0,0,0,0.0
1,19,4,0,,,,59.9,0,0,0,0.0
1,20,4,0,,,,53.5,0,0,0,0.0
1,21,4,0,,,,56.5,0,0,0,0.0
1,22,4,0,,,,52.4,0,0,0,0.0
1,23,4,0,,,,50.8,0,0,0,0.0
1,24,4,0,,,,47.2,0,0,0,0.0
1,1,5,0,,,,47.3,0,0,0,0.0
1,2,5,0,,,,47.1,0,0,0,0.0
1,3,5,0,,,,46.1,0,0,0,0.0
1,4,5,0,,,,47.1,0,0,0,0.0
1,5,5,0,,,,46.9,0,0,0,0.0
1,6,5,0,,,,47.5,0,0,0,0.0
1,7,5,0,,,,45.1,0,0,0,0.0
1,8,5,0,,,,50.6,0,0,0,54.0
1,9,5,0,,,,59.8,0,0,0,155.0
1,10,5,0,,,,72.2,0,0,0,246.0
1,11,5,0,,,,75.2,0,0,0,371.0
1,12,5,0,,,,75.6,0,0,0,374.0
1,13,5,0,,,,74.1,0,0,0,321.0
1,14,5,0,,,,72.2,0,0,0,230.0
1,15,5,0,,,,74.9,0,0,0,75.0
1,16,5,0,,,,73.7,0,0,0,0.0
1,17,5,0,,,,67.1,0,0,0,0.0
1,18,5,0,,,,59.5,0,0,0,0.0
1,19,5,0,,,,55.8,0,0,0,0.0
1,20,5,0,,,,53.1,0,0,0,0.0
1,21,5,0,,,,48.4,0,0,0,0.0
1,22,5,0,,,,46.6,0,0,0,0.0
1,23,5,0,,,,45.1,0,0,0,0.0
1,24,5,0,,,,44.6,0,0,0,0.0
1,1,6,0,,,,43.2,0,0,0,0.0
1,2,6,0,,,,43.2,0,0,0,0.0
1,3,6,0,,,,42.1,0,0,0,0.0
1,4,6,0,,,,43.4,0,0,0,0.0
1,5,6,0,,,,42.8,0,0,0,0.0
1,6,6,0,,,,42.8,0,0,0,0.0
1,7,6,0,,,,42.5,0,0,0,0.0
1,8,6,0,,,,49.0,0,0,0,0.0
1,9,6,0,,,,58.7,0,0,0,6.0
1,10,6,0,,,,66.5,0,0,0,10.0
1,11,6,0,,,,72.2,0,0,0,15.0
1,12,6,0,,,,72.7,0,0,0,21.0
1,13,6,0,,,,76.5,0,0,0,23.0
1,14,6,0,,,,73.3,0,0,0,10.0
1,15,6,0,,,,74.3,0,0,0,0.0
1,16,6,0,,,,72.4,0,0,0,0.0
1,17,6,0,,,,69.7,0,0,0,0.0
1,18,6,0,,,,63.1,0,0,0,0.0
1,19,6,0,,,,55.0,0,0,0,0.0
1,20,6,0,,,,50.3,0,0,0,0.0
1,21,6,0,,,,46.1,0,0,0,0.0
1,22,6,0,,,,45.8,0,0,0,0.0
1,23,6,0,,,,45.6,0,0,0,0.0
1,24,6,0,,,,46.0,0,0,0,0.0
1,1,7,0,,,,45.5,0,0,0,0.0
1,2,7,0,,,,45.0,0,0,0,0.0
1,3,7,0,,,,43.8,0,0,0,0.0
1,4,7,0,,,,45.1,0,0,0,0.0
1,5,7,0,,,,44.0,0,0,0,0.0
1,6,7,0,,,,44.6,0,0,0,0.0
1,7,7,0,,,,45.5,0,0,0,0.0
1,8,7,0,,,,46.1,0,0,0,10.0
1,9,7,0,,,,45.0,0,0,0,46.0
1,10,7,0,,,,44.5,0,0,0,94.0
1,11,7,0,,,,46.2,0,0,0,133.0
1,12,7,0,,,,45.4,0,0,0,153.0
1,13,7,0,,,,44.7,0,0,0,117.0
1,14,7,0,,,,43.5,0,0,0,88.0
1,15,7,0,,,,44.3,0,0,0,20.0
1,16,7,0,,,,46.3,0,0,0,0.0
1,17,7,0,,,,48.3,0,0,0,0.0
1,18,7,0,,,,47.2,0,0,0,0.0
1,19,7,0,,,,49.3,0,0,0,0.0
1,20,7,0,,,,47.1,0,0,0,0.0
1,21,7,0,,,,44.5,0,0,0,0.0
1,22,7,0,,,,43.7,0,0,0,0.0
1,23,7,0,,,,43.9,0,0,0,0.0
1,24,7,0,,,,44.0,0,0,0,0.0
1,1,1,0,,,,43.7,0,0,0,0.0
1,2,1,0,,,,43.4,0,0,0,0.0
1,3,1,0,,,,41.6,0,0,0,0.0
1,4,1,0,,,,41.8,0,0,0,0.0
1,5,1,0,,,,43.9,0,0,0,0.0
1,6,1,0,,,,42.6,0,0,0,0.0
1,7,1,0,,,,43.2,0,0,0,0.0
1,8,1,0,,,,43.1,0,0,0,43.0
1,9,1,0,,,,42.0,0,0,0,142.0
1,10,1,0,,,,42.0,0,0,0,367.0
1,11,1,0,,,,43.6,0,0,0,574.0
1,12,1,0,,,,44.1,0,0,0,630.0
1,13,1,0,,,,46.4,0,0,0,488.0
1,14,1,0,,,,46.6,0,0,0,247.0
1,15,1,0,,,,48.0,0,0,0,43.0
1,16,1,0,,,,48.2,0,0,0,0.0
1,17,1,0,,,,49.6,0,0,0,0.0
1,18,1,0,,,,49.8,0,0,0,0.0
1,19,1,0,,,,51.1,0,0,0,0.0
1,20,1,0,,,,46.8,0,0,0,0.0
1,21,1,0,,,,46.2,0,0,0,0.0
1,22,1,0,,,,46.0,0,0,0,0.0
1,23,1,0,,,,45.5,0,0,0,0.0
1,24,1,0,,,,44.4,0,0,0,0.0
1,1,2,0,,,,41.7,0,0,0,0.0
1,2,2,0,,,,43.4,0,0,0,0.0
1,3,2,0,,,,44.6,0,0,0,0.0
1,4,2,0,,,,43.1,0,0,0,0.0
1,5,2,0,,,,44.0,0,0,0,0.0
1,6,2,0,,,,44.6,0,0,0,0.0
1,7,2,0,,,,45.0,0,0,0,0.0
1,8,2,0,,,,51.5,0,0,0,38.0
1,9,2,0,,,,66.8,0,0,0,152.0
1,10,2,0,,,,74.0,0,0,0,301.0
1,11,2,0,,,,78.5,0,0,0,424.0
1,12,2,0,,,,83.5,0,0,0,514.0
1,13,2,0,,,,84.5,0,0,0,400.0
1,14,2,0,,,,84.5,0,0,0,205.0
1,15,2,0,,,,84.7,0,0,0,95.0
1,16,2,0,,,,82.9,0,0,0,0.0
1,17,2,0,,,,80.8,0,0,0,0.0
1,18,2,0,,,,73.0,0,0,0,0.0
1,19,2,0,,,,65.2,0,0,0,0.0
1,20,2,0,,,,59.1,0,0,0,0.0
1,21,2,0,,,,55.1,0,0,0,0.0
1,22,2,0,,,,54.4,0,0,0,0.0
1,23,2,0,,,,51.7,0,0,0,0.0
1,24,2,0,,,,52.4,0,0,0,0.0
1,1,3,0,,,,53.1,0,0,0,0.0
1,2,3,0,,,,52.7,0,0,0,0.0
1,3,3,0,,,,52.9,0,0,0,0.0
1,4,3,0,,,,52.3,0,0,0,0.0
1,5,3,0,,,,53.1,0,0,0,0.0
1,6,3,0,,,,53.8,0,0,0,0.0
1,7,3,0,,,,53.7,0,0,0,0.0
1,8,3,0,,,,57.0,0,0,0,186.0
1,9,3,0,,,,64.8,0,0,0,595.0
1,10,3,0,,,,70.8,0,0,0,805.0
1,11,3,0,,,,74.0,0,0,0,836.0
1,12,3,0,,,,72.2,0,0,0,824.0
1,13,3,0,,,,72.2,0,0,0,766.0
1,14,3,0,,,,71.6,0,0,0,629.0
1,15,3,0,,,,74.8,0,0,0,325.0
1,16,3,0,,,,75.3,0,0,0,2.0
1,17,3,0,,,,75.9,0,0,0,0.0
1,18,3,0,,,,69.0,0,0,0,0.0
1,19,3,0,,,,62.8,0,0,0,0.0
1,20,3,0,,,,56.9,0,0,0,0.0
1,21,3,0,,,,55.7,0,0,0,0.0
1,22,3,0,,,,53.9,0,0,0,0.0
1,23,3,0,,,,51.0,0,0,0,0.0
1,24,3,0,,,,51.0,0,0,0,0.0
1,1,4,0,,,,51.2,0,0,0,0.0
1,2,4,0,,,,49.7,0,0,0,0.0
1,3,4,0,,,,49.4,0,0,0,0.0
1,4,4,0,,,,49.5,0,0,0,0.0
1,5,4,0,,,,49.8,0,0,0,0.0
1,6,4,0,,,,49.6,0,0,0,0.0
1,7,4,0,,,,49.7,0,0,0,0.0
1,8,4,0,,,,52.5,0,0,0,2.0
1,9,4,0,,,,60.8,0,0,0,8.0
1,10,4,0,,,,70.5,0,0,0,45.0
1,11,4,0,,,,77.4,0,0,0,202.0
1,12,4,0,,,,77.0,0,0,0,429.0
1,13,4,0,,,,75.9,0,0,0,278.0
1,14,4,0,,,,77.1,0,0,0,118.0
1,15,4,0,,,,77.0,0,0,0,20.0
1,16,4,0,,,,78.2,0,0,0,0.0
1,17,4,0,,,,73.2,0,0,0,0.0
1,18,4,0,,,,67.8,0,0,0,0.0
1,19,4,0,,,,62.3,0,0,0,0.0
1,20,4,0,,,,55.3,0,0,0,0.0
1,21,4,0,,,,51.0,0,0,0,0.0
1,22,4,0,,,,49.2,0,0,0,0.0
1,23,4,0,,,,49.2,0,0,0,0.0
1,24,4,0,,,,49.1,0,0,0,0.0
1,1,5,0,,,,52.2,0,0,0,0.0
1,2,5,0,,,,49.7,0,0,0,0.0
1,3,5,0,,,,47.6,0,0,0,0.0
1,4,5,0,,,,48.1,0,0,0,0.0
1,5,5,0,,,,48.2,0,0,0,0.0
1,6,5,0,,,,49.0,0,0,0,0.0
1,7,5,0,,,,49.4,0,0,0,0.0
1,8,5,0,,,,52.8,0,0,0,7.0
1,9,5,0,,,,60.8,0,0,0,25.0
1,10,5,0,,,,67.5,0,0,0,51.0
1,11,5,0,,,,79.6,0,0,0,62.0
1,12,5,0,,,,76.4,0,0,0,70.0
1,13,5,0,,,,71.8,0,0,0,207.0
1,14,5,0,,,,72.4,0,0,0,214.0
1,15,5,0,,,,71.0,0,0,0,20.0
1,16,5,0,,,,73.6,0,0,0,0.0
1,17,5,0,,,,77.7,0,0,0,0.0
1,18,5,0,,,,70.5,0,0,0,0.0
1,19,5,0,,,,58.6,0,0,0,0.0
1,20,5,0,,,,50.2,0,0,0,0.0
1,21,5,0,,,,47.2,0,0,0,0.0
1,22,5,0,,,,47.0,0,0,0,0.0
1,23,5,0,,,,46.2,0,0,0,0.0
1,24,5,0,,,,45.4,0,0,0,0.0
1,1,6,0,,,,45.7,0,0,0,0.0
1,2,6,0,,,,43.8,0,0,0,0.0
1,3,6,0,,,,44.6,0,0,0,0.0
1,4,6,0,,,,46.7,0,0,0,0.0
1,5,6,0,,,,45.5,0,0,0,0.0
1,6,6,0,,,,46.1,0,0,0,0.0
1,7,6,0,,,,47.2,0,0,0,0.0
1,8,6,0,,,,52.0,0,0,0,5.0
1,9,6,0,,,,59.2,0,0,0,14.0
1,10,6,0,,,,66.9,0,0,0,43.0
1,11,6,0,,,,73.0,0,0,0,107.0
1,12,6,0,,,,69.8,0,0,0,229.0
1,13,6,0,,,,72.8,0,0,0,304.0
1,14,6,0,,,,74.3,0,0,0,188.0
1,15,6,0,,,,76.8,0,0,0,73.0
1,16,6,0,,,,75.2,0,0,0,0.0
1,17,6,0,,,,67.8,0,0,0,0.0
1,18,6,0,,,,62.4,0,0,0,0.0
1,19,6,0,,,,62.8,0,0,0,0.0
1,20,6,0,,,,60.2,0,0,0,0.0
1,21,6,0,,,,54.7,0,0,0,0.0
1,22,6,0,,,,51.7,0,0,0,0.0
1,23,6,0,,,,52.3,0,0,0,0.0
1,24,6,0,,,,51.6,0,0,0,0.0
1,1,7,0,,,,52.6,0,0,0,0.0
1,2,7,0,,,,51.2,0,0,0,0.0
1,3,7,0,,,,49.5,0,0,0,0.0
1,4,7,0,,,,52.1,0,0,0,0.0
1,5,7,0,,,,50.8,0,0,0,0.0
1,6,7,0,,,,51.4,0,0,0,0.0
1,7,7,0,,,,51.0,0,0,0,0.0
1,8,7,0,,,,50.8,0,0,0,151.0
1,9,7,0,,,,50.5,0,0,0,481.0
1,10,7,0,,,,49.2,0,0,0,669.0
1,11,7,0,,,,49.1,0,0,0,756.0
1,12,7,0,,,,48.1,0,0,0,699.0
1,13,7,0,,,,48.4,0,0,0,572.0
1,14,7,0,,,,48.3,0,0,0,344.0
1,15,7,0,,,,49.4,0,0,0,130.0
1,16,7,0,,,,50.6,0,0,0,2.0
1,17,7,0,,,,51.8,0,0,0,0.0
1,18,7,0,,,,53.8,0,0,0,0.0
1,19,7,0,,,,53.0,0,0,0,0.0
1,20,7,0,,,,51.8,0,0,0,0.0
1,21,7,0,,,,52.8,0,0,0,0.0
1,22,7,0,,,,52.0,0,0,0,0.0
1,23,7,0,,,,52.5,0,0,0,0.0
1,24,7,0,,,,53.0,0,0,0,0.0
1,1,1,0,,,,54.4,0,0,0,0.0
1,2,1,0,,,,53.0,0,0,0,0.0
1,3,1,0,,,,53.4,0,0,0,0.0
1,4,1,0,,,,52.4,0,0,0,0.0
1,5,1,0,,,,53.0,0,0,0,0.0
1,6,1,0,,,,53.3,0,0,0,0.0
1,7,1,0,,,,53.7,0,0,0,0.0
1,8,1,0,,,,53.2,0,0,0,55.0
1,9,1,0,,,,51.2,0,0,0,197.0
1,10,1,0,,,,48.8,0,0,0,326.0
1,11,1,0,,,,48.8,0,0,0,356.0
1,12,1,0,,,,49.8,0,0,0,279.0
1,13,1,0,,,,49.3,0,0,0,203.0
1,14,1,0,,,,50.2,0,0,0,134.0
1,15,1,0,,,,49.0,0,0,0,63.0
1,16,1,0,,,,51.3,0,0,0,0.0
1,17,1,0,,,,50.4,0,0,0,0.0
1,18,1,0,,,,49.6,0,0,0,0.0
1,19,1,0,,,,47.4,0,0,0,0.0
1,20,1,0,,,,48.1,0,0,0,0.0
1,21,1,0,,,,46.2,0,0,0,0.0
1,22,1,0,,,,46.7,0,0,0,0.0
1,23,1,0,,,,46.8,0,0,0,0.0
1,24,1,0,,,,47.1,0,0,0,0.0
2,1,2,0,,,,46.7,0,0,0,0.0
2,2,2,0,,,,45.9,0,0,0,0.0
2,3,2,0,,,,46.4,0,0,0,0.0
2,4,2,0,,,,45.3,0,0,0,0.0
2,5,2,0,,,,45.8,0,0,0,0.0
2,6,2,0,,,,46.2,0,0,0,0.0
2,7,2,0,,,,46.6,0,0,0,3.0
2,8,2,0,,,,51.8,0,0,0,207.0
2,9,2,0,,,,61.2,0,0,0,575.0
2,10,2,0,,,,70.5,0,0,0,702.0
2,11,2,0,,,,76.0,0,0,0,758.0
2,12,2,0,,,,76.1,0,0,0,764.0
2,13,2,0,,,,75.2,0,0,0,689.0
2,14,2,0,,,,74.6,0,0,0,452.0
2,15,2,0,,,,77.9,0,0,0,183.0
2,16,2,0,,,,76.0,0,0,0,6.0
2,17,2,0,,,,73.0,0,0,0,0.0
2,18,2,0,,,,67.2,0,0,0,0.0
2,19,2,0,,,,60.8,0,0,0,0.0
2,20,2,0,,,,59.5,0,0,0,0.0
2,21,2,0,,,,56.8,0,0,0,0.0
2,22,2,0,,,,53.2,0,0,0,0.0
2,23,2,0,,,,49.5,0,0,0,0.0
2,24,2,0,,,,49.8,0,0,0,0.0
2,1,3,0,,,,48.4,0,0,0,0.0
2,2,3,0,,,,48.9,0,0,0,0.0
2,3,3,0,,,,48.0,0,0,0,0.0
2,4,3,0,,,,48.8,0,0,0,0.0
2,5,3,0,,,,48.2,0,0,0,0.0
2,6,3,0,,,,48.6,0,0,0,0.0
2,7,3,0,,,,47.5,0,0,0,0.0
2,8,3,0,,,,52.3,0,0,0,2.0
2,9,3,0,,,,57.4,0,0,0,16.0
2,10,3,0,,,,65.7,0,0,0,53.0
2,11,3,0,,,,70.8,0,0,0,97.0
2,12,3,0,,,,73.1,0,0,0,73.0
2,13,3,0,,,,78.8,0,0,0,50.0
2,14,3,0,,,,76.3,0,0,0,48.0
2,15,3,0,,,,74.6,0,0,0,25.0
2,16,3,0,,,,75.7,0,0,0,0.0
2,17,3,0,,,,74.8,0,0,0,0.0
2,18,3,0,,,,69.5,0,0,0,0.0
2,19,3,0,,,,57.6,0,0,0,0.0
2,20,3,0,,,,50.7,0,0,0,0.0
2,21,3,0,,,,49.4,0,0,0,0.0
2,22,3,0,,,,51.3,0,0,0,0.0
2,23,3,0,,,,49.6,0,0,0,0.0
2,24,3,0,,,,50.1,0,0,0,0.0
2,1,4,0,,,,49.4,0,0,0,0.0
2,2,4,0,,,,49.8,0,0,0,0.0
2,3,4,0,,,,50.8,0,0,0,0.0
2,4,4,0,,,,50.6,0,0,0,0.0
2,5,4,0,,,,50.6,0,0,0,0.0
2,6,4,0,,,,50.7,0,0,0,0.0
2,7,4,0,,,,50.3,0,0,0,1.0
2,8,4,0,,,,53.1,0,0,0,64.0
2,9,4,0,,,,65.2,0,0,0,143.0
2,10,4,0,,,,68.0,0,0,0,224.0
2,11,4,0,,,,73.1,0,0,0,325.0
2,12,4,0,,,,72.2,0,0,0,352.0
2,13,4,0,,,,74.1,0,0,0,270.0
2,14,4,0,,,,75.6,0,0,0,133.0
2,15,4,0,,,,76.8,0,0,0,32.0
2,16,4,0,,,,77.1,0,0,0,0.0
2,17,4,0,,,,72.3,0,0,0,0.0
2,18,4,0,,,,67.1,0,0,0,0.0
2,19,4,0,,,,58.7,0,0,0,0.0
2,20,4,0,,,,50.5,0,0,0,0.0
2,21,4,0,,,,47.9,0,0,0,0.0
2,22,4,0,,,,48.0,0,0,0,0.0
2,23,4,0,,,,46.0,0,0,0,0.0
2,24,4,0,,,,45.6,0,0,0,0.0
2,1,5,0,,,,46.4,0,0,0,0.0
2,2,5,0,,,,45.1,0,0,0,0.0
2,3,5,0,,,,45.6,0,0,0,0.0
2,4,5,0,,,,45.9,0,0,0,0.0
2,5,5,0,,,,45.8,0,0,0,0.0
2,6,5,0,,,,47.0,0,0,0,0.0
2,7,5,0,,,,46.1,0,0,0,0.0
2,8,5,0,,,,49.3,0,0,0,8.0
2,9,5,0,,,,57.8,0,0,0,40.0
2,10,5,0,,,,65.2,0,0,0,104.0
2,11,5,0,,,,76.3,0,0,0,177.0
2,12,5,0,,,,72.2,0,0,0,145.0
2,13,5,0,,,,70.5,0,0,0,75.0
2,14,5,0,,,,68.2,0,0,0,31.0
2,15,5,0,,,,69.8,0,0,0,11.0
2,16,5,0,,,,72.0,0,0,0,0.0
2,17,5,0,,,,69.1,0,0,0,0.0
2,18,5,0,,,,63.1,0,0,0,0.0
2,19,5,0,,,,55.7,0,0,0,0.0
2,20,5,0,,,,49.9,0,0,0,0.0
2,21,5,0,,,,47.0,0,0,0,0.0
2,22,5,0,,,,47.4,0,0,0,0.0
2,23,5,0,,,,45.6,0,0,0,0.0
2,24,5,0,,,,43.1,0,0,0,0.0
2,1,6,0,,,,49.8,0,0,0,0.0
2,2,6,0,,,,49.4,0,0,0,0.0
2,3,6,0,,,,49.2,0,0,0,0.0
2,4,6,0,,,,49.5,0,0,0,0.0
2,5,6,0,,,,44.4,0,0,0,0.0
2,6,6,0,,,,46.0,0,0,0,0.0
2,7,6,0,,,,43.9,0,0,0,0.0
2,8,6,0,,,,50.2,0,0,0,6.0
2,9,6,0,,,,57.4,0,0,0,27.0
2,10,6,0,,,,66.6,0,0,0,54.0
2,11,6,0,,,,70.6,0,0,0,90.0
2,12,6,0,,,,69.6,0,0,0,146.0
2,13,6,0,,,,70.8,0,0,0,225.0
2,14,6,0,,,,71.0,0,0,0,215.0
2,15,6,0,,,,70.8,0,0,0,91.0
2,16,6,0,,,,72.0,0,0,0,5.0
2,17,6,0,,,,66.9,0,0,0,0.0
2,18,6,0,,,,63.1,0,0,0,0.0
2,19,6,0,,,,50.8,0,0,0,0.0
2,20,6,0,,,,47.0,0,0,0,0.0
2,21,6,0,,,,43.9,0,0,0,0.0
2,22,6,0,,,,45.2,0,0,0,0.0
2,23,6,0,,,,44.8,0,0,0,0.0
2,24,6,0,,,,43.9,0,0,0,0.0
2,1,7,0,,,,45.1,0,0,0,0.0
2,2,7,0,,,,46.6,0,0,0,0.0
2,3,7,0,,,,45.1,0,0,0,0.0
2,4,7,0,,,,45.7,0,0,0,0.0
2,5,7,0,,,,41.9,0,0,0,0.0
2,6,7,0,,,,42.6,0,0,0,0.0
2,7,7,0,,,,42.4,0,0,0,0.0
2,8,7,0,,,,41.5,0,0,0,35.0
2,9,7,0,,,,41.0,0,0,0,108.0
2,10,7,0,,,,41.5,0,0,0,237.0
2,11,7,0,,,,43.9,0,0,0,288.0
2,12,7,0,,,,47.5,0,0,0,294.0
2,13,7,0,,,,41.6,0,0,0,258.0
2,14,7,0,,,,42.1,0,0,0,171.0
2,15,7,0,,,,44.5,0,0,0,72.0
2,16,7,0,,,,46.5,0,0,0,2.0
2,17,7,0,,,,46.4,0,0,0,0.0
2,18,7,0,,,,45.8,0,0,0,0.0
2,19,7,0,,,,43.7,0,0,0,0.0
2,20,7,0,,,,41.2,0,0,0,0.0
2,21,7,0,,,,41.8,0,0,0,0.0
2,22,7,0,,,,41.2,0,0,0,0.0
2,23,7,0,,,,41.6,0,0,0,0.0
2,24,7,0,,,,40.0,0,0,0,0.0
2,1,1,0,,,,40.4,0,0,0,0.0
2,2,1,0,,,,41.2,0,0,0,0.0
2,3,1,0,,,,40.3,0,0,0,0.0
2,4,1,0,,,,40.3,0,0,0,0.0
2,5,1,0,,,,41.0,0,0,0,0.0
2,6,1,0,,,,41.1,0,0,0,0.0
2,7,1,0,,,,42.0,0,0,0,1.0
2,8,1,0,,,,44.4,0,0,0,54.0
2,9,1,0,,,,39.0,0,0,0,155.0
2,10,1,0,,,,39.5,0,0,0,313.0
2,11,1,0,,,,39.6,0,0,0,315.0
2,12,1,0,,,,40.8,0,0,0,327.0
2,13,1,0,,,,41.0,0,0,0,223.0
2,14,1,0,,,,45.6,0,0,0,175.0
2,15,1,0,,,,49.0,0,0,0,81.0
2,16,1,0,,,,49.6,0,0,0,4.0
2,17,1,0,,,,52.6,0,0,0,0.0
2,18,1,0,,,,48.1,0,0,0,0.0
2,19,1,0,,,,43.0,0,0,0,0.0
2,20,1,0,,,,43.1,0,0,0,0.0
2,21,1,0,,,,45.4,0,0,0,0.0
2,22,1,0,,,,47.1,0,0,0,0.0
2,23,1,0,,,,45.6,0,0,0,0.0
2,24,1,0,,,,45.6,0,0,0,0.0
2,1,2,0,,,,46.4,0,0,0,0.0
2,2,2,0,,,,47.3,0,0,0,0.0
2,3,2,0,,,,46.4,0,0,0,0.0
2,4,2,0,,,,44.4,0,0,0,0.0
2,5,2,0,,,,42.4,0,0,0,0.0
2,6,2,0,,,,45.2,0,0,0,0.0
2,7,2,0,,,,43.1,0,0,0,2.0
2,8,2,0,,,,47.9,0,0,0,62.0
2,9,2,0,,,,56.1,0,0,0,176.0
2,10,2,0,,,,65.8,0,0,0,211.0
2,11,2,0,,,,73.4,0,0,0,198.0
2,12,2,0,,,,80.2,0,0,0,224.0
2,13,2,0,,,,79.2,0,0,0,204.0
2,14,2,0,,,,79.0,0,0,0,173.0
2,15,2,0,,,,82.2,0,0,0,103.0
2,16,2,0,,,,81.0,0,0,0,12.0
2,17,2,0,,,,76.0,0,0,0,0.0
2,18,2,0,,,,71.3,0,0,0,0.0
2,19,2,0,,,,65.8,0,0,0,0.0
2,20,2,0,,,,60.9,0,0,0,0.0
2,21,2,0,,,,55.3,0,0,0,0.0
2,22,2,0,,,,54.9,0,0,0,0.0
2,23,2,0,,,,54.9,0,0,0,0.0
2,24,2,0,,,,53.4,0,0,0,0.0
2,1,3,0,,,,52.8,0,0,0,0.0
2,2,3,0,,,,52.2,0,0,0,0.0
2,3,3,0,,,,54.1,0,0,0,0.0
2,4,3,0,,,,52.7,0,0,0,0.0
2,5,3,0,,,,53.9,0,0,0,0.0
2,6,3,0,,,,52.8,0,0,0,0.0
2,7,3,0,,,,52.7,0,0,0,12.0
2,8,3,0,,,,54.5,0,0,0,94.0
2,9,3,0,,,,62.6,0,0,0,174.0
2,10,3,0,,,,68.2,0,0,0,255.0
2,11,3,0,,,,70.3,0,0,0,387.0
2,12,3,0,,,,70.1,0,0,0,566.0
2,13,3,0,,,,71.7,0,0,0,598.0
2,14,3,0,,,,68.9,0,0,0,539.0
2,15,3,0,,,,69.2,0,0,0,353.0
2,16,3,0,,,,69.7,0,0,0,55.0
2,17,3,0,,,,66.8,0,0,0,0.0
2,18,3,0,,,,61.5,0,0,0,0.0
2,19,3,0,,,,57.6,0,0,0,0.0
2,20,3,0,,,,53.4,0,0,0,0.0
2,21,3,0,,,,46.9,0,0,0,0.0
2,22,3,0,,,,44.6,0,0,0,0.0
2,23,3,0,,,,44.2,0,0,0,0.0
2,24,3,0,,,,44.9,0,0,0,0.0
2,1,4,0,,,,44.3,0,0,0,0.0
2,2,4,0,,,,44.8,0,0,0,0.0
2,3,4,0,,,,44.1,0,0,0,0.0
2,4,4,0,,,,45.1,0,0,0,0.0
2,5,4,0,,,,46.0,0,0,0,0.0
2,6,4,0,,,,44.9,0,0,0,0.0
2,7,4,0,,,,45.5,0,0,0,28.0
2,8,4,0,,,,50.7,0,0,0,154.0
2,9,4,0,,,,60.4,0,0,0,259.0
2,10,4,0,,,,66.4,0,0,0,322.0
2,11,4,0,,,,70.2,0,0,0,325.0
2,12,4,0,,,,70.7,0,0,0,343.0
2,13,4,0,,,,70.8,0,0,0,309.0
2,14,4,0,,,,70.5,0,0,0,214.0
2,15,4,0,,,,74.2,0,0,0,109.0
2,16,4,0,,,,75.3,0,0,0,15.0
2,17,4,0,,,,70.3,0,0,0,0.0
2,18,4,0,,,,66.6,0,0,0,0.0
2,19,4,0,,,,60.1,0,0,0,0.0
2,20,4,0,,,,54.2,0,0,0,0.0
2,21,4,0,,,,51.1,0,0,0,0.0
2,22,4,0,,,,50.9,0,0,0,0.0
2,23,4,0,,,,47.4,0,0,0,0.0
2,24,4,0,,,,48.0,0,0,0,0.0
2,1,5,0,,,,46.8,0,0,0,0.0
2,2,5,0,,,,48.1,0,0,0,0.0
2,3,5,0,,,,48.5,0,0,0,0.0
2,4,5,0,,,,48.8,0,0,0,0.0
2,5,5,0,,,,48.0,0,0,0,0.0
2,6,5,0,,,,48.8,0,0,0,0.0
2,7,5,0,,,,48.7,0,0,0,22.0
2,8,5,0,,,,50.0,0,0,0,148.0
2,9,5,0,,,,57.8,0,0,0,468.0
2,10,5,0,,,,64.1,0,0,0,691.0
2,11,5,0,,,,71.5,0,0,0,700.0
2,12,5,0,,,,76.0,0,0,0,842.0
2,13,5,0,,,,76.0,0,0,0,840.0
2,14,5,0,,,,76.3,0,0,0,747.0
2,15,5,0,,,,74.5,0,0,0,525.0
2,16,5,0,,,,72.2,0,0,0,144.0
2,17,5,0,,,,69.8,0,0,0,0.0
2,18,5,0,,,,66.1,0,0,0,0.0
2,19,5,0,,,,62.4,0,0,0,0.0
2,20,5,0,,,,56.5,0,0,0,0.0
2,21,5,0,,,,52.0,0,0,0,0.0
2,22,5,0,,,,51.4,0,0,0,0.0
2,23,5,0,,,,51.5,0,0,0,0.0
2,24,5,0,,,,50.6,0,0,0,0.0
2,1,6,0,,,,50.4,0,0,0,0.0
2,2,6,0,,,,51.1,0,0,0,0.0
2,3,6,0,,,,50.6,0,0,0,0.0
2,4,6,0,,,,51.4,0,0,0,0.0
2,5,6,0,,,,52.2,0,0,0,0.0
2,6,6,0,,,,50.8,0,0,0,0.0
2,7,6,0,,,,51.0,0,0,0,3.0
2,8,6,0,,,,53.0,0,0,0,39.0
2,9,6,0,,,,58.5,0,0,0,88.0
2,10,6,0,,,,65.1,0,0,0,155.0
2,11,6,0,,,,72.0,0,0,0,165.0
2,12,6,0,,,,77.3,0,0,0,183.0
2,13,6,0,,,,73.1,0,0,0,195.0
2,14,6,0,,,,72.5,0,0,0,154.0
2,15,6,0,,,,76.1,0,0,0,101.0
2,16,6,0,,,,78.0,0,0,0,19.0
2,17,6,0,,,,70.3,0,0,0,0.0
2,18,6,0,,,,67.5,0,0,0,0.0
2,19,6,0,,,,54.7,0,0,0,0.0
2,20,6,0,,,,49.3,0,0,0,0.0
2,21,6,0,,,,47.9,0,0,0,0.0
2,22,6,0,,,,45.0,0,0,0,0.0
2,23,6,0,,,,44.3,0,0,0,0.0
2,24,6,0,,,,45.2,0,0,0,0.0
2,1,7,0,,,,44.4,0,0,0,0.0
2,2,7,0,,,,44.6,0,0,0,0.0
2,3,7,0,,,,44.8,0,0,0,0.0
2,4,7,0,,,,45.3,0,0,0,0.0
2,5,7,0,,,,42.0,0,0,0,0.0
2,6,7,0,,,,42.7,0,0,0,0.0
2,7,7,0,,,,43.6,0,0,0,41.0
2,8,7,0,,,,41.9,0,0,0,173.0
2,9,7,0,,,,41.0,0,0,0,267.0
2,10,7,0,,,,41.6,0,0,0,347.0
2,11,7,0,,,,43.9,0,0,0,303.0
2,12,7,0,,,,43.8,0,0,0,287.0
2,13,7,0,,,,43.6,0,0,0,206.0
2,14,7,0,,,,43.2,0,0,0,119.0
2,15,7,0,,,,46.2,0,0,0,64.0
2,16,7,0,,,,45.4,0,0,0,6.0
2,17,7,0,,,,48.1,0,0,0,0.0
2,18,7,0,,,,46.6,0,0,0,0.0
2,19,7,0,,,,47.1,0,0,0,0.0
2,20,7,0,,,,44.8,0,0,0,0.0
2,21,7,0,,,,44.5,0,0,0,0.0
2,22,7,0,,,,46.4,0,0,0,0.0
2,23,7,0,,,,45.4,0,0,0,0.0
2,24,7,0,,,,44.6,0,0,0,0.0
2,1,1,0,,,,45.2,0,0,0,0.0
2,2,1,0,,,,45.5,0,0,0,0.0
2,3,1,0,,,,45.8,0,0,0,0.0
2,4,1,0,,,,45.4,0,0,0,0.0
2,5,1,0,,,,45.8,0,0,0,0.0
2,6,1,0,,,,45.5,0,0,0,0.0
2,7,1,0,,,,45.2,0,0,0,21.0
2,8,1,0,,,,44.6,0,0,0,102.0
2,9,1,0,,,,44.0,0,0,0,191.0
2,10,1,0,,,,45.7,0,0,0,287.0
2,11,1,0,,,,44.8,0,0,0,560.0
2,12,1,0,,,,43.3,0,0,0,610.0
2,13,1,0,,,,46.5,0,0,0,608.0
2,14,1,0,,,,47.8,0,0,0,522.0
2,15,1,0,,,,46.3,0,0,0,309.0
2,16,1,0,,,,42.6,0,0,0,70.0
2,17,1,0,,,,45.4,0,0,0,0.0
2,18,1,0,,,,48.2,0,0,0,0.0
2,19,1,0,,,,47.9,0,0,0,0.0
2,20,1,0,,,,45.8,0,0,0,0.0
2,21,1,0,,,,44.2,0,0,0,0.0
2,22,1,0,,,,43.5,0,0,0,0.0
2,23,1,0,,,,44.4,0,0,0,0.0
2,24,1,0,,,,43.0,0,0,0,0.0
2,1,2,0,,,,44.8,0,0,0,0.0
2,2,2,0,,,,44.3,0,0,0,0.0
2,3,2,0,,,,44.6,0,0,0,0.0
2,4,2,0,,,,47.4,0,0,0,0.0
2,5,2,0,,,,44.7,0,0,0,0.0
2,6,2,0,,,,43.6,0,0,0,0.0
2,7,2,0,,,,44.0,0,0,0,193.0
2,8,2,0,,,,48.5,0,0,0,556.0
2,9,2,0,,,,54.2,0,0,0,688.0
2,10,2,0,,,,60.8,0,0,0,731.0
2,11,2,0,,,,69.8,0,0,0,717.0
2,12,2,0,,,,74.2,0,0,0,648.0
2,13,2,0,,,,75.2,0,0,0,525.0
2,14,2,0,,,,74.0,0,0,0,346.0
2,15,2,0,,,,78.3,0,0,0,147.0
2,16,2,0,,,,75.3,0,0,0,17.0
2,17,2,0,,,,75.2,0,0,0,0.0
2,18,2,0,,,,65.8,0,0,0,0.0
2,19,2,0,,,,56.6,0,0,0,0.0
2,20,2,0,,,,54.1,0,0,0,0.0
2,21,2,0,,,,48.7,0,0,0,0.0
2,22,2,0,,,,48.6,0,0,0,0.0
2,23,2,0,,,,49.3,0,0,0,0.0
2,24,2,0,,,,51.6,0,0,0,0.0
2,1,3,0,,,,49.6,0,0,0,0.0
2,2,3,0,,,,49.1,0,0,0,0.0
2,3,3,0,,,,51.1,0,0,0,0.0
2,4,3,0,,,,48.8,0,0,0,0.0
2,5,3,0,,,,47.0,0,0,0,0.0
2,6,3,0,,,,47.2,0,0,0,0.0
2,7,3,0,,,,49.8,0,0,0,1.0
2,8,3,0,,,,51.2,0,0,0,22.0
2,9,3,0,,,,58.6,0,0,0,57.0
2,10,3,0,,,,63.2,0,0,0,85.0
2,11,3,0,,,,67.0,0,0,0,140.0
2,12,3,0,,,,74.0,0,0,0,174.0
2,13,3,0,,,,76.8,0,0,0,148.0
2,14,3,0,,,,74.6,0,0,0,92.0
2,15,3,0,,,,75.5,0,0,0,42.0
2,16,3,0,,,,74.4,0,0,0,5.0
2,17,3,0,,,,71.9,0,0,0,0.0
2,18,3,0,,,,64.9,0,0,0,0.0
2,19,3,0,,,,58.1,0,0,0,0.0
2,20,3,0,,,,53.8,0,0,0,0.0
2,21,3,0,,,,50.1,0,0,0,0.0
2,22,3,0,,,,48.9,0,0,0,0.0
2,23,3,0,,,,49.8,0,0,0,0.0
2,24,3,0,,,,49.0,0,0,0,0.0
2,1,4,0,,,,51.6,0,0,0,0.0
2,2,4,0,,,,49.0,0,0,0,0.0
2,3,4,0,,,,50.4,0,0,0,0.0
2,4,4,0,,,,49.2,0,0,0,0.0
2,5,4,0,,,,50.6,0,0,0,0.0
2,6,4,0,,,,49.3,0,0,0,0.0
2,7,4,0,,,,49.4,0,0,0,63.0
2,8,4,0,,,,54.1,0,0,0,283.0
2,9,4,0,,,,63.2,0,0,0,513.0
2,10,4,0,,,,73.0,0,0,0,661.0
2,11,4,0,,,,77.4,0,0,0,708.0
2,12,4,0,,,,76.4,0,0,0,720.0
2,13,4,0,,,,77.3,0,0,0,721.0
2,14,4,0,,,,77.7,0,0,0,626.0
2,15,4,0,,,,75.8,0,0,0,406.0
2,16,4,0,,,,73.9,0,0,0,115.0
2,17,4,0,,,,69.0,0,0,0,0.0
2,18,4,0,,,,62.6,0,0,0,0.0
2,19,4,0,,,,57.8,0,0,0,0.0
2,20,4,0,,,,51.5,0,0,0,0.0
2,21,4,0,,,,49.6,0,0,0,0.0
2,22,4,0,,,,46.7,0,0,0,0.0
2,23,4,0,,,,50.2,0,0,0,0.0
2,24,4,0,,,,48.4,0,0,0,0.0
2,1,5,0,,,,47.5,0,0,0,0.0
2,2,5,0,,,,47.3,0,0,0,0.0
2,3,5,0,,,,48.0,0,0,0,0.0
2,4,5,0,,,,47.8,0,0,0,0.0
2,5,5,0,,,,48.2,0,0,0,0.0
2,6,5,0,,,,49.0,0,0,0,0.0
2,7,5,0,,,,48.6,0,0,0,56.0
2,8,5,0,,,,50.8,0,0,0,213.0
2,9,5,0,,,,57.0,0,0,0,422.0
2,10,5,0,,,,64.8,0,0,0,433.0
2,11,5,0,,,,73.3,0,0,0,258.0
2,12,5,0,,,,76.6,0,0,0,129.0
2,13,5,0,,,,74.7,0,0,0,69.0
2,14,5,0,,,,74.2,0,0,0,33.0
2,15,5,0,,,,76.7,0,0,0,13.0
2,16,5,0,,,,76.2,0,0,0,0.0
2,17,5,0,,,,70.0,0,0,0,0.0
2,18,5,0,,,,67.0,0,0,0,0.0
2,19,5,0,,,,61.0,0,0,0,0.0
2,20,5,0,,,,54.1,0,0,0,0.0
2,21,5,0,,,,48.5,0,0,0,0.0
2,22,5,0,,,,47.7,0,0,0,0.0
2,23,5,0,,,,47.6,0,0,0,0.0
2,24,5,0,,,,48.3,0,0,0,0.0
2,1,6,0,,,,48.1,0,0,0,0.0
2,2,6,0,,,,46.5,0,0,0,0.0
2,3,6,0,,,,46.6,0,0,0,0.0
2,4,6,0,,,,49.0,0,0,0,0.0
2,5,6,0,,,,48.1,0,0,0,0.0
2,6,6,0,,,,47.6,0,0,0,0.0
2,7,6,0,,,,46.6,0,0,0,18.0
2,8,6,0,,,,52.2,0,0,0,67.0
2,9,6,0,,,,59.3,0,0,0,156.0
2,10,6,0,,,,72.1,0,0,0,308.0
2,11,6,0,,,,76.3,0,0,0,471.0
2,12,6,0,,,,74.7,0,0,0,572.0
2,13,6,0,,,,74.3,0,0,0,595.0
2,14,6,0,,,,75.4,0,0,0,488.0
2,15,6,0,,,,72.7,0,0,0,241.0
2,16,6,0,,,,68.2,0,0,0,47.0
2,17,6,0,,,,60.4,0,0,0,0.0
2,18,6,0,,,,62.1,0,0,0,0.0
2,19,6,0,,,,59.1,0,0,0,0.0
2,20,6,0,,,,49.7,0,0,0,0.0
2,21,6,0,,,,47.9,0,0,0,0.0
2,22,6,0,,,,46.6,0,0,0,0.0
2,23,6,0,,,,47.7,0,0,0,0.0
2,24,6,0,,,,48.6,0,0,0,0.0
2,1,7,0,,,,48.3,0,0,0,0.0
2,2,7,0,,,,49.4,0,0,0,0.0
2,3,7,0,,,,48.7,0,0,0,0.0
2,4,7,0,,,,48.2,0,0,0,0.0
2,5,7,0,,,,47.8,0,0,0,0.0
2,6,7,0,,,,48.0,0,0,0,0.0
2,7,7,0,,,,46.2,0,0,0,46.0
2,8,7,0,,,,45.5,0,0,0,155.0
2,9,7,0,,,,45.2,0,0,0,403.0
2,10,7,0,,,,44.7,0,0,0,516.0
2,11,7,0,,,,45.7,0,0,0,566.0
2,12,7,0,,,,44.1,0,0,0,524.0
2,13,7,0,,,,44.3,0,0,0,499.0
2,14,7,0,,,,44.1,0,0,0,413.0
2,15,7,0,,,,45.4,0,0,0,275.0
2,16,7,0,,,,45.1,0,0,0,80.0
2,17,7,0,,,,46.0,0,0,0,0.0
2,18,7,0,,,,48.2,0,0,0,0.0
2,19,7,0,,,,51.4,0,0,0,0.0
2,20,7,0,,,,49.0,0,0,0,0.0
2,21,7,0,,,,46.8,0,0,0,0.0
2,22,7,0,,,,45.9,0,0,0,0.0
2,23,7,0,,,,46.4,0,0,0,0.0
2,24,7,0,,,,46.5,0,0,0,0.0
2,1,1,0,,,,45.9,0,0,0,0.0
2,2,1,0,,,,46.8,0,0,0,0.0
2,3,1,0,,,,46.4,0,0,0,0.0
2,4,1,0,,,,46.0,0,0,0,0.0
2,5,1,0,,,,45.9,0,0,0,0.0
2,6,1,0,,,,45.8,0,0,0,0.0
2,7,1,0,,,,45.4,0,0,0,4.0
2,8,1,0,,,,45.3,0,0,0,26.0
2,9,1,0,,,,44.2,0,0,0,56.0
2,10,1,0,,,,44.9,0,0,0,84.0
2,11,1,0,,,,44.9,0,0,0,112.0
2,12,1,0,,,,46.8,0,0,0,123.0
2,13,1,0,,,,46.1,0,0,0,148.0
2,14,1,0,,,,46.8,0,0,0,148.0
2,15,1,0,,,,47.2,0,0,0,91.0
2,16,1,0,,,,48.4,0,0,0,22.0
2,17,1,0,,,,48.5,0,0,0,0.0
2,18,1,0,,,,51.1,0,0,0,0.0
2,19,1,0,,,,50.0,0,0,0,0.0
2,20,1,0,,,,50.7,0,0,0,0.0
2,21,1,0,,,,47.0,0,0,0,0.0
2,22,1,0,,,,47.0,0,0,0,0.0
2,23,1,0,,,,47.2,0,0,0,0.0
2,24,1,0,,,,46.4,0,0,0,0.0
2,1,2,0,,,,46.0,0,0,0,0.0
2,2,2,0,,,,46.9,0,0,0,0.0
2,3,2,0,,,,46.4,0,0,0,0.0
2,4,2,0,,,,47.2,0,0,0,0.0
2,5,2,0,,,,46.8,0,0,0,0.0
2,6,2,0,,,,46.7,0,0,0,0.0
2,7,2,0,,,,47.1,0,0,0,4.0
2,8,2,0,,,,50.0,0,0,0,29.0
2,9,2,0,,,,55.4,0,0,0,62.0
2,10,2,0,,,,63.7,0,0,0,85.0
2,11,2,0,,,,70.8,0,0,0,107.0
2,12,2,0,,,,77.4,0,0,0,116.0
2,13,2,0,,,,76.5,0,0,0,112.0
2,14,2,0,,,,78.5,0,0,0,106.0
2,15,2,0,,,,80.1,0,0,0,85.0
2,16,2,0,,,,76.4,0,0,0,26.0
2,17,2,0,,,,68.4,0,0,0,0.0
2,18,2,0,,,,66.8,0,0,0,0.0
2,19,2,0,,,,57.7,0,0,0,0.0
2,20,2,0,,,,52.5,0,0,0,0.0
2,21,2,0,,,,51.7,0,0,0,0.0
2,22,2,0,,,,50.8,0,0,0,0.0
2,23,2,0,,,,48.6,0,0,0,0.0
2,24,2,0,,,,48.3,0,0,0,0.0
2,1,3,0,,,,47.6,0,0,0,0.0
2,2,3,0,,,,48.2,0,0,0,0.0
2,3,3,0,,,,47.5,0,0,0,0.0
2,4,3,0,,,,49.1,0,0,0,0.0
2,5,3,0,,,,49.2,0,0,0,0.0
2,6,3,0,,,,49.0,0,0,0,0.0
2,7,3,0,,,,48.2,0,0,0,63.0
2,8,3,0,,,,50.0,0,0,0,162.0
2,9,3,0,,,,56.9,0,0,0,301.0
2,10,3,0,,,,68.2,0,0,0,403.0
2,11,3,0,,,,78.1,0,0,0,445.0
2,12,3,0,,,,78.3,0,0,0,453.0
2,13,3,0,,,,76.9,0,0,0,353.0
2,14,3,0,,,,76.9,0,0,0,139.0
2,15,3,0,,,,78.4,0,0,0,60.0
2,16,3,0,,,,78.8,0,0,0,12.0
2,17,3,0,,,,72.2,0,0,0,0.0
2,18,3,0,,,,68.8,0,0,0,0.0
2,19,3,0,,,,64.9,0,0,0,0.0
2,20,3,0,,,,55.5,0,0,0,0.0
2,21,3,0,,,,52.6,0,0,0,0.0
2,22,3,0,,,,51.3,0,0,0,0.0
2,23,3,0,,,,49.4,0,0,0,0.0
2,24,3,0,,,,50.7,0,0,0,0.0
2,1,4,0,,,,49.7,0,0,0,0.0
2,2,4,0,,,,48.9,0,0,0,0.0
2,3,4,0,,,,49.0,0,0,0,0.0
2,4,4,0,,,,49.4,0,0,0,0.0
2,5,4,0,,,,49.5,0,0,0,0.0
2,6,4,0,,,,48.6,0,0,0,0.0
2,7,4,0,,,,48.6,0,0,0,4.0
2,8,4,0,,,,50.2,0,0,0,22.0
2,9,4,0,,,,61.1,0,0,0,72.0
2,10,4,0,,,,67.5,0,0,0,117.0
2,11,4,0,,,,78.4,0,0,0,157.0
2,12,4,0,,,,80.7,0,0,0,305.0
2,13,4,0,,,,79.2,0,0,0,377.0
2,14,4,0,,,,80.1,0,0,0,350.0
2,15,4,0,,,,76.6,0,0,0,179.0
2,16,4,0,,,,72.5,0,0,0,29.0
2,17,4,0,,,,68.3,0,0,0,0.0
2,18,4,0,,,,66.7,0,0,0,0.0
2,19,4,0,,,,57.9,0,0,0,0.0
2,20,4,0,,,,52.2,0,0,0,0.0
2,21,4,0,,,,48.2,0,0,0,0.0
2,22,4,0,,,,48.4,0,0,0,0.0
2,23,4,0,,,,46.9,0,0,0,0.0
2,24,4,0,,,,47.4,0,0,0,0.0
2,1,5,0,,,,47.0,0,0,0,0.0
2,2,5,0,,,,47.7,0,0,0,0.0
2,3,5,0,,,,46.4,0,0,0,0.0
2,4,5,0,,,,47.0,0,0,0,0.0
2,5,5,0,,,,47.8,0,0,0,0.0
2,6,5,0,,,,47.4,0,0,0,0.0
2,7,5,0,,,,48.5,0,0,0,4.0
2,8,5,0,,,,50.8,0,0,0,20.0
2,9,5,0,,,,58.5,0,0,0,52.0
2,10,5,0,,,,66.5,0,0,0,110.0
2,11,5,0,,,,74.1,0,0,0,249.0
2,12,5,0,,,,72.0,0,0,0,439.0
2,13,5,0,,,,72.2,0,0,0,349.0
2,14,5,0,,,,70.5,0,0,0,112.0
2,15,5,0,,,,72.1,0,0,0,27.0
2,16,5,0,,,,71.5,0,0,0,4.0
2,17,5,0,,,,70.3,0,0,0,0.0
2,18,5,0,,,,64.1,0,0,0,0.0
2,19,5,0,,,,60.0,0,0,0,0.0
2,20,5,0,,,,57.6,0,0,0,0.0
2,21,5,0,,,,53.7,0,0,0,0.0
2,22,5,0,,,,49.8,0,0,0,0.0
2,23,5,0,,,,48.8,0,0,0,0.0
2,24,5,0,,,,48.6,0,0,0,0.0
2,1,6,0,,,,48.7,0,0,0,0.0
2,2,6,0,,,,49.9,0,0,0,0.0
2,3,6,0,,,,48.1,0,0,0,0.0
2,4,6,0,,,,48.6,0,0,0,0.0
2,5,6,0,,,,49.0,0,0,0,0.0
2,6,6,0,,,,50.5,0,0,0,0.0
2,7,6,0,,,,50.9,0,0,0,2.0
2,8,6,0,,,,50.5,0,0,0,15.0
2,9,6,0,,,,57.1,0,0,0,40.0
2,10,6,0,,,,68.4,0,0,0,87.0
2,11,6,0,,,,75.9,0,0,0,170.0
2,12,6,0,,,,75.4,0,0,0,232.0
2,13,6,0,,,,78.8,0,0,0,224.0
2,14,6,0,,,,72.5,0,0,0,152.0
2,15,6,0,,,,69.8,0,0,0,75.0
2,16,6,0,,,,69.3,0,0,0,18.0
2,17,6,0,,,,64.2,0,0,0,0.0
2,18,6,0,,,,60.1,0,0,0,0.0
2,19,6,0,,,,55.0,0,0,0,0.0
2,20,6,0,,,,49.9,0,0,0,0.0
2,21,6,0,,,,46.4,0,0,0,0.0
2,22,6,0,,,,46.9,0,0,0,0.0
2,23,6,0,,,,45.4,0,0,0,0.0
2,24,6,0,,,,46.5,0,0,0,0.0
2,1,7,0,,,,46.8,0,0,0,0.0
2,2,7,0,,,,48.2,0,0,0,0.0
2,3,7,0,,,,47.9,0,0,0,0.0
2,4,7,0,,,,49.0,0,0,0,0.0
2,5,7,0,,,,49.1,0,0,0,0.0
2,6,7,0,,,,47.7,0,0,0,0.0
2,7,7,0,,,,45.9,0,0,0,4.0
2,8,7,0,,,,44.9,0,0,0,24.0
2,9,7,0,,,,45.7,0,0,0,49.0
2,10,7,0,,,,45.0,0,0,0,118.0
2,11,7,0,,,,44.5,0,0,0,228.0
2,12,7,0,,,,44.8,0,0,0,242.0
2,13,7,0,,,,45.4,0,0,0,175.0
2,14,7,0,,,,44.8,0,0,0,164.0
2,15,7,0,,,,44.8,0,0,0,96.0
2,16,7,0,,,,45.1,0,0,0,31.0
2,17,7,0,,,,46.1,0,0,0,0.0
2,18,7,0,,,,45.9,0,0,0,0.0
2,19,7,0,,,,47.3,0,0,0,0.0
2,20,7,0,,,,45.8,0,0,0,0.0
2,21,7,0,,,,46.5,0,0,0,0.0
2,22,7,0,,,,45.4,0,0,0,0.0
2,23,7,0,,,,44.7,0,0,0,0.0
2,24,7,0,,,,45.1,0,0,0,0.0
2,1,1,0,,,,44.1,0,0,0,0.0
2,2,1,0,,,,45.2,0,0,0,0.0
2,3,1,0,,,,44.5,0,0,0,0.0
2,4,1,0,,,,45.8,0,0,0,0.0
2,5,1,0,,,,44.2,0,0,0,0.0
2,6,1,0,,,,45.7,0,0,0,0.0
2,7,1,0,,,,44.2,0,0,0,2.0
2,8,1,0,,,,45.0,0,0,0,13.0
2,9,1,0,,,,45.2,0,0,0,29.0
2,10,1,0,,,,42.7,0,0,0,45.0
2,11,1,0,,,,45.3,0,0,0,47.0
2,12,1,0,,,,44.7,0,0,0,45.0
2,13,1,0,,,,47.1,0,0,0,37.0
2,14,1,0,,,,46.5,0,0,0,31.0
2,15,1,0,,,,46.2,0,0,0,24.0
2,16,1,0,,,,46.2,0,0,0,8.0
2,17,1,0,,,,47.4,0,0,0,0.0
2,18,1,0,,,,47.4,0,0,0,0.0
2,19,1,0,,,,47.6,0,0,0,0.0
2,20,1,0,,,,45.9,0,0,0,0.0
2,21,1,0,,,,47.6,0,0,0,0.0
2,22,1,0,,,,45.9,0,0,0,0.0
2,23,1,0,,,,46.4,0,0,0,0.0
2,24,1,0,,,,45.7,0,0,0,0.0
3,1,2,0,,,,45.5,0,0,0,0.0
3,2,2,0,,,,47.0,0,0,0,0.0
3,3,2,0,,,,46.1,0,0,0,0.0
3,4,2,0,,,,46.1,0,0,0,0.0
3,5,2,0,,,,47.8,0,0,0,0.0
3,6,2,0,,,,46.6,0,0,0,0.0
3,7,2,0,,,,47.8,0,0,0,53.0
3,8,2,0,,,,50.4,0,0,0,239.0
3,9,2,0,,,,59.0,0,0,0,708.0
3,10,2,0,,,,65.7,0,0,0,773.0
3,11,2,0,,,,70.0,0,0,0,727.0
3,12,2,0,,,,70.0,0,0,0,666.0
3,13,2,0,,,,72.4,0,0,0,591.0
3,14,2,0,,,,70.0,0,0,0,524.0
3,15,2,0,,,,72.9,0,0,0,431.0
3,16,2,0,,,,71.0,0,0,0,207.0
3,17,2,0,,,,68.3,0,0,0,2.0
3,18,2,0,,,,63.2,0,0,0,0.0
3,19,2,0,,,,55.0,0,0,0,0.0
3,20,2,0,,,,51.1,0,0,0,0.0
3,21,2,0,,,,47.7,0,0,0,0.0
3,22,2,0,,,,47.2,0,0,0,0.0
3,23,2,0,,,,47.3,0,0,0,0.0
3,24,2,0,,,,48.1,0,0,0,0.0
3,1,3,0,,,,48.4,0,0,0,0.0
3,2,3,0,,,,48.3,0,0,0,0.0
3,3,3,0,,,,48.8,0,0,0,0.0
3,4,3,0,,,,48.9,0,0,0,0.0
3,5,3,0,,,,48.4,0,0,0,0.0
3,6,3,0,,,,48.8,0,0,0,14.0
3,7,3,0,,,,48.0,0,0,0,526.0
3,8,3,0,,,,48.6,0,0,0,705.0
3,9,3,0,,,,57.3,0,0,0,775.0
3,10,3,0,,,,66.9,0,0,0,808.0
3,11,3,0,,,,70.7,0,0,0,832.0
3,12,3,0,,,,70.8,0,0,0,832.0
3,13,3,0,,,,70.6,0,0,0,815.0
3,14,3,0,,,,71.8,0,0,0,768.0
3,15,3,0,,,,75.1,0,0,0,632.0
3,16,3,0,,,,77.0,0,0,0,336.0
3,17,3,0,,,,73.1,0,0,0,7.0
3,18,3,0,,,,68.0,0,0,0,0.0
3,19,3,0,,,,64.9,0,0,0,0.0
3,20,3,0,,,,58.8,0,0,0,0.0
3,21,3,0,,,,51.8,0,0,0,0.0
3,22,3,0,,,,51.1,0,0,0,0.0
3,23,3,0,,,,49.8,0,0,0,0.0
3,24,3,0,,,,50.6,0,0,0,0.0
3,1,4,0,,,,49.6,0,0,0,0.0
3,2,4,0,,,,50.5,0,0,0,0.0
3,3,4,0,,,,51.6,0,0,0,0.0
3,4,4,0,,,,52.0,0,0,0,0.0
3,5,4,0,,,,51.0,0,0,0,0.0
3,6,4,0,,,,52.2,0,0,0,0.0
3,7,4,0,,,,50.4,0,0,0,18.0
3,8,4,0,,,,54.6,0,0,0,59.0
3,9,4,0,,,,66.9,0,0,0,119.0
3,10,4,0,,,,70.8,0,0,0,171.0
3,11,4,0,,,,77.6,0,0,0,191.0
3,12,4,0,,,,74.7,0,0,0,190.0
3,13,4,0,,,,75.4,0,0,0,159.0
3,14,4,0,,,,74.3,0,0,0,112.0
3,15,4,0,,,,79.0,0,0,0,60.0
3,16,4,0,,,,76.4,0,0,0,17.0
3,17,4,0,,,,76.3,0,0,0,0.0
3,18,4,0,,,,70.5,0,0,0,0.0
3,19,4,0,,,,60.1,0,0,0,0.0
3,20,4,0,,,,57.4,0,0,0,0.0
3,21,4,0,,,,55.4,0,0,0,0.0
3,22,4,0,,,,52.6,0,0,0,0.0
3,23,4,0,,,,51.6,0,0,0,0.0
3,24,4,0,,,,51.4,0,0,0,0.0
3,1,5,0,,,,53.0,0,0,0,0.0
3,2,5,0,,,,50.8,0,0,0,0.0
3,3,5,0,,,,51.6,0,0,0,0.0
3,4,5,0,,,,52.3,0,0,0,0.0
3,5,5,0,,,,51.4,0,0,0,0.0
3,6,5,0,,,,52.2,0,0,0,4.0
3,7,5,0,,,,50.9,0,0,0,223.0
3,8,5,0,,,,50.4,0,0,0,546.0
3,9,5,0,,,,59.7,0,0,0,706.0
3,10,5,0,,,,68.3,0,0,0,824.0
3,11,5,0,,,,71.2,0,0,0,871.0
3,12,5,0,,,,76.8,0,0,0,897.0
3,13,5,0,,,,75.2,0,0,0,892.0
3,14,5,0,,,,75.9,0,0,0,840.0
3,15,5,0,,,,76.1,0,0,0,715.0
3,16,5,0,,,,71.9,0,0,0,441.0
3,17,5,0,,,,70.1,0,0,0,26.0
3,18,5,0,,,,62.9,0,0,0,0.0
3,19,5,0,,,,58.4,0,0,0,0.0
3,20,5,0,,,,55.5,0,0,0,0.0
3,21,5,0,,,,54.7,0,0,0,0.0
3,22,5,0,,,,53.3,0,0,0,0.0
3,23,5,0,,,,54.7,0,0,0,0.0
3,24,5,0,,,,54.5,0,0,0,0.0
3,1,6,0,,,,53.9,0,0,0,0.0
3,2,6,0,,,,54.6,0,0,0,0.0
3,3,6,0,,,,55.9,0,0,0,0.0
3,4,6,0,,,,57.2,0,0,0,0.0
3,5,6,0,,,,56.8,0,0,0,0.0
3,6,6,0,,,,56.0,0,0,0,24.0
3,7,6,0,,,,56.0,0,0,0,376.0
3,8,6,0,,,,56.9,0,0,0,766.0
3,9,6,0,,,,58.9,0,0,0,841.0
3,10,6,0,,,,63.9,0,0,0,867.0
3,11,6,0,,,,66.8,0,0,0,845.0
3,12,6,0,,,,65.7,0,0,0,757.0
3,13,6,0,,,,65.2,0,0,0,691.0
3,14,6,0,,,,66.6,0,0,0,511.0
3,15,6,0,,,,65.0,0,0,0,225.0
3,16,6,0,,,,65.7,0,0,0,67.0
3,17,6,0,,,,62.0,0,0,0,2.0
3,18,6,0,,,,59.5,0,0,0,0.0
3,19,6,0,,,,57.4,0,0,0,0.0
3,20,6,0,,,,52.1,0,0,0,0.0
3,21,6,0,,,,50.0,0,0,0,0.0
3,22,6,0,,,,48.8,0,0,0,0.0
3,23,6,0,,,,47.4,0,0,0,0.0
3,24,6,0,,,,47.7,0,0,0,0.0
3,1,7,0,,,,48.5,0,0,0,0.0
3,2,7,0,,,,47.8,0,0,0,0.0
3,3,7,0,,,,48.6,0,0,0,0.0
3,4,7,0,,,,47.6,0,0,0,0.0
3,5,7,0,,,,48.6,0,0,0,0.0
3,6,7,0,,,,47.7,0,0,0,0.0
3,7,7,0,,,,47.7,0,0,0,58.0
3,8,7,0,,,,47.3,0,0,0,186.0
3,9,7,0,,,,47.6,0,0,0,305.0
3,10,7,0,,,,49.1,0,0,0,492.0
3,11,7,0,,,,48.6,0,0,0,710.0
3,12,7,0,,,,47.7,0,0,0,743.0
3,13,7,0,,,,47.7,0,0,0,753.0
3,14,7,0,,,,47.7,0,0,0,717.0
3,15,7,0,,,,47.6,0,0,0,619.0
3,16,7,0,,,,47.4,0,0,0,384.0
3,17,7,0,,,,50.2,0,0,0,30.0
3,18,7,0,,,,52.8,0,0,0,0.0
3,19,7,0,,,,52.1,0,0,0,0.0
3,20,7,0,,,,53.2,0,0,0,0.0
3,21,7,0,,,,52.6,0,0,0,0.0
3,22,7,0,,,,56.3,0,0,0,0.0
3,23,7,0,,,,52.5,0,0,0,0.0
3,24,7,0,,,,52.2,0,0,0,0.0
3,1,1,0,,,,52.4,0,0,0,0.0
3,2,1,0,,,,53.4,0,0,0,0.0
3,3,1,0,,,,53.7,0,0,0,0.0
3,4,1,0,,,,54.0,0,0,0,0.0
3,5,1,0,,,,53.7,0,0,0,0.0
3,6,1,0,,,,54.2,0,0,0,92.0
3,7,1,0,,,,54.2,0,0,0,751.0
3,8,1,0,,,,52.2,0,0,0,911.0
3,9,1,0,,,,49.8,0,0,0,964.0
3,10,1,0,,,,49.4,0,0,0,985.0
3,11,1,0,,,,51.7,0,0,0,984.0
3,12,1,0,,,,49.9,0,0,0,966.0
3,13,1,0,,,,49.2,0,0,0,935.0
3,14,1,0,,,,49.5,0,0,0,882.0
3,15,1,0,,,,50.7,0,0,0,772.0
3,16,1,0,,,,51.2,0,0,0,530.0
3,17,1,0,,,,49.9,0,0,0,72.0
3,18,1,0,,,,52.0,0,0,0,0.0
3,19,1,0,,,,53.9,0,0,0,0.0
3,20,1,0,,,,53.2,0,0,0,0.0
3,21,1,0,,,,53.4,0,0,0,0.0
3,22,1,0,,,,53.4,0,0,0,0.0
3,23,1,0,,,,53.9,0,0,0,0.0
3,24,1,0,,,,52.9,0,0,0,0.0
3,1,2,0,,,,52.2,0,0,0,0.0
3,2,2,0,,,,53.9,0,0,0,0.0
3,3,2,0,,,,55.4,0,0,0,0.0
3,4,2,0,,,,54.0,0,0,0,0.0
3,5,2,0,,,,54.4,0,0,0,0.0
3,6,2,0,,,,53.6,0,0,0,88.0
3,7,2,0,,,,53.5,0,0,0,667.0
3,8,2,0,,,,55.5,0,0,0,836.0
3,9,2,0,,,,59.9,0,0,0,884.0
3,10,2,0,,,,71.5,0,0,0,906.0
3,11,2,0,,,,73.0,0,0,0,895.0
3,12,2,0,,,,74.0,0,0,0,822.0
3,13,2,0,,,,71.5,0,0,0,768.0
3,14,2,0,,,,71.4,0,0,0,633.0
3,15,2,0,,,,80.1,0,0,0,450.0
3,16,2,0,,,,78.2,0,0,0,248.0
3,17,2,0,,,,77.1,0,0,0,17.0
3,18,2,0,,,,72.7,0,0,0,0.0
3,19,2,0,,,,62.4,0,0,0,0.0
3,20,2,0,,,,56.9,0,0,0,0.0
3,21,2,0,,,,54.2,0,0,0,0.0
3,22,2,0,,,,52.9,0,0,0,0.0
3,23,2,0,,,,50.0,0,0,0,0.0
3,24,2,0,,,,49.2,0,0,0,0.0
3,1,3,0,,,,49.3,0,0,0,0.0
3,2,3,0,,,,49.2,0,0,0,0.0
3,3,3,0,,,,48.8,0,0,0,0.0
3,4,3,0,,,,49.2,0,0,0,0.0
3,5,3,0,,,,49.6,0,0,0,0.0
3,6,3,0,,,,49.4,0,0,0,5.0
3,7,3,0,,,,44.2,0,0,0,104.0
3,8,3,0,,,,45.2,0,0,0,320.0
3,9,3,0,,,,54.6,0,0,0,633.0
3,10,3,0,,,,63.5,0,0,0,809.0
3,11,3,0,,,,75.3,0,0,0,760.0
3,12,3,0,,,,75.2,0,0,0,680.0
3,13,3,0,,,,74.0,0,0,0,596.0
3,14,3,0,,,,72.2,0,0,0,477.0
3,15,3,0,,,,72.8,0,0,0,354.0
3,16,3,0,,,,74.8,0,0,0,240.0
3,17,3,0,,,,73.0,0,0,0,45.0
3,18,3,0,,,,66.4,0,0,0,0.0
3,19,3,0,,,,61.2,0,0,0,0.0
3,20,3,0,,,,54.0,0,0,0,0.0
3,21,3,0,,,,51.2,0,0,0,0.0
3,22,3,0,,,,51.1,0,0,0,0.0
3,23,3,0,,,,49.4,0,0,0,0.0
3,24,3,0,,,,47.5,0,0,0,0.0
3,1,4,0,,,,47.1,0,0,0,0.0
3,2,4,0,,,,47.2,0,0,0,0.0
3,3,4,0,,,,46.2,0,0,0,0.0
3,4,4,0,,,,47.2,0,0,0,0.0
3,5,4,0,,,,47.1,0,0,0,0.0
3,6,4,0,,,,48.1,0,0,0,7.0
3,7,4,0,,,,47.8,0,0,0,108.0
3,8,4,0,,,,52.8,0,0,0,348.0
3,9,4,0,,,,61.7,0,0,0,450.0
3,10,4,0,,,,74.5,0,0,0,660.0
3,11,4,0,,,,77.7,0,0,0,885.0
3,12,4,0,,,,79.1,0,0,0,896.0
3,13,4,0,,,,77.5,0,0,0,865.0
3,14,4,0,,,,74.4,0,0,0,827.0
3,15,4,0,,,,76.2,0,0,0,734.0
3,16,4,0,,,,76.0,0,0,0,498.0
3,17,4,0,,,,71.0,0,0,0,78.0
3,18,4,0,,,,63.8,0,0,0,0.0
3,19,4,0,,,,59.4,0,0,0,0.0
3,20,4,0,,,,53.4,0,0,0,0.0
3,21,4,0,,,,53.6,0,0,0,0.0
3,22,4,0,,,,53.6,0,0,0,0.0
3,23,4,0,,,,51.6,0,0,0,0.0
3,24,4,0,,,,49.2,0,0,0,0.0
3,1,5,0,,,,49.2,0,0,0,0.0
3,2,5,0,,,,49.5,0,0,0,0.0
3,3,5,0,,,,51.2,0,0,0,0.0
3,4,5,0,,,,49.9,0,0,0,0.0
3,5,5,0,,,,50.0,0,0,0,0.0
3,6,5,0,,,,52.5,0,0,0,8.0
3,7,5,0,,,,50.7,0,0,0,71.0
3,8,5,0,,,,53.8,0,0,0,214.0
3,9,5,0,,,,60.0,0,0,0,563.0
3,10,5,0,,,,66.6,0,0,0,561.0
3,11,5,0,,,,72.5,0,0,0,660.0
3,12,5,0,,,,73.6,0,0,0,719.0
3,13,5,0,,,,72.8,0,0,0,687.0
3,14,5,0,,,,72.8,0,0,0,604.0
3,15,5,0,,,,72.7,0,0,0,498.0
3,16,5,0,,,,71.0,0,0,0,237.0
3,17,5,0,,,,67.7,0,0,0,30.0
3,18,5,0,,,,63.4,0,0,0,0.0
3,19,5,0,,,,58.1,0,0,0,0.0
3,20,5,0,,,,52.4,0,0,0,0.0
3,21,5,0,,,,48.2,0,0,0,0.0
3,22,5,0,,,,48.8,0,0,0,0.0
3,23,5,0,,,,49.4,0,0,0,0.0
3,24,5,0,,,,49.2,0,0,0,0.0
3,1,6,0,,,,49.9,0,0,0,0.0
3,2,6,0,,,,49.8,0,0,0,0.0
3,3,6,0,,,,50.0,0,0,0,0.0
3,4,6,0,,,,49.1,0,0,0,0.0
3,5,6,0,,,,49.2,0,0,0,0.0
3,6,6,0,,,,49.2,0,0,0,0.0
3,7,6,0,,,,48.8,0,0,0,22.0
3,8,6,0,,,,52.7,0,0,0,65.0
3,9,6,0,,,,59.8,0,0,0,108.0
3,10,6,0,,,,67.6,0,0,0,115.0
3,11,6,0,,,,73.8,0,0,0,110.0
3,12,6,0,,,,71.5,0,0,0,118.0
3,13,6,0,,,,71.6,0,0,0,144.0
3,14,6,0,,,,70.1,0,0,0,136.0
3,15,6,0,,,,69.8,0,0,0,126.0
3,16,6,0,,,,68.8,0,0,0,66.0
3,17,6,0,,,,66.2,0,0,0,4.0
3,18,6,0,,,,60.9,0,0,0,0.0
3,19,6,0,,,,56.8,0,0,0,0.0
3,20,6,0,,,,50.4,0,0,0,0.0
3,21,6,0,,,,47.4,0,0,0,0.0
3,22,6,0,,,,45.6,0,0,0,0.0
3,23,6,0,,,,46.2,0,0,0,0.0
3,24,6,0,,,,45.8,0,0,0,0.0
3,1,7,0,,,,45.2,0,0,0,0.0
3,2,7,0,,,,46.0,0,0,0,0.0
3,3,7,0,,,,46.3,0,0,0,0.0
3,4,7,0,,,,47.0,0,0,0,0.0
3,5,7,0,,,,45.5,0,0,0,0.0
3,6,7,0,,,,45.8,0,0,0,7.0
3,7,7,0,,,,45.3,0,0,0,66.0
3,8,7,0,,,,46.2,0,0,0,287.0
3,9,7,0,,,,45.3,0,0,0,722.0
3,10,7,0,,,,47.5,0,0,0,844.0
3,11,7,0,,,,46.5,0,0,0,882.0
3,12,7,0,,,,45.7,0,0,0,864.0
3,13,7,0,,,,46.3,0,0,0,826.0
3,14,7,0,,,,46.3,0,0,0,686.0
3,15,7,0,,,,52.1,0,0,0,311.0
3,16,7,0,,,,52.9,0,0,0,81.0
3,17,7,0,,,,52.4,0,0,0,8.0
3,18,7,0,,,,55.2,0,0,0,0.0
3,19,7,0,,,,54.0,0,0,0,0.0
3,20,7,0,,,,53.7,0,0,0,0.0
3,21,7,0,,,,52.3,0,0,0,0.0
3,22,7,0,,,,51.5,0,0,0,0.0
3,23,7,0,,,,52.7,0,0,0,0.0
3,24,7,0,,,,51.9,0,0,0,0.0
3,1,1,0,,,,49.6,0,0,0,0.0
3,2,1,0,,,,51.8,0,0,0,0.0
3,3,1,0,,,,51.1,0,0,0,0.0
3,4,1,0,,,,51.2,0,0,0,0.0
3,5,1,0,,,,51.6,0,0,0,0.0
3,6,1,0,,,,47.9,0,0,0,3.0
3,7,1,0,,,,44.0,0,0,0,22.0
3,8,1,0,,,,44.9,0,0,0,46.0
3,9,1,0,,,,44.4,0,0,0,103.0
3,10,1,0,,,,44.2,0,0,0,282.0
3,11,1,0,,,,43.5,0,0,0,656.0
3,12,1,0,,,,42.7,0,0,0,562.0
3,13,1,0,,,,42.0,0,0,0,446.0
3,14,1,0,,,,44.6,0,0,0,325.0
3,15,1,0,,,,43.9,0,0,0,137.0
3,16,1,0,,,,43.3,0,0,0,68.0
3,17,1,0,,,,43.6,0,0,0,9.0
3,18,1,0,,,,48.3,0,0,0,0.0
3,19,1,0,,,,53.4,0,0,0,0.0
3,20,1,0,,,,51.8,0,0,0,0.0
3,21,1,0,,,,50.8,0,0,0,0.0
3,22,1,0,,,,49.9,0,0,0,0.0
3,23,1,0,,,,50.2,0,0,0,0.0
3,24,1,0,,,,49.6,0,0,0,0.0
3,1,2,0,,,,47.2,0,0,0,0.0
3,2,2,0,,,,48.9,0,0,0,0.0
3,3,2,0,,,,50.2,0,0,0,0.0
3,4,2,0,,,,48.4,0,0,0,0.0
3,5,2,0,,,,48.6,0,0,0,0.0
3,6,2,0,,,,51.7,0,0,0,8.0
3,7,2,0,,,,47.4,0,0,0,115.0
3,8,2,0,,,,51.9,0,0,0,379.0
3,9,2,0,,,,60.1,0,0,0,667.0
3,10,2,0,,,,64.1,0,0,0,831.0
3,11,2,0,,,,68.1,0,0,0,859.0
3,12,2,0,,,,66.3,0,0,0,830.0
3,13,2,0,,,,68.2,0,0,0,753.0
3,14,2,0,,,,64.5,0,0,0,599.0
3,15,2,0,,,,67.5,0,0,0,361.0
3,16,2,0,,,,69.8,0,0,0,96.0
3,17,2,0,,,,69.8,0,0,0,18.0
3,18,2,0,,,,66.9,0,0,0,0.0
3,19,2,0,,,,60.5,0,0,0,0.0
3,20,2,0,,,,58.0,0,0,0,0.0
3,21,2,0,,,,55.1,0,0,0,0.0
3,22,2,0,,,,54.0,0,0,0,0.0
3,23,2,0,,,,52.4,0,0,0,0.0
3,24,2,0,,,,49.8,0,0,0,0.0
3,1,3,0,,,,51.2,0,0,0,0.0
3,2,3,0,,,,50.1,0,0,0,0.0
3,3,3,0,,,,50.8,0,0,0,0.0
3,4,3,0,,,,50.9,0,0,0,0.0
3,5,3,0,,,,50.6,0,0,0,0.0
3,6,3,0,,,,51.2,0,0,0,13.0
3,7,3,0,,,,51.6,0,0,0,66.0
3,8,3,0,,,,55.7,0,0,0,137.0
3,9,3,0,,,,61.5,0,0,0,233.0
3,10,3,0,,,,67.0,0,0,0,348.0
3,11,3,0,,,,69.8,0,0,0,475.0
3,12,3,0,,,,66.9,0,0,0,544.0
3,13,3,0,,,,66.0,0,0,0,594.0
3,14,3,0,,,,67.5,0,0,0,611.0
3,15,3,0,,,,68.0,0,0,0,538.0
3,16,3,0,,,,66.8,0,0,0,342.0
3,17,3,0,,,,66.5,0,0,0,96.0
3,18,3,0,,,,63.0,0,0,0,0.0
3,19,3,0,,,,57.4,0,0,0,0.0
3,20,3,0,,,,54.2,0,0,0,0.0
3,21,3,0,,,,51.0,0,0,0,0.0
3,22,3,0,,,,50.5,0,0,0,0.0
3,23,3,0,,,,52.0,0,0,0,0.0
3,24,3,0,,,,51.5,0,0,0,0.0
3,1,4,0,,,,51.9,0,0,0,0.0
3,2,4,0,,,,52.4,0,0,0,0.0
3,3,4,0,,,,52.3,0,0,0,0.0
3,4,4,0,,,,51.8,0,0,0,0.0
3,5,4,0,,,,51.4,0,0,0,0.0
3,6,4,0,,,,52.2,0,0,0,27.0
3,7,4,0,,,,50.9,0,0,0,101.0
3,8,4,0,,,,56.1,0,0,0,336.0
3,9,4,0,,,,60.1,0,0,0,363.0
3,10,4,0,,,,64.0,0,0,0,350.0
3,11,4,0,,,,70.2,0,0,0,524.0
3,12,4,0,,,,67.8,0,0,0,722.0
3,13,4,0,,,,66.9,0,0,0,593.0
3,14,4,0,,,,65.5,0,0,0,493.0
3,15,4,0,,,,66.0,0,0,0,281.0
3,16,4,0,,,,66.4,0,0,0,78.0
3,17,4,0,,,,62.6,0,0,0,11.0
3,18,4,0,,,,58.8,0,0,0,0.0
3,19,4,0,,,,56.7,0,0,0,0.0
3,20,4,0,,,,51.1,0,0,0,0.0
3,21,4,0,,,,50.6,0,0,0,0.0
3,22,4,0,,,,49.0,0,0,0,0.0
3,23,4,0,,,,48.8,0,0,0,0.0
3,24,4,0,,,,47.9,0,0,0,0.0
3,1,5,0,,,,48.6,0,0,0,0.0
3,2,5,0,,,,49.2,0,0,0,0.0
3,3,5,0,,,,49.3,0,0,0,0.0
3,4,5,0,,,,49.5,0,0,0,0.0
3,5,5,0,,,,49.9,0,0,0,0.0
3,6,5,0,,,,48.5,0,0,0,2.0
3,7,5,0,,,,48.8,0,0,0,39.0
3,8,5,0,,,,52.5,0,0,0,134.0
3,9,5,0,,,,58.7,0,0,0,334.0
3,10,5,0,,,,61.4,0,0,0,544.0
3,11,5,0,,,,65.8,0,0,0,691.0
3,12,5,0,,,,67.9,0,0,0,691.0
3,13,5,0,,,,67.0,0,0,0,464.0
3,14,5,0,,,,65.5,0,0,0,221.0
3,15,5,0,,,,65.1,0,0,0,82.0
3,16,5,0,,,,67.8,0,0,0,24.0
3,17,5,0,,,,63.3,0,0,0,2.0
3,18,5,0,,,,59.6,0,0,0,0.0
3,19,5,0,,,,55.5,0,0,0,0.0
3,20,5,0,,,,49.8,0,0,0,0.0
3,21,5,0,,,,46.0,0,0,0,0.0
3,22,5,0,,,,46.6,0,0,0,0.0
3,23,5,0,,,,45.4,0,0,0,0.0
3,24,5,0,,,,45.5,0,0,0,0.0
3,1,6,0,,,,45.9,0,0,0,0.0
3,2,6,0,,,,46.2,0,0,0,0.0
3,3,6,0,,,,45.7,0,0,0,0.0
3,4,6,0,,,,46.0,0,0,0,0.0
3,5,6,0,,,,46.5,0,0,0,0.0
3,6,6,0,,,,46.3,0,0,0,8.0
3,7,6,0,,,,46.5,0,0,0,51.0
3,8,6,0,,,,49.6,0,0,0,224.0
3,9,6,0,,,,55.8,0,0,0,335.0
3,10,6,0,,,,57.5,0,0,0,421.0
3,11,6,0,,,,62.7,0,0,0,365.0
3,12,6,0,,,,63.1,0,0,0,268.0
3,13,6,0,,,,63.2,0,0,0,169.0
3,14,6,0,,,,66.3,0,0,0,86.0
3,15,6,0,,,,68.3,0,0,0,48.0
3,16,6,0,,,,63.8,0,0,0,17.0
3,17,6,0,,,,60.8,0,0,0,0.0
3,18,6,0,,,,57.2,0,0,0,0.0
3,19,6,0,,,,56.0,0,0,0,0.0
3,20,6,0,,,,50.7,0,0,0,0.0
3,21,6,0,,,,47.8,0,0,0,0.0
3,22,6,0,,,,47.0,0,0,0,0.0
3,23,6,0,,,,46.6,0,0,0,0.0
3,24,6,0,,,,46.7,0,0,0,0.0
3,1,7,0,,,,46.9,0,0,0,0.0
3,2,7,0,,,,47.2,0,0,0,0.0
3,3,7,0,,,,47.0,0,0,0,0.0
3,4,7,0,,,,46.6,0,0,0,0.0
3,5,7,0,,,,46.9,0,0,0,0.0
3,6,7,0,,,,44.9,0,0,0,21.0
3,7,7,0,,,,45.4,0,0,0,59.0
3,8,7,0,,,,45.9,0,0,0,132.0
3,9,7,0,,,,47.0,0,0,0,311.0
3,10,7,0,,,,46.2,0,0,0,404.0
3,11,7,0,,,,46.8,0,0,0,383.0
3,12,7,0,,,,46.9,0,0,0,300.0
3,13,7,0,,,,46.0,0,0,0,214.0
3,14,7,0,,,,45.2,0,0,0,157.0
3,15,7,0,,,,45.4,0,0,0,93.0
3,16,7,0,,,,46.2,0,0,0,36.0
3,17,7,0,,,,46.4,0,0,0,4.0
3,18,7,0,,,,46.4,0,0,0,0.0
3,19,7,0,,,,45.8,0,0,0,0.0
3,20,7,0,,,,46.1,0,0,0,0.0
3,21,7,0,,,,46.5,0,0,0,0.0
3,22,7,0,,,,47.2,0,0,0,0.0
3,23,7,0,,,,48.3,0,0,0,0.0
3,24,7,0,,,,48.5,0,0,0,0.0
3,1,1,0,,,,47.2,0,0,0,0.0
3,2,1,0,,,,48.1,0,0,0,0.0
3,3,1,0,,,,48.7,0,0,0,0.0
3,4,1,0,,,,48.9,0,0,0,0.0
3,5,1,0,,,,47.5,0,0,0,0.0
3,6,1,0,,,,49.3,0,0,0,17.0
3,7,1,0,,,,49.8,0,0,0,100.0
3,8,1,0,,,,45.1,0,0,0,295.0
3,9,1,0,,,,46.2,0,0,0,653.0
3,10,1,0,,,,45.7,0,0,0,840.0
3,11,1,0,,,,45.7,0,0,0,689.0
3,12,1,0,,,,44.8,0,0,0,536.0
3,13,1,0,,,,45.6,0,0,0,470.0
3,14,1,0,,,,44.8,0,0,0,503.0
3,15,1,0,,,,45.6,0,0,0,553.0
3,16,1,0,,,,47.0,0,0,0,480.0
3,17,1,0,,,,45.7,0,0,0,151.0
3,18,1,0,,,,45.9,0,0,0,0.0
3,19,1,0,,,,47.4,0,0,0,0.0
3,20,1,0,,,,45.8,0,0,0,0.0
3,21,1,0,,,,43.7,0,0,0,0.0
3,22,1,0,,,,44.0,0,0,0,0.0
3,23,1,0,,,,44.2,0,0,0,0.0
3,24,1,0,,,,44.4,0,0,0,0.0
3,1,2,0,,,,44.7,0,0,0,0.0
3,2,2,0,,,,45.6,0,0,0,0.0
3,3,2,0,,,,44.9,0,0,0,0.0
3,4,2,0,,,,46.6,0,0,0,0.0
3,5,2,0,,,,44.2,0,0,0,0.0
3,6,2,0,,,,45.4,0,0,0,5.0
3,7,2,0,,,,44.8,0,0,0,63.0
3,8,2,0,,,,49.2,0,0,0,387.0
3,9,2,0,,,,57.5,0,0,0,656.0
3,10,2,0,,,,60.0,0,0,0,684.0
3,11,2,0,,,,64.0,0,0,0,592.0
3,12,2,0,,,,63.2,0,0,0,589.0
3,13,2,0,,,,64.8,0,0,0,512.0
3,14,2,0,,,,66.1,0,0,0,326.0
3,15,2,0,,,,65.4,0,0,0,174.0
3,16,2,0,,,,65.4,0,0,0,53.0
3,17,2,0,,,,64.9,0,0,0,3.0
3,18,2,0,,,,61.4,0,0,0,0.0
3,19,2,0,,,,57.6,0,0,0,0.0
3,20,2,0,,,,53.7,0,0,0,0.0
3,21,2,0,,,,51.4,0,0,0,0.0
3,22,2,0,,,,51.4,0,0,0,0.0
3,23,2,0,,,,51.5,0,0,0,0.0
3,24,2,0,,,,50.9,0,0,0,0.0
3,1,3,0,,,,51.6,0,0,0,0.0
3,2,3,0,,,,52.9,0,0,0,0.0
3,3,3,0,,,,49.6,0,0,0,0.0
3,4,3,0,,,,49.9,0,0,0,0.0
3,5,3,0,,,,49.2,0,0,0,0.0
3,6,3,0,,,,49.2,0,0,0,19.0
3,7,3,0,,,,46.3,0,0,0,72.0
3,8,3,0,,,,47.6,0,0,0,166.0
3,9,3,0,,,,56.1,0,0,0,402.0
3,10,3,0,,,,58.5,0,0,0,495.0
3,11,3,0,,,,60.4,0,0,0,605.0
3,12,3,0,,,,61.9,0,0,0,461.0
3,13,3,0,,,,61.3,0,0,0,252.0
3,14,3,0,,,,65.2,0,0,0,113.0
3,15,3,0,,,,64.6,0,0,0,44.0
3,16,3,0,,,,67.2,0,0,0,16.0
3,17,3,0,,,,65.6,0,0,0,1.0
3,18,3,0,,,,61.8,0,0,0,0.0
3,19,3,0,,,,56.2,0,0,0,0.0
3,20,3,0,,,,52.4,0,0,0,0.0
3,21,3,0,,,,49.0,0,0,0,0.0
3,22,3,0,,,,44.8,0,0,0,0.0
3,23,3,0,,,,44.8,0,0,0,0.0
3,24,3,0,,,,43.6,0,0,0,0.0
3,1,4,0,,,,44.4,0,0,0,0.0
3,2,4,0,,,,45.0,0,0,0,0.0
3,3,4,0,,,,44.0,0,0,0,0.0
3,4,4,0,,,,44.5,0,0,0,0.0
3,5,4,0,,,,44.6,0,0,0,0.0
3,6,4,0,,,,45.4,0,0,0,6.0
3,7,4,0,,,,45.9,0,0,0,31.0
3,8,4,0,,,,47.9,0,0,0,91.0
3,9,4,0,,,,53.4,0,0,0,173.0
3,10,4,0,,,,58.1,0,0,0,295.0
3,11,4,0,,,,63.0,0,0,0,388.0
3,12,4,0,,,,64.3,0,0,0,349.0
3,13,4,0,,,,63.6,0,0,0,323.0
3,14,4,0,,,,62.2,0,0,0,371.0
3,15,4,0,,,,63.8,0,0,0,274.0
3,16,4,0,,,,67.7,0,0,0,90.0
3,17,4,0,,,,63.8,0,0,0,17.0
3,18,4,0,,,,58.7,0,0,0,0.0
3,19,4,0,,,,56.9,0,0,0,0.0
3,20,4,0,,,,50.7,0,0,0,0.0
3,21,4,0,,,,47.9,0,0,0,0.0
3,22,4,0,,,,44.8,0,0,0,0.0
3,23,4,0,,,,44.4,0,0,0,0.0
3,24,4,0,,,,44.5,0,0,0,0.0
3,1,5,0,,,,44.8,0,0,0,0.0
3,2,5,0,,,,45.0,0,0,0,0.0
3,3,5,0,,,,45.2,0,0,0,0.0
3,4,5,0,,,,45.5,0,0,0,0.0
3,5,5,0,,,,44.6,0,0,0,0.0
3,6,5,0,,,,45.0,0,0,0,5.0
3,7,5,0,,,,45.1,0,0,0,22.0
3,8,5,0,,,,49.0,0,0,0,41.0
3,9,5,0,,,,56.3,0,0,0,83.0
3,10,5,0,,,,60.2,0,0,0,215.0
3,11,5,0,,,,63.2,0,0,0,411.0
3,12,5,0,,,,65.1,0,0,0,459.0
3,13,5,0,,,,63.4,0,0,0,350.0
3,14,5,0,,,,61.2,0,0,0,165.0
3,15,5,0,,,,64.6,0,0,0,57.0
3,16,5,0,,,,65.2,0,0,0,35.0
3,17,5,0,,,,61.4,0,0,0,16.0
3,18,5,0,,,,57.4,0,0,0,0.0
3,19,5,0,,,,55.7,0,0,0,0.0
3,20,5,0,,,,51.0,0,0,0,0.0
3,21,5,0,,,,49.6,0,0,0,0.0
3,22,5,0,,,,49.9,0,0,0,0.0
3,23,5,0,,,,49.2,0,0,0,0.0
3,24,5,0,,,,47.8,0,0,0,0.0
3,1,6,0,,,,48.9,0,0,0,0.0
3,2,6,0,,,,49.7,0,0,0,0.0
3,3,6,0,,,,49.7,0,0,0,0.0
3,4,6,0,,,,49.9,0,0,0,0.0
3,5,6,0,,,,48.6,0,0,0,0.0
3,6,6,0,,,,49.7,0,0,0,35.0
3,7,6,0,,,,48.8,0,0,0,159.0
3,8,6,0,,,,53.0,0,0,0,459.0
3,9,6,0,,,,57.4,0,0,0,817.0
3,10,6,0,,,,57.9,0,0,0,833.0
3,11,6,0,,,,61.0,0,0,0,801.0
3,12,6,0,,,,61.8,0,0,0,752.0
3,13,6,0,,,,60.6,0,0,0,641.0
3,14,6,0,,,,63.5,0,0,0,372.0
3,15,6,0,,,,60.7,0,0,0,194.0
3,16,6,0,,,,62.2,0,0,0,107.0
3,17,6,0,,,,58.8,0,0,0,93.0
3,18,6,0,,,,53.7,0,0,0,0.0
3,19,6,0,,,,51.8,0,0,0,0.0
3,20,6,0,,,,48.8,0,0,0,0.0
3,21,6,0,,,,46.7,0,0,0,0.0
3,22,6,0,,,,45.3,0,0,0,0.0
3,23,6,0,,,,45.2,0,0,0,0.0
3,24,6,0,,,,44.4,0,0,0,0.0
3,1,7,0,,,,46.4,0,0,0,0.0
3,2,7,0,,,,46.0,0,0,0,0.0
3,3,7,0,,,,46.1,0,0,0,0.0
3,4,7,0,,,,46.0,0,0,0,0.0
3,5,7,0,,,,47.1,0,0,0,0.0
3,6,7,0,,,,45.4,0,0,0,12.0
3,7,7,0,,,,45.6,0,0,0,68.0
3,8,7,0,,,,46.3,0,0,0,188.0
3,9,7,0,,,,45.0,0,0,0,589.0
3,10,7,0,,,,45.0,0,0,0,687.0
3,11,7,0,,,,44.6,0,0,0,476.0
3,12,7,0,,,,43.6,0,0,0,374.0
3,13,7,0,,,,45.5,0,0,0,360.0
3,14,7,0,,,,44.2,0,0,0,377.0
3,15,7,0,,,,44.7,0,0,0,365.0
3,16,7,0,,,,46.0,0,0,0,192.0
3,17,7,0,,,,48.1,0,0,0,63.0
3,18,7,0,,,,45.6,0,0,0,0.0
3,19,7,0,,,,46.9,0,0,0,0.0
3,20,7,0,,,,46.7,0,0,0,0.0
3,21,7,0,,,,45.2,0,0,0,0.0
3,22,7,0,,,,45.8,0,0,0,0.0
3,23,7,0,,,,42.6,0,0,0,0.0
3,24,7,0,,,,42.5,0,0,0,0.0
3,1,1,1,,,,42.9,0,0,0,0.0
3,2,1,1,,,,43.1,0,0,0,0.0
3,3,1,1,,,,43.3,0,0,0,0.0
3,4,1,1,,,,42.5,0,0,0,0.0
3,5,1,1,,,,42.1,0,0,0,0.0
3,6,1,1,,,,43.4,0,0,0,5.0
3,7,1,1,,,,42.1,0,0,0,30.0
3,8,1,1,,,,42.0,0,0,0,96.0
3,9,1,1,,,,41.0,0,0,0,383.0
3,10,1,1,,,,40.6,0,0,0,778.0
3,11,1,1,,,,40.2,0,0,0,774.0
3,12,1,1,,,,40.4,0,0,0,723.0
3,13,1,1,,,,40.9,0,0,0,601.0
3,14,1,1,,,,40.7,0,0,0,443.0
3,15,1,1,,,,41.8,0,0,0,304.0
3,16,1,1,,,,44.6,0,0,0,115.0
3,17,1,1,,,,45.9,0,0,0,23.0
3,18,1,1,,,,46.9,0,0,0,0.0
3,19,1,1,,,,49.2,0,0,0,0.0
3,20,1,1,,,,47.0,0,0,0,0.0
3,21,1,1,,,,47.1,0,0,0,0.0
3,22,1,1,,,,47.6,0,0,0,0.0
3,23,1,1,,,,46.9,0,0,0,0.0
3,24,1,1,,,,46.8,0,0,0,0.0
3,1,2,1,,,,46.2,0,0,0,0.0
3,2,2,1,,,,46.8,0,0,0,0.0
3,3,2,1,,,,47.2,0,0,0,0.0
3,4,2,1,,,,48.0,0,0,0,0.0
3,5,2,1,,,,48.1,0,0,0,0.0
3,6,2,1,,,,46.3,0,0,0,11.0
3,7,2,1,,,,49.9,0,0,0,39.0
3,8,2,1,,,,54.8,0,0,0,65.0
3,9,2,1,,,,60.9,0,0,0,87.0
3,10,2,1,,,,67.0,0,0,0,106.0
3,11,2,1,,,,65.1,0,0,0,142.0
3,12,2,1,,,,63.5,0,0,0,157.0
3,13,2,1,,,,66.8,0,0,0,130.0
3,14,2,1,,,,65.2,0,0,0,99.0
3,15,2,1,,,,65.4,0,0,0,69.0
3,16,2,1,,,,65.6,0,0,0,26.0
3,17,2,1,,,,59.3,0,0,0,2.0
3,18,2,1,,,,51.8,0,0,0,0.0
3,19,2,1,,,,49.1,0,0,0,0.0
3,20,2,1,,,,47.9,0,0,0,0.0
3,21,2,1,,,,47.4,0,0,0,0.0
3,22,2,1,,,,46.5,0,0,0,0.0
3,23,2,1,,,,47.0,0,0,0,0.0
3,24,2,1,,,,45.9,0,0,0,0.0
3,1,3,1,,,,48.4,0,0,0,0.0
3,2,3,1,,,,45.9,0,0,0,0.0
3,3,3,1,,,,47.6,0,0,0,0.0
3,4,3,1,,,,47.3,0,0,0,0.0
3,5,3,1,,,,47.3,0,0,0,0.0
3,6,3,1,,,,47.7,0,0,0,11.0
3,7,3,1,,,,48.7,0,0,0,41.0
3,8,3,1,,,,56.1,0,0,0,59.0
3,9,3,1,,,,62.3,0,0,0,73.0
3,10,3,1,,,,65.9,0,0,0,122.0
3,11,3,1,,,,63.8,0,0,0,207.0
3,12,3,1,,,,67.2,0,0,0,319.0
3,13,3,1,,,,64.5,0,0,0,412.0
3,14,3,1,,,,64.4,0,0,0,264.0
3,15,3,1,,,,66.8,0,0,0,121.0
3,16,3,1,,,,63.7,0,0,0,54.0
3,17,3,1,,,,59.8,0,0,0,29.0
3,18,3,1,,,,57.8,0,0,0,0.0
3,19,3,1,,,,55.6,0,0,0,0.0
3,20,3,1,,,,52.8,0,0,0,0.0
3,21,3,1,,,,52.8,0,0,0,0.0
3,22,3,1,,,,51.7,0,0,0,0.0
3,23,3,1,,,,52.0,0,0,0,0.0
3,24,3,1,,,,51.9,0,0,0,0.0
3,1,4,1,,,,50.0,0,0,0,0.0
3,2,4,1,,,,50.0,0,0,0,0.0
3,3,4,1,,,,51.4,0,0,0,0.0
3,4,4,1,,,,51.0,0,0,0,0.0
3,5,4,1,,,,52.4,0,0,0,0.0
3,6,4,1,,,,47.9,0,0,0,17.0
3,7,4,1,,,,50.6,0,0,0,53.0
3,8,4,1,,,,58.0,0,0,0,166.0
3,9,4,1,,,,60.3,0,0,0,268.0
3,10,4,1,,,,66.0,0,0,0,377.0
3,11,4,1,,,,67.6,0,0,0,463.0
3,12,4,1,,,,69.7,0,0,0,427.0
3,13,4,1,,,,64.7,0,0,0,264.0
3,14,4,1,,,,65.3,0,0,0,199.0
3,15,4,1,,,,64.8,0,0,0,156.0
3,16,4,1,,,,61.7,0,0,0,92.0
3,17,4,1,,,,56.6,0,0,0,23.0
3,18,4,1,,,,53.2,0,0,0,0.0
3,19,4,1,,,,47.7,0,0,0,0.0
3,20,4,1,,,,46.8,0,0,0,0.0
3,21,4,1,,,,45.5,0,0,0,0.0
3,22,4,1,,,,46.6,0,0,0,0.0
3,23,4,1,,,,46.2,0,0,0,0.0
3,24,4,1,,,,46.2,0,0,0,0.0
4,1,5,1,,,,46.9,0,0,0,0.0
4,2,5,1,,,,46.8,0,0,0,0.0
4,3,5,1,,,,49.1,0,0,0,0.0
4,4,5,1,,,,47.4,0,0,0,0.0
4,5,5,1,,,,48.0,0,0,0,0.0
4,6,5,1,,,,46.0,0,0,0,48.0
4,7,5,1,,,,49.4,0,0,0,197.0
4,8,5,1,,,,55.6,0,0,0,523.0
4,9,5,1,,,,59.5,0,0,0,751.0
4,10,5,1,,,,61.2,0,0,0,759.0
4,11,5,1,,,,60.9,0,0,0,612.0
4,12,5,1,,,,63.2,0,0,0,354.0
4,13,5,1,,,,61.5,0,0,0,203.0
4,14,5,1,,,,63.0,0,0,0,125.0
4,15,5,1,,,,64.9,0,0,0,82.0
4,16,5,1,,,,66.0,0,0,0,53.0
4,17,5,1,,,,61.2,0,0,0,16.0
4,18,5,1,,,,52.3,0,0,0,0.0
4,19,5,1,,,,54.3,0,0,0,0.0
4,20,5,1,,,,53.2,0,0,0,0.0
4,21,5,1,,,,47.3,0,0,0,0.0
4,22,5,1,,,,48.9,0,0,0,0.0
4,23,5,1,,,,48.2,0,0,0,0.0
4,24,5,1,,,,48.7,0,0,0,0.0
4,1,6,1,,,,47.7,0,0,0,0.0
4,2,6,1,,,,48.9,0,0,0,0.0
4,3,6,1,,,,48.4,0,0,0,0.0
4,4,6,1,,,,48.6,0,0,0,0.0
4,5,6,1,,,,48.5,0,0,0,0.0
4,6,6,1,,,,48.6,0,0,0,21.0
4,7,6,1,,,,48.0,0,0,0,45.0
4,8,6,1,,,,48.3,0,0,0,119.0
4,9,6,1,,,,50.6,0,0,0,303.0
4,10,6,1,,,,51.2,0,0,0,512.0
4,11,6,1,,,,49.1,0,0,0,477.0
4,12,6,1,,,,49.9,0,0,0,332.0
4,13,6,1,,,,50.7,0,0,0,217.0
4,14,6,1,,,,51.8,0,0,0,147.0
4,15,6,1,,,,52.3,0,0,0,114.0
4,16,6,1,,,,51.3,0,0,0,90.0
4,17,6,1,,,,49.2,0,0,0,48.0
4,18,6,1,,,,48.3,0,0,0,0.0
4,19,6,1,,,,48.6,0,0,0,0.0
4,20,6,1,,,,48.0,0,0,0,0.0
4,21,6,1,,,,48.8,0,0,0,0.0
4,22,6,1,,,,49.2,0,0,0,0.0
4,23,6,1,,,,46.2,0,0,0,0.0
4,24,6,1,,,,40.5,0,0,0,0.0
4,1,7,1,,,,40.0,0,0,0,0.0
4,2,7,1,,,,39.8,0,0,0,0.0
4,3,7,1,,,,40.0,0,0,0,0.0
4,4,7,1,,,,40.5,0,0,0,0.0
4,5,7,1,,,,39.4,0,0,0,0.0
4,6,7,1,,,,39.4,0,0,0,27.0
4,7,7,1,,,,40.4,0,0,0,93.0
4,8,7,1,,,,38.9,0,0,0,458.0
4,9,7,1,,,,39.5,0,0,0,633.0
4,10,7,1,,,,38.6,0,0,0,593.0
4,11,7,1,,,,39.5,0,0,0,547.0
4,12,7,1,,,,38.4,0,0,0,513.0
4,13,7,1,,,,36.4,0,0,0,527.0
4,14,7,1,,,,37.6,0,0,0,463.0
4,15,7,1,,,,39.0,0,0,0,301.0
4,16,7,1,,,,37.8,0,0,0,133.0
4,17,7,1,,,,38.1,0,0,0,37.0
4,18,7,1,,,,37.6,0,0,0,0.0
4,19,7,1,,,,37.1,0,0,0,0.0
4,20,7,1,,,,38.5,0,0,0,0.0
4,21,7,1,,,,39.1,0,0,0,0.0
4,22,7,1,,,,39.1,0,0,0,0.0
4,23,7,1,,,,38.6,0,0,0,0.0
4,24,7,1,,,,38.2,0,0,0,0.0
4,1,1,1,,,,38.8,0,0,0,0.0
4,2,1,1,,,,38.6,0,0,0,0.0
4,3,1,1,,,,38.7,0,0,0,0.0
4,4,1,1,,,,38.2,0,0,0,0.0
4,5,1,1,,,,38.4,0,0,0,0.0
4,6,1,1,,,,37.9,0,0,0,37.0
4,7,1,1,,,,37.5,0,0,0,134.0
4,8,1,1,,,,37.2,0,0,0,454.0
4,9,1,1,,,,37.8,0,0,0,579.0
4,10,1,1,,,,37.4,0,0,0,696.0
4,11,1,1,,,,36.4,0,0,0,727.0
4,12,1,1,,,,37.6,0,0,0,679.0
4,13,1,1,,,,36.5,0,0,0,654.0
4,14,1,1,,,,34.9,0,0,0,609.0
4,15,1,1,,,,35.7,0,0,0,542.0
4,16,1,1,,,,36.5,0,0,0,428.0
4,17,1,1,,,,37.0,0,0,0,211.0
4,18,1,1,,,,36.1,0,0,0,9.0
4,19,1,1,,,,38.0,0,0,0,0.0
4,20,1,1,,,,38.2,0,0,0,0.0
4,21,1,1,,,,39.4,0,0,0,0.0
4,22,1,1,,,,39.0,0,0,0,0.0
4,23,1,1,,,,38.9,0,0,0,0.0
4,24,1,1,,,,38.1,0,0,0,0.0
4,1,2,1,,,,39.8,0,0,0,0.0
4,2,2,1,,,,39.0,0,0,0,0.0
4,3,2,1,,,,39.4,0,0,0,0.0
4,4,2,1,,,,39.4,0,0,0,0.0
4,5,2,1,,,,40.2,0,0,0,0.0
4,6,2,1,,,,40.0,0,0,0,8.0
4,7,2,1,,,,39.6,0,0,0,36.0
4,8,2,1,,,,39.1,0,0,0,101.0
4,9,2,1,,,,39.0,0,0,0,239.0
4,10,2,1,,,,40.7,0,0,0,486.0
4,11,2,1,,,,41.8,0,0,0,603.0
4,12,2,1,,,,42.1,0,0,0,606.0
4,13,2,1,,,,43.4,0,0,0,624.0
4,14,2,1,,,,44.0,0,0,0,554.0
4,15,2,1,,,,42.5,0,0,0,560.0
4,16,2,1,,,,43.7,0,0,0,468.0
4,17,2,1,,,,41.1,0,0,0,169.0
4,18,2,1,,,,41.5,0,0,0,14.0
4,19,2,1,,,,39.6,0,0,0,0.0
4,20,2,1,,,,41.1,0,0,0,0.0
4,21,2,1,,,,41.3,0,0,0,0.0
4,22,2,1,,,,41.1,0,0,0,0.0
4,23,2,1,,,,41.5,0,0,0,0.0
4,24,2,1,,,,42.1,0,0,0,0.0
4,1,3,1,,,,40.4,0,0,0,0.0
4,2,3,1,,,,40.4,0,0,0,0.0
4,3,3,1,,,,40.1,0,0,0,0.0
4,4,3,1,,,,41.0,0,0,0,0.0
4,5,3,1,,,,41.1,0,0,0,11.0
4,6,3,1,,,,41.4,0,0,0,96.0
4,7,3,1,,,,43.2,0,0,0,491.0
4,8,3,1,,,,47.9,0,0,0,717.0
4,9,3,1,,,,51.8,0,0,0,763.0
4,10,3,1,,,,55.9,0,0,0,805.0
4,11,3,1,,,,54.4,0,0,0,786.0
4,12,3,1,,,,55.2,0,0,0,621.0
4,13,3,1,,,,56.4,0,0,0,353.0
4,14,3,1,,,,56.5,0,0,0,209.0
4,15,3,1,,,,53.0,0,0,0,201.0
4,16,3,1,,,,52.8,0,0,0,209.0
4,17,3,1,,,,52.0,0,0,0,113.0
4,18,3,1,,,,49.4,0,0,0,7.0
4,19,3,1,,,,48.2,0,0,0,0.0
4,20,3,1,,,,45.4,0,0,0,0.0
4,21,3,1,,,,43.7,0,0,0,0.0
4,22,3,1,,,,42.9,0,0,0,0.0
4,23,3,1,,,,43.2,0,0,0,0.0
4,24,3,1,,,,43.0,0,0,0,0.0
4,1,4,1,,,,43.0,0,0,0,0.0
4,2,4,1,,,,44.2,0,0,0,0.0
4,3,4,1,,,,42.5,0,0,0,0.0
4,4,4,1,,,,44.2,0,0,0,0.0
4,5,4,1,,,,44.3,0,0,0,0.0
4,6,4,1,,,,43.2,0,0,0,17.0
4,7,4,1,,,,48.8,0,0,0,57.0
4,8,4,1,,,,52.7,0,0,0,131.0
4,9,4,1,,,,58.6,0,0,0,213.0
4,10,4,1,,,,67.1,0,0,0,297.0
4,11,4,1,,,,67.0,0,0,0,354.0
4,12,4,1,,,,65.9,0,0,0,364.0
4,13,4,1,,,,64.1,0,0,0,293.0
4,14,4,1,,,,65.6,0,0,0,178.0
4,15,4,1,,,,68.7,0,0,0,83.0
4,16,4,1,,,,63.9,0,0,0,49.0
4,17,4,1,,,,58.1,0,0,0,31.0
4,18,4,1,,,,51.2,0,0,0,1.0
4,19,4,1,,,,46.9,0,0,0,0.0
4,20,4,1,,,,44.6,0,0,0,0.0
4,21,4,1,,,,45.7,0,0,0,0.0
4,22,4,1,,,,44.6,0,0,0,0.0
4,23,4,1,,,,44.8,0,0,0,0.0
4,24,4,1,,,,45.3,0,0,0,0.0
4,1,5,1,,,,44.5,0,0,0,0.0
4,2,5,1,,,,45.2,0,0,0,0.0
4,3,5,1,,,,44.8,0,0,0,0.0
4,4,5,1,,,,45.8,0,0,0,0.0
4,5,5,1,,,,46.6,0,0,0,10.0
4,6,5,1,,,,45.0,0,0,0,140.0
4,7,5,1,,,,48.5,0,0,0,595.0
4,8,5,1,,,,52.4,0,0,0,837.0
4,9,5,1,,,,57.0,0,0,0,877.0
4,10,5,1,,,,57.8,0,0,0,895.0
4,11,5,1,,,,56.9,0,0,0,900.0
4,12,5,1,,,,57.0,0,0,0,893.0
4,13,5,1,,,,55.8,0,0,0,870.0
4,14,5,1,,,,55.8,0,0,0,829.0
4,15,5,1,,,,61.4,0,0,0,729.0
4,16,5,1,,,,60.8,0,0,0,553.0
4,17,5,1,,,,57.5,0,0,0,241.0
4,18,5,1,,,,52.2,0,0,0,22.0
4,19,5,1,,,,48.9,0,0,0,0.0
4,20,5,1,,,,47.2,0,0,0,0.0
4,21,5,1,,,,47.8,0,0,0,0.0
4,22,5,1,,,,48.5,0,0,0,0.0
4,23,5,1,,,,46.0,0,0,0,0.0
4,24,5,1,,,,43.1,0,0,0,0.0
4,1,6,1,,,,43.6,0,0,0,0.0
4,2,6,1,,,,42.6,0,0,0,0.0
4,3,6,1,,,,43.1,0,0,0,0.0
4,4,6,1,,,,44.7,0,0,0,0.0
4,5,6,1,,,,47.5,0,0,0,26.0
4,6,6,1,,,,47.8,0,0,0,168.0
4,7,6,1,,,,44.4,0,0,0,396.0
4,8,6,1,,,,49.2,0,0,0,738.0
4,9,6,1,,,,52.4,0,0,0,815.0
4,10,6,1,,,,58.0,0,0,0,794.0
4,11,6,1,,,,59.0,0,0,0,780.0
4,12,6,1,,,,60.0,0,0,0,778.0
4,13,6,1,,,,58.4,0,0,0,678.0
4,14,6,1,,,,57.6,0,0,0,528.0
4,15,6,1,,,,57.1,0,0,0,300.0
4,16,6,1,,,,58.7,0,0,0,194.0
4,17,6,1,,,,54.0,0,0,0,119.0
4,18,6,1,,,,50.8,0,0,0,18.0
4,19,6,1,,,,48.6,0,0,0,0.0
4,20,6,1,,,,46.6,0,0,0,0.0
4,21,6,1,,,,46.9,0,0,0,0.0
4,22,6,1,,,,45.0,0,0,0,0.0
4,23,6,1,,,,45.4,0,0,0,0.0
4,24,6,1,,,,46.0,0,0,0,0.0
4,1,7,1,,,,45.6,0,0,0,0.0
4,2,7,1,,,,45.7,0,0,0,0.0
4,3,7,1,,,,45.2,0,0,0,0.0
4,4,7,1,,,,47.8,0,0,0,0.0
4,5,7,1,,,,48.6,0,0,0,73.0
4,6,7,1,,,,48.0,0,0,0,421.0
4,7,7,1,,,,44.6,0,0,0,679.0
4,8,7,1,,,,47.9,0,0,0,800.0
4,9,7,1,,,,45.9,0,0,0,841.0
4,10,7,1,,,,43.9,0,0,0,869.0
4,11,7,1,,,,42.8,0,0,0,879.0
4,12,7,1,,,,44.4,0,0,0,881.0
4,13,7,1,,,,44.4,0,0,0,866.0
4,14,7,1,,,,43.6,0,0,0,833.0
4,15,7,1,,,,42.3,0,0,0,743.0
4,16,7,1,,,,43.7,0,0,0,576.0
4,17,7,1,,,,42.7,0,0,0,250.0
4,18,7,1,,,,43.0,0,0,0,28.0
4,19,7,1,,,,44.1,0,0,0,0.0
4,20,7,1,,,,44.2,0,0,0,0.0
4,21,7,1,,,,44.6,0,0,0,0.0
4,22,7,1,,,,46.0,0,0,0,0.0
4,23,7,1,,,,46.9,0,0,0,0.0
4,24,7,1,,,,47.7,0,0,0,0.0
4,1,1,1,,,,48.0,0,0,0,0.0
4,2,1,1,,,,48.3,0,0,0,0.0
4,3,1,1,,,,48.8,0,0,0,0.0
4,4,1,1,,,,47.3,0,0,0,0.0
4,5,1,1,,,,48.3,0,0,0,19.0
4,6,1,1,,,,48.6,0,0,0,170.0
4,7,1,1,,,,46.3,0,0,0,562.0
4,8,1,1,,,,46.6,0,0,0,777.0
4,9,1,1,,,,46.0,0,0,0,785.0
4,10,1,1,,,,44.5,0,0,0,639.0
4,11,1,1,,,,44.1,0,0,0,495.0
4,12,1,1,,,,44.3,0,0,0,492.0
4,13,1,1,,,,44.1,0,0,0,737.0
4,14,1,1,,,,43.4,0,0,0,849.0
4,15,1,1,,,,44.2,0,0,0,760.0
4,16,1,1,,,,45.2,0,0,0,633.0
4,17,1,1,,,,44.6,0,0,0,443.0
4,18,1,1,,,,44.6,0,0,0,89.0
4,19,1,1,,,,45.9,0,0,0,0.0
4,20,1,1,,,,47.6,0,0,0,0.0
4,21,1,1,,,,47.7,0,0,0,0.0
4,22,1,1,,,,46.4,0,0,0,0.0
4,23,1,1,,,,39.1,0,0,0,0.0
4,24,1,1,,,,39.8,0,0,0,0.0
4,1,2,1,,,,41.0,0,0,0,0.0
4,2,2,1,,,,41.1,0,0,0,0.0
4,3,2,1,,,,41.3,0,0,0,0.0
4,4,2,1,,,,40.8,0,0,0,0.0
4,5,2,1,,,,40.8,0,0,0,18.0
4,6,2,1,,,,42.4,0,0,0,133.0
4,7,2,1,,,,41.2,0,0,0,330.0
4,8,2,1,,,,44.7,0,0,0,567.0
4,9,2,1,,,,53.3,0,0,0,792.0
4,10,2,1,,,,59.2,0,0,0,871.0
4,11,2,1,,,,63.2,0,0,0,865.0
4,12,2,1,,,,65.3,0,0,0,773.0
4,13,2,1,,,,65.7,0,0,0,691.0
4,14,2,1,,,,66.6,0,0,0,620.0
4,15,2,1,,,,66.9,0,0,0,557.0
4,16,2,1,,,,67.5,0,0,0,557.0
4,17,2,1,,,,64.9,0,0,0,391.0
4,18,2,1,,,,60.9,0,0,0,82.0
4,19,2,1,,,,54.8,0,0,0,0.0
4,20,2,1,,,,52.2,0,0,0,0.0
4,21,2,1,,,,54.4,0,0,0,0.0
4,22,2,1,,,,53.0,0,0,0,0.0
4,23,2,1,,,,52.4,0,0,0,0.0
4,24,2,1,,,,52.2,0,0,0,0.0
4,1,3,1,,,,52.8,0,0,0,0.0
4,2,3,1,,,,52.1,0,0,0,0.0
4,3,3,1,,,,46.4,0,0,0,0.0
4,4,3,1,,,,46.8,0,0,0,0.0
4,5,3,1,,,,46.4,0,0,0,17.0
4,6,3,1,,,,49.0,0,0,0,126.0
4,7,3,1,,,,47.8,0,0,0,462.0
4,8,3,1,,,,53.1,0,0,0,685.0
4,9,3,1,,,,58.8,0,0,0,810.0
4,10,3,1,,,,61.5,0,0,0,869.0
4,11,3,1,,,,60.4,0,0,0,885.0
4,12,3,1,,,,60.8,0,0,0,841.0
4,13,3,1,,,,59.8,0,0,0,690.0
4,14,3,1,,,,60.0,0,0,0,419.0
4,15,3,1,,,,58.9,0,0,0,274.0
4,16,3,1,,,,60.8,0,0,0,315.0
4,17,3,1,,,,57.0,0,0,0,250.0
4,18,3,1,,,,52.6,0,0,0,39.0
4,19,3,1,,,,49.9,0,0,0,0.0
4,20,3,1,,,,46.8,0,0,0,0.0
4,21,3,1,,,,46.2,0,0,0,0.0
4,22,3,1,,,,45.4,0,0,0,0.0
4,23,3,1,,,,45.8,0,0,0,0.0
4,24,3,1,,,,46.0,0,0,0,0.0
4,1,4,1,,,,45.5,0,0,0,0.0
4,2,4,1,,,,46.1,0,0,0,0.0
4,3,4,1,,,,44.8,0,0,0,0.0
4,4,4,1,,,,44.6,0,0,0,0.0
4,5,4,1,,,,43.8,0,0,0,49.0
4,6,4,1,,,,45.9,0,0,0,263.0
4,7,4,1,,,,45.4,0,0,0,470.0
4,8,4,1,,,,52.1,0,0,0,642.0
4,9,4,1,,,,57.0,0,0,0,822.0
4,10,4,1,,,,61.6,0,0,0,860.0
4,11,4,1,,,,66.0,0,0,0,902.0
4,12,4,1,,,,66.1,0,0,0,907.0
4,13,4,1,,,,63.5,0,0,0,906.0
4,14,4,1,,,,61.6,0,0,0,878.0
4,15,4,1,,,,60.5,0,0,0,821.0
4,16,4,1,,,,58.8,0,0,0,714.0
4,17,4,1,,,,56.9,0,0,0,493.0
4,18,4,1,,,,51.2,0,0,0,146.0
4,19,4,1,,,,46.2,0,0,0,0.0
4,20,4,1,,,,44.7,0,0,0,0.0
4,21,4,1,,,,44.8,0,0,0,0.0
4,22,4,1,,,,46.4,0,0,0,0.0
4,23,4,1,,,,45.0,0,0,0,0.0
4,24,4,1,,,,46.4,0,0,0,0.0
4,1,5,1,,,,43.8,0,0,0,0.0
4,2,5,1,,,,43.8,0,0,0,0.0
4,3,5,1,,,,43.3,0,0,0,0.0
4,4,5,1,,,,42.9,0,0,0,0.0
4,5,5,1,,,,42.9,0,0,0,10.0
4,6,5,1,,,,43.4,0,0,0,83.0
4,7,5,1,,,,43.0,0,0,0,526.0
4,8,5,1,,,,50.2,0,0,0,799.0
4,9,5,1,,,,58.0,0,0,0,859.0
4,10,5,1,,,,64.1,0,0,0,866.0
4,11,5,1,,,,63.8,0,0,0,876.0
4,12,5,1,,,,60.1,0,0,0,872.0
4,13,5,1,,,,61.9,0,0,0,864.0
4,14,5,1,,,,65.5,0,0,0,834.0
4,15,5,1,,,,65.4,0,0,0,760.0
4,16,5,1,,,,61.4,0,0,0,635.0
4,17,5,1,,,,57.1,0,0,0,411.0
4,18,5,1,,,,52.8,0,0,0,108.0
4,19,5,1,,,,48.9,0,0,0,0.0
4,20,5,1,,,,46.4,0,0,0,0.0
4,21,5,1,,,,46.0,0,0,0,0.0
4,22,5,1,,,,44.4,0,0,0,0.0
4,23,5,1,,,,45.2,0,0,0,0.0
4,24,5,1,,,,44.7,0,0,0,0.0
4,1,6,1,,,,44.8,0,0,0,0.0
4,2,6,1,,,,44.2,0,0,0,0.0
4,3,6,1,,,,44.0,0,0,0,0.0
4,4,6,1,,,,45.4,0,0,0,0.0
4,5,6,1,,,,45.4,0,0,0,87.0
4,6,6,1,,,,44.3,0,0,0,317.0
4,7,6,1,,,,43.2,0,0,0,567.0
4,8,6,1,,,,45.6,0,0,0,762.0
4,9,6,1,,,,47.7,0,0,0,851.0
4,10,6,1,,,,51.1,0,0,0,896.0
4,11,6,1,,,,55.5,0,0,0,918.0
4,12,6,1,,,,56.9,0,0,0,883.0
4,13,6,1,,,,56.4,0,0,0,878.0
4,14,6,1,,,,56.2,0,0,0,866.0
4,15,6,1,,,,56.9,0,0,0,830.0
4,16,6,1,,,,56.6,0,0,0,742.0
4,17,6,1,,,,55.0,0,0,0,548.0
4,18,6,1,,,,51.6,0,0,0,209.0
4,19,6,1,,,,50.6,0,0,0,0.0
4,20,6,1,,,,48.2,0,0,0,0.0
4,21,6,1,,,,48.4,0,0,0,0.0
4,22,6,1,,,,48.2,0,0,0,0.0
4,23,6,1,,,,48.7,0,0,0,0.0
4,24,6,1,,,,47.6,0,0,0,0.0
4,1,7,1,,,,47.6,0,0,0,0.0
4,2,7,1,,,,50.0,0,0,0,0.0
4,3,7,1,,,,47.6,0,0,0,0.0
4,4,7,1,,,,46.6,0,0,0,0.0
4,5,7,1,,,,46.4,0,0,0,23.0
4,6,7,1,,,,45.8,0,0,0,96.0
4,7,7,1,,,,45.6,0,0,0,335.0
4,8,7,1,,,,45.0,0,0,0,849.0
4,9,7,1,,,,44.6,0,0,0,913.0
4,10,7,1,,,,43.2,0,0,0,925.0
4,11,7,1,,,,43.8,0,0,0,928.0
4,12,7,1,,,,42.2,0,0,0,924.0
4,13,7,1,,,,41.1,0,0,0,912.0
4,14,7,1,,,,41.2,0,0,0,889.0
4,15,7,1,,,,40.1,0,0,0,849.0
4,16,7,1,,,,40.0,0,0,0,768.0
4,17,7,1,,,,40.1,0,0,0,594.0
4,18,7,1,,,,39.8,0,0,0,272.0
4,19,7,1,,,,39.8,0,0,0,0.0
4,20,7,1,,,,43.8,0,0,0,0.0
4,21,7,1,,,,45.6,0,0,0,0.0
4,22,7,1,,,,45.1,0,0,0,0.0
4,23,7,1,,,,46.2,0,0,0,0.0
4,24,7,1,,,,45.8,0,0,0,0.0
4,1,1,1,,,,47.4,0,0,0,0.0
4,2,1,1,,,,49.8,0,0,0,0.0
4,3,1,1,,,,47.8,0,0,0,0.0
4,4,1,1,,,,49.8,0,0,0,0.0
4,5,1,1,,,,47.0,0,0,0,193.0
4,6,1,1,,,,47.8,0,0,0,532.0
4,7,1,1,,,,46.1,0,0,0,750.0
4,8,1,1,,,,45.8,0,0,0,836.0
4,9,1,1,,,,44.2,0,0,0,871.0
4,10,1,1,,,,43.6,0,0,0,889.0
4,11,1,1,,,,42.5,0,0,0,893.0
4,12,1,1,,,,42.8,0,0,0,875.0
4,13,1,1,,,,43.2,0,0,0,841.0
4,14,1,1,,,,42.5,0,0,0,802.0
4,15,1,1,,,,43.4,0,0,0,672.0
4,16,1,1,,,,45.1,0,0,0,422.0
4,17,1,1,,,,42.8,0,0,0,164.0
4,18,1,1,,,,43.8,0,0,0,33.0
4,19,1,1,,,,44.4,0,0,0,0.0
4,20,1,1,,,,44.4,0,0,0,0.0
4,21,1,1,,,,44.8,0,0,0,0.0
4,22,1,1,,,,46.0,0,0,0,0.0
4,23,1,1,,,,42.7,0,0,0,0.0
4,24,1,1,,,,41.8,0,0,0,0.0
4,1,2,1,,,,42.6,0,0,0,0.0
4,2,2,1,,,,42.8,0,0,0,0.0
4,3,2,1,,,,44.2,0,0,0,0.0
4,4,2,1,,,,43.8,0,0,0,0.0
4,5,2,1,,,,43.2,0,0,0,15.0
4,6,2,1,,,,44.2,0,0,0,81.0
4,7,2,1,,,,43.6,0,0,0,234.0
4,8,2,1,,,,47.2,0,0,0,360.0
4,9,2,1,,,,51.0,0,0,0,500.0
4,10,2,1,,,,55.0,0,0,0,586.0
4,11,2,1,,,,57.3,0,0,0,573.0
4,12,2,1,,,,55.8,0,0,0,415.0
4,13,2,1,,,,58.0,0,0,0,326.0
4,14,2,1,,,,58.0,0,0,0,301.0
4,15,2,1,,,,57.8,0,0,0,190.0
4,16,2,1,,,,55.5,0,0,0,99.0
4,17,2,1,,,,59.2,0,0,0,33.0
4,18,2,1,,,,55.7,0,0,0,3.0
4,19,2,1,,,,52.3,0,0,0,0.0
4,20,2,1,,,,51.9,0,0,0,0.0
4,21,2,1,,,,52.6,0,0,0,0.0
4,22,2,1,,,,52.4,0,0,0,0.0
4,23,2,1,,,,49.2,0,0,0,0.0
4,24,2,1,,,,44.0,0,0,0,0.0
4,1,3,1,,,,44.4,0,0,0,0.0
4,2,3,1,,,,43.9,0,0,0,0.0
4,3,3,1,,,,45.6,0,0,0,0.0
4,4,3,1,,,,44.4,0,0,0,0.0
4,5,3,1,,,,43.9,0,0,0,229.0
4,6,3,1,,,,44.6,0,0,0,586.0
4,7,3,1,,,,44.2,0,0,0,760.0
4,8,3,1,,,,50.1,0,0,0,844.0
4,9,3,1,,,,54.9,0,0,0,860.0
4,10,3,1,,,,59.0,0,0,0,878.0
4,11,3,1,,,,61.0,0,0,0,915.0
4,12,3,1,,,,61.0,0,0,0,928.0
4,13,3,1,,,,60.5,0,0,0,916.0
4,14,3,1,,,,58.4,0,0,0,892.0
4,15,3,1,,,,60.6,0,0,0,844.0
4,16,3,1,,,,60.8,0,0,0,752.0
4,17,3,1,,,,58.2,0,0,0,512.0
4,18,3,1,,,,55.8,0,0,0,70.0
4,19,3,1,,,,53.9,0,0,0,0.0
4,20,3,1,,,,50.2,0,0,0,0.0
4,21,3,1,,,,50.1,0,0,0,0.0
4,22,3,1,,,,50.6,0,0,0,0.0
4,23,3,1,,,,51.1,0,0,0,0.0
4,24,3,1,,,,53.7,0,0,0,0.0
4,1,4,1,,,,54.6,0,0,0,0.0
4,2,4,1,,,,54.2,0,0,0,0.0
4,3,4,1,,,,53.2,0,0,0,0.0
4,4,4,1,,,,54.5,0,0,0,0.0
4,5,4,1,,,,54.7,0,0,0,75.0
4,6,4,1,,,,54.9,0,0,0,473.0
4,7,4,1,,,,53.5,0,0,0,777.0
4,8,4,1,,,,56.5,0,0,0,854.0
4,9,4,1,,,,64.0,0,0,0,859.0
4,10,4,1,,,,68.9,0,0,0,887.0
4,11,4,1,,,,67.5,0,0,0,914.0
4,12,4,1,,,,67.5,0,0,0,928.0
4,13,4,1,,,,68.0,0,0,0,939.0
4,14,4,1,,,,65.8,0,0,0,922.0
4,15,4,1,,,,67.1,0,0,0,884.0
4,16,4,1,,,,68.1,0,0,0,807.0
4,17,4,1,,,,62.6,0,0,0,638.0
4,18,4,1,,,,56.6,0,0,0,261.0
4,19,4,1,,,,52.5,0,0,0,0.0
4,20,4,1,,,,49.3,0,0,0,0.0
4,21,4,1,,,,50.4,0,0,0,0.0
4,22,4,1,,,,51.2,0,0,0,0.0
4,23,4,1,,,,50.1,0,0,0,0.0
4,24,4,1,,,,50.3,0,0,0,0.0
4,1,5,1,,,,52.0,0,0,0,0.0
4,2,5,1,,,,49.6,0,0,0,0.0
4,3,5,1,,,,46.5,0,0,0,0.0
4,4,5,1,,,,46.7,0,0,0,0.0
4,5,5,1,,,,45.7,0,0,0,91.0
4,6,5,1,,,,46.4,0,0,0,473.0
4,7,5,1,,,,46.7,0,0,0,760.0
4,8,5,1,,,,50.2,0,0,0,879.0
4,9,5,1,,,,54.7,0,0,0,915.0
4,10,5,1,,,,56.8,0,0,0,931.0
4,11,5,1,,,,62.9,0,0,0,936.0
4,12,5,1,,,,63.9,0,0,0,931.0
4,13,5,1,,,,64.5,0,0,0,919.0
4,14,5,1,,,,63.4,0,0,0,895.0
4,15,5,1,,,,62.4,0,0,0,847.0
4,16,5,1,,,,65.4,0,0,0,758.0
4,17,5,1,,,,58.6,0,0,0,573.0
4,18,5,1,,,,55.8,0,0,0,218.0
4,19,5,1,,,,52.3,0,0,0,0.0
4,20,5,1,,,,51.8,0,0,0,0.0
4,21,5,1,,,,53.4,0,0,0,0.0
4,22,5,1,,,,52.4,0,0,0,0.0
4,23,5,1,,,,53.4,0,0,0,0.0
4,24,5,1,,,,50.2,0,0,0,0.0
4,1,6,1,,,,52.2,0,0,0,0.0
4,2,6,1,,,,50.8,0,0,0,0.0
4,3,6,1,,,,50.4,0,0,0,0.0
4,4,6,1,,,,53.0,0,0,0,0.0
4,5,6,1,,,,52.6,0,0,0,199.0
4,6,6,1,,,,51.1,0,0,0,532.0
4,7,6,1,,,,51.1,0,0,0,743.0
4,8,6,1,,,,52.4,0,0,0,838.0
4,9,6,1,,,,58.7,0,0,0,879.0
4,10,6,1,,,,62.2,0,0,0,898.0
4,11,6,1,,,,60.1,0,0,0,883.0
4,12,6,1,,,,60.8,0,0,0,875.0
4,13,6,1,,,,60.2,0,0,0,881.0
4,14,6,1,,,,59.8,0,0,0,869.0
4,15,6,1,,,,58.0,0,0,0,818.0
4,16,6,1,,,,60.6,0,0,0,683.0
4,17,6,1,,,,55.9,0,0,0,364.0
4,18,6,1,,,,52.8,0,0,0,82.0
4,19,6,1,,,,51.5,0,0,0,0.0
4,20,6,1,,,,48.3,0,0,0,0.0
4,21,6,1,,,,48.2,0,0,0,0.0
4,22,6,1,,,,49.4,0,0,0,0.0
4,23,6,1,,,,49.2,0,0,0,0.0
4,24,6,1,,,,48.7,0,0,0,0.0
4,1,7,1,,,,48.1,0,0,0,0.0
4,2,7,1,,,,50.5,0,0,0,0.0
4,3,7,1,,,,49.2,0,0,0,0.0
4,4,7,1,,,,50.2,0,0,0,0.0
4,5,7,1,,,,50.3,0,0,0,110.0
4,6,7,1,,,,47.4,0,0,0,322.0
4,7,7,1,,,,49.7,0,0,0,516.0
4,8,7,1,,,,48.1,0,0,0,649.0
4,9,7,1,,,,45.4,0,0,0,718.0
4,10,7,1,,,,45.4,0,0,0,742.0
4,11,7,1,,,,43.6,0,0,0,767.0
4,12,7,1,,,,43.4,0,0,0,770.0
4,13,7,1,,,,42.8,0,0,0,751.0
4,14,7,1,,,,43.0,0,0,0,691.0
4,15,7,1,,,,44.3,0,0,0,586.0
4,16,7,1,,,,44.3,0,0,0,419.0
4,17,7,1,,,,45.2,0,0,0,208.0
4,18,7,1,,,,44.6,0,0,0,54.0
4,19,7,1,,,,42.6,0,0,0,0.0
4,20,7,1,,,,45.9,0,0,0,0.0
4,21,7,1,,,,47.6,0,0,0,0.0
4,22,7,1,,,,47.5,0,0,0,0.0
4,23,7,1,,,,47.3,0,0,0,0.0
4,24,7,1,,,,47.3,0,0,0,0.0
4,1,1,1,,,,48.0,0,0,0,0.0
4,2,1,1,,,,47.3,0,0,0,0.0
4,3,1,1,,,,47.5,0,0,0,0.0
4,4,1,1,,,,48.1,0,0,0,0.0
4,5,1,1,,,,47.8,0,0,0,30.0
4,6,1,1,,,,46.0,0,0,0,107.0
4,7,1,1,,,,46.3,0,0,0,180.0
4,8,1,1,,,,45.1,0,0,0,242.0
4,9,1,1,,,,44.3,0,0,0,337.0
4,10,1,1,,,,45.0,0,0,0,526.0
4,11,1,1,,,,44.7,0,0,0,697.0
4,12,1,1,,,,45.5,0,0,0,597.0
4,13,1,1,,,,45.2,0,0,0,673.0
4,14,1,1,,,,43.8,0,0,0,654.0
4,15,1,1,,,,43.9,0,0,0,561.0
4,16,1,1,,,,45.1,0,0,0,457.0
4,17,1,1,,,,44.7,0,0,0,319.0
4,18,1,1,,,,45.3,0,0,0,127.0
4,19,1,1,,,,44.0,0,0,0,0.0
4,20,1,1,,,,45.1,0,0,0,0.0
4,21,1,1,,,,46.2,0,0,0,0.0
4,22,1,1,,,,46.9,0,0,0,0.0
4,23,1,1,,,,45.0,0,0,0,0.0
4,24,1,1,,,,45.3,0,0,0,0.0
4,1,2,1,,,,44.8,0,0,0,0.0
4,2,2,1,,,,46.4,0,0,0,0.0
4,3,2,1,,,,47.2,0,0,0,0.0
4,4,2,1,,,,48.9,0,0,0,0.0
4,5,2,1,,,,47.0,0,0,0,14.0
4,6,2,1,,,,46.7,0,0,0,59.0
4,7,2,1,,,,47.1,0,0,0,168.0
4,8,2,1,,,,51.2,0,0,0,444.0
4,9,2,1,,,,56.2,0,0,0,733.0
4,10,2,1,,,,61.2,0,0,0,758.0
4,11,2,1,,,,64.5,0,0,0,708.0
4,12,2,1,,,,65.1,0,0,0,615.0
4,13,2,1,,,,66.4,0,0,0,532.0
4,14,2,1,,,,62.4,0,0,0,540.0
4,15,2,1,,,,63.2,0,0,0,567.0
4,16,2,1,,,,62.7,0,0,0,367.0
4,17,2,1,,,,57.8,0,0,0,130.0
4,18,2,1,,,,52.0,0,0,0,35.0
4,19,2,1,,,,46.9,0,0,0,0.0
4,20,2,1,,,,43.6,0,0,0,0.0
4,21,2,1,,,,45.4,0,0,0,0.0
4,22,2,1,,,,47.5,0,0,0,0.0
4,23,2,1,,,,46.9,0,0,0,0.0
4,24,2,1,,,,44.9,0,0,0,0.0
4,1,3,1,,,,45.0,0,0,0,0.0
4,2,3,1,,,,47.1,0,0,0,0.0
4,3,3,1,,,,49.0,0,0,0,0.0
4,4,3,1,,,,48.7,0,0,0,0.0
4,5,3,1,,,,49.5,0,0,0,236.0
4,6,3,1,,,,49.8,0,0,0,525.0
4,7,3,1,,,,48.1,0,0,0,738.0
4,8,3,1,,,,51.8,0,0,0,818.0
4,9,3,1,,,,55.2,0,0,0,851.0
4,10,3,1,,,,59.3,0,0,0,843.0
4,11,3,1,,,,58.5,0,0,0,748.0
4,12,3,1,,,,61.6,0,0,0,710.0
4,13,3,1,,,,58.6,0,0,0,653.0
4,14,3,1,,,,58.8,0,0,0,401.0
4,15,3,1,,,,59.6,0,0,0,178.0
4,16,3,1,,,,57.3,0,0,0,93.0
4,17,3,1,,,,53.2,0,0,0,46.0
4,18,3,1,,,,49.5,0,0,0,26.0
4,19,3,1,,,,49.9,0,0,0,0.0
4,20,3,1,,,,44.1,0,0,0,0.0
4,21,3,1,,,,44.2,0,0,0,0.0
4,22,3,1,,,,47.1,0,0,0,0.0
4,23,3,1,,,,45.6,0,0,0,0.0
4,24,3,1,,,,45.5,0,0,0,0.0
4,1,4,1,,,,45.3,0,0,0,0.0
4,2,4,1,,,,45.3,0,0,0,0.0
4,3,4,1,,,,44.7,0,0,0,0.0
4,4,4,1,,,,44.6,0,0,0,0.0
4,5,4,1,,,,44.8,0,0,0,32.0
4,6,4,1,,,,44.2,0,0,0,106.0
4,7,4,1,,,,44.4,0,0,0,282.0
4,8,4,1,,,,47.8,0,0,0,622.0
4,9,4,1,,,,56.8,0,0,0,619.0
4,10,4,1,,,,58.6,0,0,0,500.0
4,11,4,1,,,,64.1,0,0,0,377.0
4,12,4,1,,,,67.3,0,0,0,331.0
4,13,4,1,,,,66.8,0,0,0,452.0
4,14,4,1,,,,67.5,0,0,0,604.0
4,15,4,1,,,,66.1,0,0,0,503.0
4,16,4,1,,,,65.7,0,0,0,438.0
4,17,4,1,,,,59.2,0,0,0,347.0
4,18,4,1,,,,55.8,0,0,0,99.0
4,19,4,1,,,,52.0,0,0,0,0.0
4,20,4,1,,,,46.6,0,0,0,0.0
4,21,4,1,,,,43.4,0,0,0,0.0
4,22,4,1,,,,44.5,0,0,0,0.0
4,23,4,1,,,,43.9,0,0,0,0.0
4,24,4,1,,,,46.4,0,0,0,0.0
4,1,5,1,,,,46.6,0,0,0,0.0
4,2,5,1,,,,44.9,0,0,0,0.0
4,3,5,1,,,,47.6,0,0,0,0.0
4,4,5,1,,,,46.8,0,0,0,0.0
4,5,5,1,,,,45.6,0,0,0,37.0
4,6,5,1,,,,44.4,0,0,0,128.0
4,7,5,1,,,,44.5,0,0,0,235.0
4,8,5,1,,,,47.7,0,0,0,269.0
4,9,5,1,,,,55.1,0,0,0,277.0
4,10,5,1,,,,55.6,0,0,0,289.0
4,11,5,1,,,,56.6,0,0,0,314.0
4,12,5,1,,,,57.8,0,0,0,254.0
4,13,5,1,,,,58.2,0,0,0,252.0
4,14,5,1,,,,57.9,0,0,0,213.0
4,15,5,1,,,,59.6,0,0,0,153.0
4,16,5,1,,,,61.3,0,0,0,138.0
4,17,5,1,,,,57.4,0,0,0,77.0
4,18,5,1,,,,53.5,0,0,0,10.0
4,19,5,1,,,,46.6,0,0,0,0.0
4,20,5,1,,,,44.8,0,0,0,0.0
4,21,5,1,,,,44.7,0,0,0,0.0
4,22,5,1,,,,44.1,0,0,0,0.0
4,23,5,1,,,,44.2,0,0,0,0.0
4,24,5,1,,,,44.8,0,0,0,0.0
4,1,6,1,,,,45.8,0,0,0,0.0
4,2,6,1,,,,45.3,0,0,0,0.0
4,3,6,1,,,,45.2,0,0,0,0.0
4,4,6,1,,,,47.4,0,0,0,0.0
4,5,6,1,,,,45.2,0,0,0,29.0
4,6,6,1,,,,44.5,0,0,0,82.0
4,7,6,1,,,,43.6,0,0,0,229.0
4,8,6,1,,,,49.0,0,0,0,517.0
4,9,6,1,,,,57.2,0,0,0,733.0
4,10,6,1,,,,57.7,0,0,0,794.0
4,11,6,1,,,,59.5,0,0,0,812.0
4,12,6,1,,,,59.2,0,0,0,802.0
4,13,6,1,,,,59.2,0,0,0,711.0
4,14,6,1,,,,59.2,0,0,0,558.0
4,15,6,1,,,,59.4,0,0,0,371.0
4,16,6,1,,,,59.6,0,0,0,187.0
4,17,6,1,,,,55.1,0,0,0,81.0
4,18,6,1,,,,54.9,0,0,0,26.0
4,19,6,1,,,,51.9,0,0,0,0.0
4,20,6,1,,,,47.0,0,0,0,0.0
4,21,6,1,,,,49.1,0,0,0,0.0
4,22,6,1,,,,48.2,0,0,0,0.0
4,23,6,1,,,,48.0,0,0,0,0.0
4,24,6,1,,,,48.5,0,0,0,0.0
5,1,7,1,,,,47.9,0,0,0,0.0
5,2,7,1,,,,47.0,0,0,0,0.0
5,3,7,1,,,,47.0,0,0,0,0.0
5,4,7,1,,,,47.1,0,0,0,0.0
5,5,7,1,,,,47.8,0,0,0,34.0
5,6,7,1,,,,45.8,0,0,0,130.0
5,7,7,1,,,,46.0,0,0,0,469.0
5,8,7,1,,,,45.8,0,0,0,737.0
5,9,7,1,,,,45.3,0,0,0,820.0
5,10,7,1,,,,46.5,0,0,0,813.0
5,11,7,1,,,,46.2,0,0,0,789.0
5,12,7,1,,,,45.8,0,0,0,750.0
5,13,7,1,,,,43.8,0,0,0,689.0
5,14,7,1,,,,44.6,0,0,0,578.0
5,15,7,1,,,,45.0,0,0,0,361.0
5,16,7,1,,,,46.0,0,0,0,104.0
5,17,7,1,,,,46.0,0,0,0,28.0
5,18,7,1,,,,44.8,0,0,0,5.0
5,19,7,1,,,,46.0,0,0,0,0.0
5,20,7,1,,,,45.2,0,0,0,0.0
5,21,7,1,,,,46.8,0,0,0,0.0
5,22,7,1,,,,44.8,0,0,0,0.0
5,23,7,1,,,,45.7,0,0,0,0.0
5,24,7,1,,,,47.1,0,0,0,0.0
5,1,1,1,,,,47.5,0,0,0,0.0
5,2,1,1,,,,47.9,0,0,0,0.0
5,3,1,1,,,,48.7,0,0,0,0.0
5,4,1,1,,,,49.3,0,0,0,0.0
5,5,1,1,,,,47.9,0,0,0,4.0
5,6,1,1,,,,48.0,0,0,0,25.0
5,7,1,1,,,,47.9,0,0,0,68.0
5,8,1,1,,,,46.7,0,0,0,150.0
5,9,1,1,,,,47.3,0,0,0,252.0
5,10,1,1,,,,42.7,0,0,0,318.0
5,11,1,1,,,,44.3,0,0,0,372.0
5,12,1,1,,,,48.8,0,0,0,405.0
5,13,1,1,,,,48.6,0,0,0,515.0
5,14,1,1,,,,46.9,0,0,0,568.0
5,15,1,1,,,,46.4,0,0,0,511.0
5,16,1,1,,,,45.4,0,0,0,477.0
5,17,1,1,,,,44.3,0,0,0,331.0
5,18,1,1,,,,44.7,0,0,0,120.0
5,19,1,1,,,,44.4,0,0,0,1.0
5,20,1,1,,,,43.2,0,0,0,0.0
5,21,1,1,,,,44.3,0,0,0,0.0
5,22,1,1,,,,44.1,0,0,0,0.0
5,23,1,1,,,,48.6,0,0,0,0.0
5,24,1,1,,,,47.6,0,0,0,0.0
5,1,2,1,,,,43.2,0,0,0,0.0
5,2,2,1,,,,44.9,0,0,0,0.0
5,3,2,1,,,,44.2,0,0,0,0.0
5,4,2,1,,,,45.7,0,0,0,2.0
5,5,2,1,,,,44.2,0,0,0,163.0
5,6,2,1,,,,46.0,0,0,0,423.0
5,7,2,1,,,,49.4,0,0,0,634.0
5,8,2,1,,,,47.1,0,0,0,736.0
5,9,2,1,,,,48.8,0,0,0,767.0
5,10,2,1,,,,52.3,0,0,0,729.0
5,11,2,1,,,,52.0,0,0,0,740.0
5,12,2,1,,,,52.6,0,0,0,717.0
5,13,2,1,,,,52.4,0,0,0,691.0
5,14,2,1,,,,55.2,0,0,0,668.0
5,15,2,1,,,,53.8,0,0,0,653.0
5,16,2,1,,,,56.4,0,0,0,564.0
5,17,2,1,,,,55.5,0,0,0,428.0
5,18,2,1,,,,56.2,0,0,0,208.0
5,19,2,1,,,,52.0,0,0,0,4.0
5,20,2,1,,,,51.9,0,0,0,0.0
5,21,2,1,,,,51.3,0,0,0,0.0
5,22,2,1,,,,50.2,0,0,0,0.0
5,23,2,1,,,,51.5,0,0,0,0.0
5,24,2,1,,,,52.5,0,0,0,0.0
5,1,3,1,,,,53.6,0,0,0,0.0
5,2,3,1,,,,48.4,0,0,0,0.0
5,3,3,1,,,,48.3,0,0,0,0.0
5,4,3,1,,,,47.8,0,0,0,0.0
5,5,3,1,,,,51.0,0,0,0,73.0
5,6,3,1,,,,50.6,0,0,0,319.0
5,7,3,1,,,,46.9,0,0,0,709.0
5,8,3,1,,,,50.8,0,0,0,768.0
5,9,3,1,,,,58.8,0,0,0,815.0
5,10,3,1,,,,67.2,0,0,0,825.0
5,11,3,1,,,,70.0,0,0,0,817.0
5,12,3,1,,,,72.9,0,0,0,794.0
5,13,3,1,,,,74.6,0,0,0,799.0
5,14,3,1,,,,72.5,0,0,0,785.0
5,15,3,1,,,,70.0,0,0,0,769.0
5,16,3,1,,,,67.1,0,0,0,718.0
5,17,3,1,,,,66.9,0,0,0,548.0
5,18,3,1,,,,61.8,0,0,0,284.0
5,19,3,1,,,,56.8,0,0,0,10.0
5,20,3,1,,,,54.8,0,0,0,0.0
5,21,3,1,,,,51.6,0,0,0,0.0
5,22,3,1,,,,50.6,0,0,0,0.0
5,23,3,1,,,,47.5,0,0,0,0.0
5,24,3,1,,,,47.4,0,0,0,0.0
5,1,4,1,,,,47.8,0,0,0,0.0
5,2,4,1,,,,47.1,0,0,0,0.0
5,3,4,1,,,,46.1,0,0,0,0.0
5,4,4,1,,,,46.7,0,0,0,6.0
5,5,4,1,,,,46.4,0,0,0,125.0
5,6,4,1,,,,45.5,0,0,0,236.0
5,7,4,1,,,,47.1,0,0,0,354.0
5,8,4,1,,,,50.8,0,0,0,572.0
5,9,4,1,,,,58.7,0,0,0,673.0
5,10,4,1,,,,63.5,0,0,0,555.0
5,11,4,1,,,,73.4,0,0,0,670.0
5,12,4,1,,,,72.6,0,0,0,734.0
5,13,4,1,,,,66.9,0,0,0,697.0
5,14,4,1,,,,67.5,0,0,0,688.0
5,15,4,1,,,,67.0,0,0,0,483.0
5,16,4,1,,,,66.5,0,0,0,236.0
5,17,4,1,,,,63.6,0,0,0,124.0
5,18,4,1,,,,57.4,0,0,0,48.0
5,19,4,1,,,,51.7,0,0,0,0.0
5,20,4,1,,,,49.3,0,0,0,0.0
5,21,4,1,,,,50.0,0,0,0,0.0
5,22,4,1,,,,48.2,0,0,0,0.0
5,23,4,1,,,,47.1,0,0,0,0.0
5,24,4,1,,,,46.6,0,0,0,0.0
5,1,5,1,,,,46.6,0,0,0,0.0
5,2,5,1,,,,46.0,0,0,0,0.0
5,3,5,1,,,,47.2,0,0,0,0.0
5,4,5,1,,,,45.8,0,0,0,7.0
5,5,5,1,,,,46.6,0,0,0,167.0
5,6,5,1,,,,45.7,0,0,0,420.0
5,7,5,1,,,,46.5,0,0,0,641.0
5,8,5,1,,,,51.1,0,0,0,780.0
5,9,5,1,,,,62.1,0,0,0,843.0
5,10,5,1,,,,71.4,0,0,0,887.0
5,11,5,1,,,,72.1,0,0,0,914.0
5,12,5,1,,,,70.5,0,0,0,923.0
5,13,5,1,,,,69.0,0,0,0,924.0
5,14,5,1,,,,70.2,0,0,0,910.0
5,15,5,1,,,,73.1,0,0,0,878.0
5,16,5,1,,,,64.8,0,0,0,820.0
5,17,5,1,,,,61.8,0,0,0,694.0
5,18,5,1,,,,55.6,0,0,0,423.0
5,19,5,1,,,,47.2,0,0,0,24.0
5,20,5,1,,,,45.8,0,0,0,0.0
5,21,5,1,,,,47.8,0,0,0,0.0
5,22,5,1,,,,48.4,0,0,0,0.0
5,23,5,1,,,,47.8,0,0,0,0.0
5,24,5,1,,,,46.5,0,0,0,0.0
5,1,6,1,,,,47.2,0,0,0,0.0
5,2,6,1,,,,47.2,0,0,0,0.0
5,3,6,1,,,,47.2,0,0,0,0.0
5,4,6,1,,,,47.5,0,0,0,2.0
5,5,6,1,,,,45.9,0,0,0,74.0
5,6,6,1,,,,45.4,0,0,0,225.0
5,7,6,1,,,,46.9,0,0,0,503.0
5,8,6,1,,,,50.8,0,0,0,586.0
5,9,6,1,,,,58.5,0,0,0,730.0
5,10,6,1,,,,64.3,0,0,0,797.0
5,11,6,1,,,,61.7,0,0,0,848.0
5,12,6,1,,,,62.2,0,0,0,815.0
5,13,6,1,,,,63.0,0,0,0,782.0
5,14,6,1,,,,62.2,0,0,0,775.0
5,15,6,1,,,,65.1,0,0,0,649.0
5,16,6,1,,,,64.9,0,0,0,424.0
5,17,6,1,,,,59.5,0,0,0,279.0
5,18,6,1,,,,54.6,0,0,0,84.0
5,19,6,1,,,,50.9,0,0,0,0.0
5,20,6,1,,,,47.4,0,0,0,0.0
5,21,6,1,,,,46.4,0,0,0,0.0
5,22,6,1,,,,43.8,0,0,0,0.0
5,23,6,1,,,,44.5,0,0,0,0.0
5,24,6,1,,,,45.1,0,0,0,0.0
5,1,7,1,,,,42.8,0,0,0,0.0
5,2,7,1,,,,43.2,0,0,0,0.0
5,3,7,1,,,,44.1,0,0,0,0.0
5,4,7,1,,,,45.2,0,0,0,0.0
5,5,7,1,,,,43.5,0,0,0,17.0
5,6,7,1,,,,43.2,0,0,0,68.0
5,7,7,1,,,,43.7,0,0,0,138.0
5,8,7,1,,,,47.1,0,0,0,145.0
5,9,7,1,,,,47.9,0,0,0,108.0
5,10,7,1,,,,47.7,0,0,0,135.0
5,11,7,1,,,,49.2,0,0,0,152.0
5,12,7,1,,,,50.5,0,0,0,176.0
5,13,7,1,,,,48.1,0,0,0,191.0
5,14,7,1,,,,49.3,0,0,0,192.0
5,15,7,1,,,,48.1,0,0,0,171.0
5,16,7,1,,,,48.6,0,0,0,143.0
5,17,7,1,,,,48.3,0,0,0,80.0
5,18,7,1,,,,46.6,0,0,0,24.0
5,19,7,1,,,,48.2,0,0,0,0.0
5,20,7,1,,,,46.5,0,0,0,0.0
5,21,7,1,,,,49.2,0,0,0,0.0
5,22,7,1,,,,49.0,0,0,0,0.0
5,23,7,1,,,,49.5,0,0,0,0.0
5,24,7,1,,,,48.2,0,0,0,0.0
5,1,1,1,,,,48.0,0,0,0,0.0
5,2,1,1,,,,46.2,0,0,0,0.0
5,3,1,1,,,,48.6,0,0,0,0.0
5,4,1,1,,,,48.1,0,0,0,7.0
5,5,1,1,,,,46.9,0,0,0,134.0
5,6,1,1,,,,47.5,0,0,0,382.0
5,7,1,1,,,,46.9,0,0,0,655.0
5,8,1,1,,,,45.6,0,0,0,811.0
5,9,1,1,,,,44.8,0,0,0,859.0
5,10,1,1,,,,45.0,0,0,0,858.0
5,11,1,1,,,,45.1,0,0,0,858.0
5,12,1,1,,,,45.0,0,0,0,809.0
5,13,1,1,,,,46.1,0,0,0,808.0
5,14,1,1,,,,47.2,0,0,0,786.0
5,15,1,1,,,,47.1,0,0,0,759.0
5,16,1,1,,,,46.9,0,0,0,699.0
5,17,1,1,,,,46.0,0,0,0,593.0
5,18,1,1,,,,45.9,0,0,0,308.0
5,19,1,1,,,,45.5,0,0,0,39.0
5,20,1,1,,,,47.0,0,0,0,0.0
5,21,1,1,,,,47.4,0,0,0,0.0
5,22,1,1,,,,46.9,0,0,0,0.0
5,23,1,1,,,,47.2,0,0,0,0.0
5,24,1,1,,,,49.7,0,0,0,0.0
5,1,2,1,,,,47.8,0,0,0,0.0
5,2,2,1,,,,46.1,0,0,0,0.0
5,3,2,1,,,,47.9,0,0,0,0.0
5,4,2,1,,,,47.5,0,0,0,31.0
5,5,2,1,,,,47.6,0,0,0,299.0
5,6,2,1,,,,45.8,0,0,0,599.0
5,7,2,1,,,,43.4,0,0,0,777.0
5,8,2,1,,,,48.1,0,0,0,838.0
5,9,2,1,,,,55.2,0,0,0,852.0
5,10,2,1,,,,58.1,0,0,0,849.0
5,11,2,1,,,,65.1,0,0,0,841.0
5,12,2,1,,,,70.0,0,0,0,796.0
5,13,2,1,,,,71.4,0,0,0,763.0
5,14,2,1,,,,74.0,0,0,0,724.0
5,15,2,1,,,,71.2,0,0,0,668.0
5,16,2,1,,,,72.3,0,0,0,579.0
5,17,2,1,,,,70.8,0,0,0,464.0
5,18,2,1,,,,63.9,0,0,0,271.0
5,19,2,1,,,,55.5,0,0,0,30.0
5,20,2,1,,,,50.9,0,0,0,0.0
5,21,2,1,,,,52.6,0,0,0,0.0
5,22,2,1,,,,52.5,0,0,0,0.0
5,23,2,1,,,,50.4,0,0,0,0.0
5,24,2,1,,,,52.4,0,0,0,0.0
5,1,3,1,,,,49.3,0,0,0,0.0
5,2,3,1,,,,49.9,0,0,0,0.0
5,3,3,1,,,,51.5,0,0,0,0.0
5,4,3,1,,,,49.4,0,0,0,31.0
5,5,3,1,,,,45.6,0,0,0,257.0
5,6,3,1,,,,45.2,0,0,0,512.0
5,7,3,1,,,,45.2,0,0,0,683.0
5,8,3,1,,,,49.0,0,0,0,733.0
5,9,3,1,,,,55.9,0,0,0,719.0
5,10,3,1,,,,63.9,0,0,0,717.0
5,11,3,1,,,,69.0,0,0,0,707.0
5,12,3,1,,,,70.5,0,0,0,663.0
5,13,3,1,,,,68.2,0,0,0,666.0
5,14,3,1,,,,69.2,0,0,0,646.0
5,15,3,1,,,,66.9,0,0,0,592.0
5,16,3,1,,,,66.8,0,0,0,464.0
5,17,3,1,,,,62.3,0,0,0,273.0
5,18,3,1,,,,58.6,0,0,0,193.0
5,19,3,1,,,,53.3,0,0,0,20.0
5,20,3,1,,,,52.2,0,0,0,0.0
5,21,3,1,,,,54.9,0,0,0,0.0
5,22,3,1,,,,56.4,0,0,0,0.0
5,23,3,1,,,,55.5,0,0,0,0.0
5,24,3,1,,,,52.7,0,0,0,0.0
5,1,4,1,,,,51.9,0,0,0,0.0
5,2,4,1,,,,50.6,0,0,0,0.0
5,3,4,1,,,,51.8,0,0,0,0.0
5,4,4,1,,,,51.9,0,0,0,48.0
5,5,4,1,,,,47.0,0,0,0,312.0
5,6,4,1,,,,48.2,0,0,0,520.0
5,7,4,1,,,,47.5,0,0,0,627.0
5,8,4,1,,,,49.3,0,0,0,656.0
5,9,4,1,,,,55.6,0,0,0,596.0
5,10,4,1,,,,60.6,0,0,0,579.0
5,11,4,1,,,,66.3,0,0,0,590.0
5,12,4,1,,,,70.2,0,0,0,586.0
5,13,4,1,,,,76.0,0,0,0,578.0
5,14,4,1,,,,70.2,0,0,0,541.0
5,15,4,1,,,,74.6,0,0,0,500.0
5,16,4,1,,,,71.5,0,0,0,438.0
5,17,4,1,,,,66.9,0,0,0,376.0
5,18,4,1,,,,61.7,0,0,0,194.0
5,19,4,1,,,,55.2,0,0,0,29.0
5,20,4,1,,,,51.9,0,0,0,0.0
5,21,4,1,,,,52.0,0,0,0,0.0
5,22,4,1,,,,50.1,0,0,0,0.0
5,23,4,1,,,,49.5,0,0,0,0.0
5,24,4,1,,,,49.8,0,0,0,0.0
5,1,5,1,,,,48.2,0,0,0,0.0
5,2,5,1,,,,45.6,0,0,0,0.0
5,3,5,1,,,,47.5,0,0,0,0.0
5,4,5,1,,,,48.2,0,0,0,93.0
5,5,5,1,,,,47.6,0,0,0,482.0
5,6,5,1,,,,45.1,0,0,0,724.0
5,7,5,1,,,,45.4,0,0,0,814.0
5,8,5,1,,,,46.3,0,0,0,765.0
5,9,5,1,,,,55.5,0,0,0,807.0
5,10,5,1,,,,60.8,0,0,0,846.0
5,11,5,1,,,,66.6,0,0,0,858.0
5,12,5,1,,,,67.5,0,0,0,845.0
5,13,5,1,,,,68.1,0,0,0,794.0
5,14,5,1,,,,65.1,0,0,0,765.0
5,15,5,1,,,,67.2,0,0,0,725.0
5,16,5,1,,,,66.0,0,0,0,602.0
5,17,5,1,,,,63.1,0,0,0,318.0
5,18,5,1,,,,57.9,0,0,0,137.0
5,19,5,1,,,,55.6,0,0,0,14.0
5,20,5,1,,,,50.1,0,0,0,0.0
5,21,5,1,,,,51.0,0,0,0,0.0
5,22,5,1,,,,51.0,0,0,0,0.0
5,23,5,1,,,,52.8,0,0,0,0.0
5,24,5,1,,,,50.4,0,0,0,0.0
5,1,6,1,,,,49.1,0,0,0,0.0
5,2,6,1,,,,49.2,0,0,0,0.0
5,3,6,1,,,,51.2,0,0,0,0.0
5,4,6,1,,,,51.0,0,0,0,17.0
5,5,6,1,,,,49.1,0,0,0,108.0
5,6,6,1,,,,48.3,0,0,0,449.0
5,7,6,1,,,,50.4,0,0,0,693.0
5,8,6,1,,,,51.4,0,0,0,804.0
5,9,6,1,,,,60.1,0,0,0,818.0
5,10,6,1,,,,61.8,0,0,0,802.0
5,11,6,1,,,,66.8,0,0,0,743.0
5,12,6,1,,,,69.0,0,0,0,674.0
5,13,6,1,,,,66.8,0,0,0,633.0
5,14,6,1,,,,66.4,0,0,0,588.0
5,15,6,1,,,,68.3,0,0,0,450.0
5,16,6,1,,,,66.7,0,0,0,322.0
5,17,6,1,,,,63.2,0,0,0,185.0
5,18,6,1,,,,59.1,0,0,0,100.0
5,19,6,1,,,,55.2,0,0,0,11.0
5,20,6,1,,,,49.4,0,0,0,0.0
5,21,6,1,,,,49.9,0,0,0,0.0
5,22,6,1,,,,50.5,0,0,0,0.0
5,23,6,1,,,,49.8,0,0,0,0.0
5,24,6,1,,,,48.6,0,0,0,0.0
5,1,7,1,,,,49.7,0,0,0,0.0
5,2,7,1,,,,49.9,0,0,0,0.0
5,3,7,1,,,,48.0,0,0,0,0.0
5,4,7,1,,,,49.2,0,0,0,18.0
5,5,7,1,,,,48.8,0,0,0,70.0
5,6,7,1,,,,49.0,0,0,0,193.0
5,7,7,1,,,,48.1,0,0,0,494.0
5,8,7,1,,,,47.6,0,0,0,701.0
5,9,7,1,,,,46.6,0,0,0,802.0
5,10,7,1,,,,47.0,0,0,0,758.0
5,11,7,1,,,,47.8,0,0,0,736.0
5,12,7,1,,,,46.7,0,0,0,774.0
5,13,7,1,,,,43.2,0,0,0,773.0
5,14,7,1,,,,47.9,0,0,0,764.0
5,15,7,1,,,,47.1,0,0,0,737.0
5,16,7,1,,,,47.1,0,0,0,644.0
5,17,7,1,,,,45.5,0,0,0,408.0
5,18,7,1,,,,45.4,0,0,0,245.0
5,19,7,1,,,,46.4,0,0,0,41.0
5,20,7,1,,,,47.0,0,0,0,0.0
5,21,7,1,,,,47.6,0,0,0,0.0
5,22,7,1,,,,48.3,0,0,0,0.0
5,23,7,1,,,,47.3,0,0,0,0.0
5,24,7,1,,,,48.0,0,0,0,0.0
5,1,1,1,,,,48.2,0,0,0,0.0
5,2,1,1,,,,50.4,0,0,0,0.0
5,3,1,1,,,,50.2,0,0,0,0.0
5,4,1,1,,,,50.1,0,0,0,78.0
5,5,1,1,,,,49.2,0,0,0,324.0
5,6,1,1,,,,48.4,0,0,0,574.0
5,7,1,1,,,,47.2,0,0,0,540.0
5,8,1,1,,,,45.3,0,0,0,551.0
5,9,1,1,,,,46.3,0,0,0,581.0
5,10,1,1,,,,45.2,0,0,0,519.0
5,11,1,1,,,,46.6,0,0,0,523.0
5,12,1,1,,,,46.2,0,0,0,654.0
5,13,1,1,,,,46.5,0,0,0,710.0
5,14,1,1,,,,44.8,0,0,0,698.0
5,15,1,1,,,,44.8,0,0,0,638.0
5,16,1,1,,,,45.4,0,0,0,539.0
5,17,1,1,,,,45.0,0,0,0,487.0
5,18,1,1,,,,44.5,0,0,0,319.0
5,19,1,1,,,,44.4,0,0,0,62.0
5,20,1,1,,,,44.4,0,0,0,0.0
5,21,1,1,,,,46.2,0,0,0,0.0
5,22,1,1,,,,46.5,0,0,0,0.0
5,23,1,1,,,,47.4,0,0,0,0.0
5,24,1,1,,,,46.8,0,0,0,0.0
5,1,2,1,,,,47.6,0,0,0,0.0
5,2,2,1,,,,48.7,0,0,0,0.0
5,3,2,1,,,,49.9,0,0,0,0.0
5,4,2,1,,,,50.4,0,0,0,33.0
5,5,2,1,,,,49.2,0,0,0,104.0
5,6,2,1,,,,48.2,0,0,0,347.0
5,7,2,1,,,,49.4,0,0,0,468.0
5,8,2,1,,,,51.0,0,0,0,580.0
5,9,2,1,,,,58.6,0,0,0,582.0
5,10,2,1,,,,62.5,0,0,0,568.0
5,11,2,1,,,,67.2,0,0,0,599.0
5,12,2,1,,,,68.1,0,0,0,596.0
5,13,2,1,,,,65.3,0,0,0,573.0
5,14,2,1,,,,66.2,0,0,0,600.0
5,15,2,1,,,,65.9,0,0,0,608.0
5,16,2,1,,,,65.0,0,0,0,565.0
5,17,2,1,,,,62.0,0,0,0,452.0
5,18,2,1,,,,54.6,0,0,0,233.0
5,19,2,1,,,,52.0,0,0,0,45.0
5,20,2,1,,,,49.1,0,0,0,0.0
5,21,2,1,,,,48.3,0,0,0,0.0
5,22,2,1,,,,48.5,0,0,0,0.0
5,23,2,1,,,,49.2,0,0,0,0.0
5,24,2,1,,,,49.9,0,0,0,0.0
5,1,3,1,,,,48.6,0,0,0,0.0
5,2,3,1,,,,49.0,0,0,0,0.0
5,3,3,1,,,,52.3,0,0,0,0.0
5,4,3,1,,,,49.2,0,0,0,67.0
5,5,3,1,,,,49.0,0,0,0,225.0
5,6,3,1,,,,47.1,0,0,0,394.0
5,7,3,1,,,,46.4,0,0,0,635.0
5,8,3,1,,,,50.2,0,0,0,772.0
5,9,3,1,,,,56.4,0,0,0,820.0
5,10,3,1,,,,60.4,0,0,0,832.0
5,11,3,1,,,,60.0,0,0,0,793.0
5,12,3,1,,,,61.8,0,0,0,729.0
5,13,3,1,,,,59.1,0,0,0,694.0
5,14,3,1,,,,58.8,0,0,0,622.0
5,15,3,1,,,,59.0,0,0,0,450.0
5,16,3,1,,,,59.5,0,0,0,283.0
5,17,3,1,,,,57.5,0,0,0,185.0
5,18,3,1,,,,54.0,0,0,0,80.0
5,19,3,1,,,,49.4,0,0,0,13.0
5,20,3,1,,,,47.8,0,0,0,0.0
5,21,3,1,,,,45.2,0,0,0,0.0
5,22,3,1,,,,46.7,0,0,0,0.0
5,23,3,1,,,,45.3,0,0,0,0.0
5,24,3,1,,,,45.4,0,0,0,0.0
5,1,4,1,,,,45.5,0,0,0,0.0
5,2,4,1,,,,45.2,0,0,0,0.0
5,3,4,1,,,,46.2,0,0,0,0.0
5,4,4,1,,,,46.7,0,0,0,35.0
5,5,4,1,,,,44.9,0,0,0,148.0
5,6,4,1,,,,44.6,0,0,0,529.0
5,7,4,1,,,,44.8,0,0,0,739.0
5,8,4,1,,,,50.6,0,0,0,808.0
5,9,4,1,,,,54.1,0,0,0,831.0
5,10,4,1,,,,58.8,0,0,0,846.0
5,11,4,1,,,,62.0,0,0,0,775.0
5,12,4,1,,,,64.2,0,0,0,683.0
5,13,4,1,,,,66.0,0,0,0,521.0
5,14,4,1,,,,64.0,0,0,0,405.0
5,15,4,1,,,,66.7,0,0,0,297.0
5,16,4,1,,,,64.1,0,0,0,208.0
5,17,4,1,,,,59.7,0,0,0,151.0
5,18,4,1,,,,54.5,0,0,0,106.0
5,19,4,1,,,,51.9,0,0,0,24.0
5,20,4,1,,,,46.0,0,0,0,0.0
5,21,4,1,,,,41.2,0,0,0,0.0
5,22,4,1,,,,44.0,0,0,0,0.0
5,23,4,1,,,,43.9,0,0,0,0.0
5,24,4,1,,,,43.9,0,0,0,0.0
5,1,5,1,,,,44.6,0,0,0,0.0
5,2,5,1,,,,45.8,0,0,0,0.0
5,3,5,1,,,,44.4,0,0,0,0.0
5,4,5,1,,,,45.3,0,0,0,34.0
5,5,5,1,,,,44.2,0,0,0,180.0
5,6,5,1,,,,44.2,0,0,0,381.0
5,7,5,1,,,,43.7,0,0,0,583.0
5,8,5,1,,,,48.8,0,0,0,689.0
5,9,5,1,,,,54.4,0,0,0,570.0
5,10,5,1,,,,61.3,0,0,0,711.0
5,11,5,1,,,,64.8,0,0,0,724.0
5,12,5,1,,,,67.2,0,0,0,626.0
5,13,5,1,,,,68.6,0,0,0,590.0
5,14,5,1,,,,68.8,0,0,0,536.0
5,15,5,1,,,,68.5,0,0,0,457.0
5,16,5,1,,,,70.3,0,0,0,383.0
5,17,5,1,,,,63.9,0,0,0,272.0
5,18,5,1,,,,57.8,0,0,0,196.0
5,19,5,1,,,,53.4,0,0,0,69.0
5,20,5,1,,,,48.4,0,0,0,0.0
5,21,5,1,,,,43.9,0,0,0,0.0
5,22,5,1,,,,45.1,0,0,0,0.0
5,23,5,1,,,,42.2,0,0,0,0.0
5,24,5,1,,,,42.8,0,0,0,0.0
5,1,6,1,,,,43.5,0,0,0,0.0
5,2,6,1,,,,43.2,0,0,0,0.0
5,3,6,1,,,,42.6,0,0,0,0.0
5,4,6,1,,,,42.5,0,0,0,128.0
5,5,6,1,,,,42.0,0,0,0,428.0
5,6,6,1,,,,40.9,0,0,0,647.0
5,7,6,1,,,,41.8,0,0,0,760.0
5,8,6,1,,,,45.6,0,0,0,817.0
5,9,6,1,,,,55.6,0,0,0,844.0
5,10,6,1,,,,64.3,0,0,0,858.0
5,11,6,1,,,,67.1,0,0,0,845.0
5,12,6,1,,,,63.6,0,0,0,810.0
5,13,6,1,,,,61.9,0,0,0,842.0
5,14,6,1,,,,62.9,0,0,0,841.0
5,15,6,1,,,,63.6,0,0,0,813.0
5,16,6,1,,,,63.4,0,0,0,759.0
5,17,6,1,,,,58.5,0,0,0,656.0
5,18,6,1,,,,52.8,0,0,0,434.0
5,19,6,1,,,,46.3,0,0,0,135.0
5,20,6,1,,,,44.6,0,0,0,0.0
5,21,6,1,,,,43.0,0,0,0,0.0
5,22,6,1,,,,42.5,0,0,0,0.0
5,23,6,1,,,,42.8,0,0,0,0.0
5,24,6,1,,,,42.4,0,0,0,0.0
5,1,7,1,,,,41.2,0,0,0,0.0
5,2,7,1,,,,41.0,0,0,0,0.0
5,3,7,1,,,,41.6,0,0,0,0.0
5,4,7,1,,,,42.0,0,0,0,124.0
5,5,7,1,,,,41.9,0,0,0,420.0
5,6,7,1,,,,41.6,0,0,0,656.0
5,7,7,1,,,,41.4,0,0,0,751.0
5,8,7,1,,,,41.3,0,0,0,811.0
5,9,7,1,,,,41.4,0,0,0,843.0
5,10,7,1,,,,40.2,0,0,0,857.0
5,11,7,1,,,,43.3,0,0,0,867.0
5,12,7,1,,,,46.2,0,0,0,870.0
5,13,7,1,,,,48.5,0,0,0,865.0
5,14,7,1,,,,46.8,0,0,0,852.0
5,15,7,1,,,,47.1,0,0,0,826.0
5,16,7,1,,,,48.6,0,0,0,777.0
5,17,7,1,,,,49.0,0,0,0,684.0
5,18,7,1,,,,47.2,0,0,0,510.0
5,19,7,1,,,,45.3,0,0,0,210.0
5,20,7,1,,,,43.7,0,0,0,0.0
5,21,7,1,,,,42.8,0,0,0,0.0
5,22,7,1,,,,42.6,0,0,0,0.0
5,23,7,1,,,,41.0,0,0,0,0.0
5,24,7,1,,,,41.5,0,0,0,0.0
5,1,1,1,,,,41.6,0,0,0,0.0
5,2,1,1,,,,40.8,0,0,0,0.0
5,3,1,1,,,,41.3,0,0,0,0.0
5,4,1,1,,,,41.6,0,0,0,155.0
5,5,1,1,,,,40.2,0,0,0,491.0
5,6,1,1,,,,39.0,0,0,0,695.0
5,7,1,1,,,,39.4,0,0,0,786.0
5,8,1,1,,,,39.5,0,0,0,828.0
5,9,1,1,,,,38.8,0,0,0,852.0
5,10,1,1,,,,43.0,0,0,0,863.0
5,11,1,1,,,,45.8,0,0,0,867.0
5,12,1,1,,,,49.6,0,0,0,866.0
5,13,1,1,,,,50.0,0,0,0,859.0
5,14,1,1,,,,48.7,0,0,0,844.0
5,15,1,1,,,,47.3,0,0,0,816.0
5,16,1,1,,,,48.4,0,0,0,766.0
5,17,1,1,,,,47.6,0,0,0,670.0
5,18,1,1,,,,47.0,0,0,0,474.0
5,19,1,1,,,,47.6,0,0,0,186.0
5,20,1,1,,,,47.7,0,0,0,0.0
5,21,1,1,,,,47.6,0,0,0,0.0
5,22,1,1,,,,46.1,0,0,0,0.0
5,23,1,1,,,,44.8,0,0,0,0.0
5,24,1,1,,,,44.5,0,0,0,0.0
5,1,2,1,,,,43.3,0,0,0,0.0
5,2,2,1,,,,42.6,0,0,0,0.0
5,3,2,1,,,,42.8,0,0,0,0.0
5,4,2,1,,,,40.8,0,0,0,134.0
5,5,2,1,,,,40.2,0,0,0,460.0
5,6,2,1,,,,39.9,0,0,0,663.0
5,7,2,1,,,,40.1,0,0,0,764.0
5,8,2,1,,,,46.7,0,0,0,815.0
5,9,2,1,,,,50.4,0,0,0,838.0
5,10,2,1,,,,60.1,0,0,0,851.0
5,11,2,1,,,,68.0,0,0,0,855.0
5,12,2,1,,,,71.2,0,0,0,844.0
5,13,2,1,,,,71.1,0,0,0,804.0
5,14,2,1,,,,73.4,0,0,0,666.0
5,15,2,1,,,,72.4,0,0,0,630.0
5,16,2,1,,,,67.8,0,0,0,530.0
5,17,2,1,,,,64.8,0,0,0,338.0
5,18,2,1,,,,55.4,0,0,0,252.0
5,19,2,1,,,,49.1,0,0,0,102.0
5,20,2,1,,,,46.4,0,0,0,0.0
5,21,2,1,,,,45.0,0,0,0,0.0
5,22,2,1,,,,44.5,0,0,0,0.0
5,23,2,1,,,,44.4,0,0,0,0.0
5,24,2,1,,,,43.9,0,0,0,0.0
5,1,3,1,,,,44.4,0,0,0,0.0
5,2,3,1,,,,43.5,0,0,0,0.0
5,3,3,1,,,,43.5,0,0,0,0.0
5,4,3,1,,,,44.4,0,0,0,15.0
5,5,3,1,,,,41.5,0,0,0,68.0
5,6,3,1,,,,41.0,0,0,0,123.0
5,7,3,1,,,,43.2,0,0,0,175.0
5,8,3,1,,,,48.5,0,0,0,240.0
5,9,3,1,,,,52.9,0,0,0,304.0
5,10,3,1,,,,59.8,0,0,0,405.0
5,11,3,1,,,,60.3,0,0,0,510.0
5,12,3,1,,,,62.3,0,0,0,537.0
5,13,3,1,,,,62.6,0,0,0,458.0
5,14,3,1,,,,61.5,0,0,0,353.0
5,15,3,1,,,,61.0,0,0,0,247.0
5,16,3,1,,,,59.5,0,0,0,175.0
5,17,3,1,,,,53.1,0,0,0,105.0
5,18,3,1,,,,50.5,0,0,0,54.0
5,19,3,1,,,,47.9,0,0,0,13.0
5,20,3,1,,,,44.2,0,0,0,0.0
5,21,3,1,,,,44.5,0,0,0,0.0
5,22,3,1,,,,44.2,0,0,0,0.0
5,23,3,1,,,,43.4,0,0,0,0.0
5,24,3,1,,,,40.6,0,0,0,0.0
5,1,4,1,,,,41.1,0,0,0,0.0
5,2,4,1,,,,42.0,0,0,0,0.0
5,3,4,1,,,,41.0,0,0,0,0.0
5,4,4,1,,,,41.2,0,0,0,15.0
5,5,4,1,,,,40.4,0,0,0,76.0
5,6,4,1,,,,39.6,0,0,0,185.0
5,7,4,1,,,,41.4,0,0,0,374.0
5,8,4,1,,,,44.8,0,0,0,644.0
5,9,4,1,,,,54.9,0,0,0,772.0
5,10,4,1,,,,62.5,0,0,0,785.0
5,11,4,1,,,,61.8,0,0,0,696.0
5,12,4,1,,,,60.6,0,0,0,632.0
5,13,4,1,,,,61.0,0,0,0,616.0
5,14,4,1,,,,58.8,0,0,0,546.0
5,15,4,1,,,,57.8,0,0,0,414.0
5,16,4,1,,,,60.4,0,0,0,216.0
5,17,4,1,,,,58.7,0,0,0,87.0
5,18,4,1,,,,54.2,0,0,0,31.0
5,19,4,1,,,,50.4,0,0,0,4.0
5,20,4,1,,,,49.6,0,0,0,0.0
5,21,4,1,,,,49.6,0,0,0,0.0
5,22,4,1,,,,50.9,0,0,0,0.0
5,23,4,1,,,,48.8,0,0,0,0.0
5,24,4,1,,,,43.8,0,0,0,0.0
5,1,5,1,,,,43.7,0,0,0,0.0
5,2,5,1,,,,43.6,0,0,0,0.0
5,3,5,1,,,,47.1,0,0,0,0.0
5,4,5,1,,,,44.6,0,0,0,6.0
5,5,5,1,,,,45.1,0,0,0,51.0
5,6,5,1,,,,43.5,0,0,0,143.0
5,7,5,1,,,,45.3,0,0,0,297.0
5,8,5,1,,,,48.3,0,0,0,463.0
5,9,5,1,,,,56.6,0,0,0,601.0
5,10,5,1,,,,64.2,0,0,0,704.0
5,11,5,1,,,,68.0,0,0,0,730.0
5,12,5,1,,,,70.0,0,0,0,769.0
5,13,5,1,,,,66.4,0,0,0,785.0
5,14,5,1,,,,64.9,0,0,0,768.0
5,15,5,1,,,,62.6,0,0,0,727.0
5,16,5,1,,,,61.5,0,0,0,653.0
5,17,5,1,,,,57.1,0,0,0,458.0
5,18,5,1,,,,51.6,0,0,0,223.0
5,19,5,1,,,,49.2,0,0,0,81.0
5,20,5,1,,,,45.8,0,0,0,0.0
5,21,5,1,,,,44.5,0,0,0,0.0
5,22,5,1,,,,45.7,0,0,0,0.0
5,23,5,1,,,,45.8,0,0,0,0.0
5,24,5,1,,,,44.9,0,0,0,0.0
5,1,6,1,,,,46.0,0,0,0,0.0
5,2,6,1,,,,46.4,0,0,0,0.0
5,3,6,1,,,,48.1,0,0,0,0.0
5,4,6,1,,,,48.2,0,0,0,96.0
5,5,6,1,,,,48.3,0,0,0,208.0
5,6,6,1,,,,44.6,0,0,0,621.0
5,7,6,1,,,,44.7,0,0,0,793.0
5,8,6,1,,,,48.3,0,0,0,828.0
5,9,6,1,,,,54.9,0,0,0,865.0
5,10,6,1,,,,58.8,0,0,0,897.0
5,11,6,1,,,,59.7,0,0,0,915.0
5,12,6,1,,,,64.2,0,0,0,919.0
5,13,6,1,,,,58.2,0,0,0,911.0
5,14,6,1,,,,57.4,0,0,0,884.0
5,15,6,1,,,,60.5,0,0,0,782.0
5,16,6,1,,,,63.5,0,0,0,598.0
5,17,6,1,,,,59.0,0,0,0,466.0
5,18,6,1,,,,53.7,0,0,0,124.0
5,19,6,1,,,,47.1,0,0,0,27.0
5,20,6,1,,,,45.0,0,0,0,0.0
5,21,6,1,,,,42.2,0,0,0,0.0
5,22,6,1,,,,44.6,0,0,0,0.0
5,23,6,1,,,,44.4,0,0,0,0.0
5,24,6,1,,,,46.4,0,0,0,0.0
5,1,7,1,,,,41.3,0,0,0,0.0
5,2,7,1,,,,41.8,0,0,0,0.0
5,3,7,1,,,,43.9,0,0,0,0.0
5,4,7,1,,,,45.1,0,0,0,3.0
5,5,7,1,,,,43.9,0,0,0,24.0
5,6,7,1,,,,42.7,0,0,0,74.0
5,7,7,1,,,,42.7,0,0,0,135.0
5,8,7,1,,,,43.6,0,0,0,220.0
5,9,7,1,,,,43.8,0,0,0,375.0
5,10,7,1,,,,42.7,0,0,0,506.0
5,11,7,1,,,,42.9,0,0,0,574.0
5,12,7,1,,,,42.0,0,0,0,481.0
5,13,7,1,,,,41.4,0,0,0,343.0
5,14,7,1,,,,41.9,0,0,0,217.0
5,15,7,1,,,,40.0,0,0,0,145.0
5,16,7,1,,,,38.6,0,0,0,121.0
5,17,7,1,,,,39.4,0,0,0,109.0
5,18,7,1,,,,40.1,0,0,0,60.0
5,19,7,1,,,,40.4,0,0,0,15.0
5,20,7,1,,,,40.0,0,0,0,0.0
5,21,7,1,,,,39.4,0,0,0,0.0
5,22,7,1,,,,40.6,0,0,0,0.0
5,23,7,1,,,,42.8,0,0,0,0.0
5,24,7,1,,,,42.9,0,0,0,0.0
5,1,1,1,,,,42.6,0,0,0,0.0
5,2,1,1,,,,40.4,0,0,0,0.0
5,3,1,1,,,,38.6,0,0,0,0.0
5,4,1,1,,,,38.5,0,0,0,12.0
5,5,1,1,,,,38.0,0,0,0,47.0
5,6,1,1,,,,37.0,0,0,0,107.0
5,7,1,1,,,,37.2,0,0,0,313.0
5,8,1,1,,,,36.9,0,0,0,668.0
5,9,1,1,,,,37.4,0,0,0,813.0
5,10,1,1,,,,39.8,0,0,0,836.0
5,11,1,1,,,,39.9,0,0,0,830.0
5,12,1,1,,,,41.4,0,0,0,879.0
5,13,1,1,,,,40.8,0,0,0,877.0
5,14,1,1,,,,39.1,0,0,0,825.0
5,15,1,1,,,,41.5,0,0,0,674.0
5,16,1,1,,,,41.8,0,0,0,480.0
5,17,1,1,,,,40.6,0,0,0,372.0
5,18,1,1,,,,40.8,0,0,0,160.0
5,19,1,1,,,,39.9,0,0,0,31.0
5,20,1,1,,,,41.6,0,0,0,0.0
5,21,1,1,,,,41.2,0,0,0,0.0
5,22,1,1,,,,42.0,0,0,0,0.0
5,23,1,1,,,,41.7,0,0,0,0.0
5,24,1,1,,,,41.9,0,0,0,0.0
5,1,2,1,,,,41.3,0,0,0,0.0
5,2,2,1,,,,42.4,0,0,0,0.0
5,3,2,1,,,,40.7,0,0,0,0.0
5,4,2,1,,,,41.5,0,0,0,2.0
5,5,2,1,,,,41.5,0,0,0,25.0
5,6,2,1,,,,41.8,0,0,0,72.0
5,7,2,1,,,,41.0,0,0,0,146.0
5,8,2,1,,,,40.8,0,0,0,253.0
5,9,2,1,,,,42.5,0,0,0,295.0
5,10,2,1,,,,46.7,0,0,0,379.0
5,11,2,1,,,,50.8,0,0,0,419.0
5,12,2,1,,,,52.7,0,0,0,431.0
5,13,2,1,,,,50.0,0,0,0,401.0
5,14,2,1,,,,48.2,0,0,0,357.0
5,15,2,1,,,,49.5,0,0,0,242.0
5,16,2,1,,,,51.1,0,0,0,187.0
5,17,2,1,,,,48.9,0,0,0,142.0
5,18,2,1,,,,45.5,0,0,0,86.0
5,19,2,1,,,,43.7,0,0,0,30.0
5,20,2,1,,,,42.6,0,0,0,0.0
5,21,2,1,,,,41.0,0,0,0,0.0
5,22,2,1,,,,42.2,0,0,0,0.0
5,23,2,1,,,,41.3,0,0,0,0.0
5,24,2,1,,,,41.8,0,0,0,0.0
6,1,3,1,,,,43.4,0,0,0,0.0
6,2,3,1,,,,41.9,0,0,0,0.0
6,3,3,1,,,,42.0,0,0,0,0.0
6,4,3,1,,,,41.5,0,0,0,4.0
6,5,3,1,,,,42.5,0,0,0,20.0
6,6,3,1,,,,41.0,0,0,0,56.0
6,7,3,1,,,,41.8,0,0,0,107.0
6,8,3,1,,,,47.8,0,0,0,157.0
6,9,3,1,,,,55.0,0,0,0,170.0
6,10,3,1,,,,62.3,0,0,0,185.0
6,11,3,1,,,,64.3,0,0,0,200.0
6,12,3,1,,,,65.9,0,0,0,201.0
6,13,3,1,,,,65.9,0,0,0,176.0
6,14,3,1,,,,67.4,0,0,0,145.0
6,15,3,1,,,,69.4,0,0,0,120.0
6,16,3,1,,,,71.2,0,0,0,113.0
6,17,3,1,,,,66.3,0,0,0,84.0
6,18,3,1,,,,58.4,0,0,0,45.0
6,19,3,1,,,,51.0,0,0,0,9.0
6,20,3,1,,,,45.7,0,0,0,0.0
6,21,3,1,,,,46.5,0,0,0,0.0
6,22,3,1,,,,46.8,0,0,0,0.0
6,23,3,1,,,,45.3,0,0,0,0.0
6,24,3,1,,,,42.4,0,0,0,0.0
6,1,4,1,,,,43.0,0,0,0,0.0
6,2,4,1,,,,42.6,0,0,0,0.0
6,3,4,1,,,,42.8,0,0,0,0.0
6,4,4,1,,,,45.5,0,0,0,188.0
6,5,4,1,,,,42.4,0,0,0,510.0
6,6,4,1,,,,43.7,0,0,0,722.0
6,7,4,1,,,,43.6,0,0,0,815.0
6,8,4,1,,,,47.8,0,0,0,859.0
6,9,4,1,,,,53.8,0,0,0,879.0
6,10,4,1,,,,57.0,0,0,0,887.0
6,11,4,1,,,,63.6,0,0,0,886.0
6,12,4,1,,,,63.4,0,0,0,878.0
6,13,4,1,,,,63.7,0,0,0,848.0
6,14,4,1,,,,64.2,0,0,0,822.0
6,15,4,1,,,,62.7,0,0,0,787.0
6,16,4,1,,,,62.4,0,0,0,764.0
6,17,4,1,,,,60.8,0,0,0,683.0
6,18,4,1,,,,54.6,0,0,0,479.0
6,19,4,1,,,,51.0,0,0,0,173.0
6,20,4,1,,,,46.2,0,0,0,0.0
6,21,4,1,,,,45.3,0,0,0,0.0
6,22,4,1,,,,43.9,0,0,0,0.0
6,23,4,1,,,,43.6,0,0,0,0.0
6,24,4,1,,,,44.2,0,0,0,0.0
6,1,5,1,,,,43.8,0,0,0,0.0
6,2,5,1,,,,43.9,0,0,0,0.0
6,3,5,1,,,,43.3,0,0,0,0.0
6,4,5,1,,,,41.0,0,0,0,211.0
6,5,5,1,,,,40.6,0,0,0,546.0
6,6,5,1,,,,40.2,0,0,0,737.0
6,7,5,1,,,,40.5,0,0,0,818.0
6,8,5,1,,,,42.1,0,0,0,861.0
6,9,5,1,,,,46.1,0,0,0,884.0
6,10,5,1,,,,51.5,0,0,0,893.0
6,11,5,1,,,,58.0,0,0,0,895.0
6,12,5,1,,,,58.0,0,0,0,894.0
6,13,5,1,,,,60.2,0,0,0,887.0
6,14,5,1,,,,59.8,0,0,0,875.0
6,15,5,1,,,,62.3,0,0,0,854.0
6,16,5,1,,,,63.6,0,0,0,813.0
6,17,5,1,,,,61.0,0,0,0,737.0
6,18,5,1,,,,53.8,0,0,0,585.0
6,19,5,1,,,,48.9,0,0,0,267.0
6,20,5,1,,,,44.6,0,0,0,0.0
6,21,5,1,,,,42.0,0,0,0,0.0
6,22,5,1,,,,45.1,0,0,0,0.0
6,23,5,1,,,,44.9,0,0,0,0.0
6,24,5,1,,,,44.6,0,0,0,0.0
6,1,6,1,,,,44.5,0,0,0,0.0
6,2,6,1,,,,44.1,0,0,0,0.0
6,3,6,1,,,,44.6,0,0,0,0.0
6,4,6,1,,,,43.9,0,0,0,172.0
6,5,6,1,,,,43.8,0,0,0,459.0
6,6,6,1,,,,43.9,0,0,0,721.0
6,7,6,1,,,,46.5,0,0,0,805.0
6,8,6,1,,,,45.8,0,0,0,844.0
6,9,6,1,,,,48.0,0,0,0,860.0
6,10,6,1,,,,53.9,0,0,0,867.0
6,11,6,1,,,,63.2,0,0,0,829.0
6,12,6,1,,,,63.2,0,0,0,791.0
6,13,6,1,,,,61.0,0,0,0,829.0
6,14,6,1,,,,63.2,0,0,0,841.0
6,15,6,1,,,,63.8,0,0,0,800.0
6,16,6,1,,,,63.6,0,0,0,739.0
6,17,6,1,,,,60.6,0,0,0,626.0
6,18,6,1,,,,53.5,0,0,0,368.0
6,19,6,1,,,,49.8,0,0,0,104.0
6,20,6,1,,,,43.7,0,0,0,0.0
6,21,6,1,,,,41.5,0,0,0,0.0
6,22,6,1,,,,40.8,0,0,0,0.0
6,23,6,1,,,,41.8,0,0,0,0.0
6,24,6,1,,,,40.8,0,0,0,0.0
6,1,7,1,,,,38.6,0,0,0,0.0
6,2,7,1,,,,38.7,0,0,0,0.0
6,3,7,1,,,,38.7,0,0,0,0.0
6,4,7,1,,,,39.0,0,0,0,94.0
6,5,7,1,,,,37.7,0,0,0,315.0
6,6,7,1,,,,40.8,0,0,0,501.0
6,7,7,1,,,,39.2,0,0,0,674.0
6,8,7,1,,,,40.1,0,0,0,758.0
6,9,7,1,,,,40.6,0,0,0,755.0
6,10,7,1,,,,43.8,0,0,0,684.0
6,11,7,1,,,,48.0,0,0,0,639.0
6,12,7,1,,,,48.6,0,0,0,681.0
6,13,7,1,,,,49.3,0,0,0,713.0
6,14,7,1,,,,48.0,0,0,0,447.0
6,15,7,1,,,,48.2,0,0,0,184.0
6,16,7,1,,,,47.3,0,0,0,102.0
6,17,7,1,,,,48.8,0,0,0,81.0
6,18,7,1,,,,46.3,0,0,0,47.0
6,19,7,1,,,,45.8,0,0,0,9.0
6,20,7,1,,,,42.7,0,0,0,0.0
6,21,7,1,,,,40.3,0,0,0,0.0
6,22,7,1,,,,41.6,0,0,0,0.0
6,23,7,1,,,,41.8,0,0,0,0.0
6,24,7,1,,,,41.0,0,0,0,0.0
6,1,1,1,,,,40.9,0,0,0,0.0
6,2,1,1,,,,40.9,0,0,0,0.0
6,3,1,1,,,,41.1,0,0,0,0.0
6,4,1,1,,,,40.6,0,0,0,23.0
6,5,1,1,,,,39.1,0,0,0,98.0
6,6,1,1,,,,38.2,0,0,0,170.0
6,7,1,1,,,,37.0,0,0,0,244.0
6,8,1,1,,,,38.6,0,0,0,323.0
6,9,1,1,,,,39.8,0,0,0,401.0
6,10,1,1,,,,40.2,0,0,0,443.0
6,11,1,1,,,,42.6,0,0,0,365.0
6,12,1,1,,,,41.7,0,0,0,371.0
6,13,1,1,,,,40.8,0,0,0,366.0
6,14,1,1,,,,40.9,0,0,0,333.0
6,15,1,1,,,,42.9,0,0,0,266.0
6,16,1,1,,,,43.4,0,0,0,197.0
6,17,1,1,,,,42.6,0,0,0,153.0
6,18,1,1,,,,39.1,0,0,0,121.0
6,19,1,1,,,,37.4,0,0,0,45.0
6,20,1,1,,,,37.2,0,0,0,0.0
6,21,1,1,,,,37.7,0,0,0,0.0
6,22,1,1,,,,39.2,0,0,0,0.0
6,23,1,1,,,,39.4,0,0,0,0.0
6,24,1,1,,,,38.8,0,0,0,0.0
6,1,2,1,,,,38.7,0,0,0,0.0
6,2,2,1,,,,39.4,0,0,0,0.0
6,3,2,1,,,,40.7,0,0,0,0.0
6,4,2,1,,,,40.8,0,0,0,27.0
6,5,2,1,,,,40.2,0,0,0,90.0
6,6,2,1,,,,39.9,0,0,0,193.0
6,7,2,1,,,,40.6,0,0,0,284.0
6,8,2,1,,,,47.2,0,0,0,496.0
6,9,2,1,,,,53.2,0,0,0,685.0
6,10,2,1,,,,58.7,0,0,0,737.0
6,11,2,1,,,,64.1,0,0,0,581.0
6,12,2,1,,,,67.0,0,0,0,445.0
6,13,2,1,,,,64.6,0,0,0,414.0
6,14,2,1,,,,63.8,0,0,0,356.0
6,15,2,1,,,,66.7,0,0,0,200.0
6,16,2,1,,,,63.4,0,0,0,86.0
6,17,2,1,,,,58.8,0,0,0,48.0
6,18,2,1,,,,50.0,0,0,0,26.0
6,19,2,1,,,,47.6,0,0,0,6.0
6,20,2,1,,,,45.5,0,0,0,0.0
6,21,2,1,,,,43.2,0,0,0,0.0
6,22,2,1,,,,42.3,0,0,0,0.0
6,23,2,1,,,,40.8,0,0,0,0.0
6,24,2,1,,,,41.2,0,0,0,0.0
6,1,3,1,,,,40.7,0,0,0,0.0
6,2,3,1,,,,41.6,0,0,0,0.0
6,3,3,1,,,,40.5,0,0,0,0.0
6,4,3,1,,,,42.1,0,0,0,7.0
6,5,3,1,,,,40.9,0,0,0,37.0
6,6,3,1,,,,38.6,0,0,0,96.0
6,7,3,1,,,,40.1,0,0,0,204.0
6,8,3,1,,,,45.8,0,0,0,354.0
6,9,3,1,,,,51.1,0,0,0,431.0
6,10,3,1,,,,55.6,0,0,0,431.0
6,11,3,1,,,,60.5,0,0,0,444.0
6,12,3,1,,,,62.6,0,0,0,460.0
6,13,3,1,,,,61.8,0,0,0,416.0
6,14,3,1,,,,58.9,0,0,0,380.0
6,15,3,1,,,,58.5,0,0,0,350.0
6,16,3,1,,,,58.9,0,0,0,241.0
6,17,3,1,,,,56.2,0,0,0,255.0
6,18,3,1,,,,49.1,0,0,0,279.0
6,19,3,1,,,,45.9,0,0,0,101.0
6,20,3,1,,,,42.6,0,0,0,0.0
6,21,3,1,,,,41.8,0,0,0,0.0
6,22,3,1,,,,40.9,0,0,0,0.0
6,23,3,1,,,,41.0,0,0,0,0.0
6,24,3,1,,,,39.9,0,0,0,0.0
6,1,4,1,,,,39.8,0,0,0,0.0
6,2,4,1,,,,39.6,0,0,0,0.0
6,3,4,1,,,,39.7,0,0,0,0.0
6,4,4,1,,,,40.6,0,0,0,9.0
6,5,4,1,,,,39.4,0,0,0,94.0
6,6,4,1,,,,39.0,0,0,0,234.0
6,7,4,1,,,,40.6,0,0,0,362.0
6,8,4,1,,,,44.2,0,0,0,459.0
6,9,4,1,,,,51.0,0,0,0,527.0
6,10,4,1,,,,58.0,0,0,0,465.0
6,11,4,1,,,,62.5,0,0,0,413.0
6,12,4,1,,,,61.5,0,0,0,365.0
6,13,4,1,,,,61.6,0,0,0,358.0
6,14,4,1,,,,59.9,0,0,0,295.0
6,15,4,1,,,,60.1,0,0,0,331.0
6,16,4,1,,,,59.2,0,0,0,296.0
6,17,4,1,,,,54.6,0,0,0,189.0
6,18,4,1,,,,51.0,0,0,0,122.0
6,19,4,1,,,,49.8,0,0,0,43.0
6,20,4,1,,,,45.0,0,0,0,0.0
6,21,4,1,,,,44.9,0,0,0,0.0
6,22,4,1,,,,41.7,0,0,0,0.0
6,23,4,1,,,,41.5,0,0,0,0.0
6,24,4,1,,,,41.6,0,0,0,0.0
6,1,5,1,,,,43.8,0,0,0,0.0
6,2,5,1,,,,42.7,0,0,0,0.0
6,3,5,1,,,,43.0,0,0,0,0.0
6,4,5,1,,,,42.8,0,0,0,107.0
6,5,5,1,,,,40.9,0,0,0,248.0
6,6,5,1,,,,40.1,0,0,0,411.0
6,7,5,1,,,,41.4,0,0,0,525.0
6,8,5,1,,,,45.8,0,0,0,706.0
6,9,5,1,,,,51.8,0,0,0,738.0
6,10,5,1,,,,60.8,0,0,0,748.0
6,11,5,1,,,,65.0,0,0,0,739.0
6,12,5,1,,,,65.5,0,0,0,668.0
6,13,5,1,,,,65.2,0,0,0,495.0
6,14,5,1,,,,63.0,0,0,0,300.0
6,15,5,1,,,,65.1,0,0,0,224.0
6,16,5,1,,,,62.3,0,0,0,179.0
6,17,5,1,,,,55.7,0,0,0,132.0
6,18,5,1,,,,50.4,0,0,0,72.0
6,19,5,1,,,,46.8,0,0,0,15.0
6,20,5,1,,,,44.4,0,0,0,0.0
6,21,5,1,,,,41.6,0,0,0,0.0
6,22,5,1,,,,43.5,0,0,0,0.0
6,23,5,1,,,,42.3,0,0,0,0.0
6,24,5,1,,,,42.5,0,0,0,0.0
6,1,6,1,,,,42.0,0,0,0,0.0
6,2,6,1,,,,42.2,0,0,0,0.0
6,3,6,1,,,,39.6,0,0,0,0.0
6,4,6,1,,,,39.8,0,0,0,24.0
6,5,6,1,,,,39.5,0,0,0,85.0
6,6,6,1,,,,38.8,0,0,0,139.0
6,7,6,1,,,,39.4,0,0,0,163.0
6,8,6,1,,,,42.6,0,0,0,214.0
6,9,6,1,,,,48.5,0,0,0,269.0
6,10,6,1,,,,53.8,0,0,0,333.0
6,11,6,1,,,,57.8,0,0,0,433.0
6,12,6,1,,,,59.0,0,0,0,546.0
6,13,6,1,,,,57.2,0,0,0,545.0
6,14,6,1,,,,56.3,0,0,0,614.0
6,15,6,1,,,,59.4,0,0,0,645.0
6,16,6,1,,,,59.6,0,0,0,669.0
6,17,6,1,,,,55.4,0,0,0,590.0
6,18,6,1,,,,50.4,0,0,0,244.0
6,19,6,1,,,,47.9,0,0,0,53.0
6,20,6,1,,,,44.0,0,0,0,0.0
6,21,6,1,,,,40.6,0,0,0,0.0
6,22,6,1,,,,40.3,0,0,0,0.0
6,23,6,1,,,,40.6,0,0,0,0.0
6,24,6,1,,,,41.4,0,0,0,0.0
6,1,7,1,,,,40.8,0,0,0,0.0
6,2,7,1,,,,41.5,0,0,0,0.0
6,3,7,1,,,,41.5,0,0,0,0.0
6,4,7,1,,,,42.3,0,0,0,213.0
6,5,7,1,,,,42.6,0,0,0,526.0
6,6,7,1,,,,41.3,0,0,0,699.0
6,7,7,1,,,,39.4,0,0,0,730.0
6,8,7,1,,,,39.6,0,0,0,745.0
6,9,7,1,,,,40.3,0,0,0,667.0
6,10,7,1,,,,41.9,0,0,0,721.0
6,11,7,1,,,,40.2,0,0,0,788.0
6,12,7,1,,,,39.4,0,0,0,827.0
6,13,7,1,,,,41.9,0,0,0,884.0
6,14,7,1,,,,40.4,0,0,0,880.0
6,15,7,1,,,,39.8,0,0,0,850.0
6,16,7,1,,,,40.0,0,0,0,791.0
6,17,7,1,,,,40.0,0,0,0,668.0
6,18,7,1,,,,40.0,0,0,0,422.0
6,19,7,1,,,,39.6,0,0,0,161.0
6,20,7,1,,,,39.3,0,0,0,0.0
6,21,7,1,,,,39.2,0,0,0,0.0
6,22,7,1,,,,40.3,0,0,0,0.0
6,23,7,1,,,,40.9,0,0,0,0.0
6,24,7,1,,,,40.5,0,0,0,0.0
6,1,1,1,,,,40.1,0,0,0,0.0
6,2,1,1,,,,41.0,0,0,0,0.0
6,3,1,1,,,,40.4,0,0,0,0.0
6,4,1,1,,,,41.9,0,0,0,19.0
6,5,1,1,,,,41.1,0,0,0,57.0
6,6,1,1,,,,40.1,0,0,0,136.0
6,7,1,1,,,,39.0,0,0,0,288.0
6,8,1,1,,,,38.9,0,0,0,496.0
6,9,1,1,,,,38.6,0,0,0,629.0
6,10,1,1,,,,38.9,0,0,0,724.0
6,11,1,1,,,,40.0,0,0,0,683.0
6,12,1,1,,,,41.0,0,0,0,569.0
6,13,1,1,,,,40.4,0,0,0,403.0
6,14,1,1,,,,41.9,0,0,0,366.0
6,15,1,1,,,,41.4,0,0,0,234.0
6,16,1,1,,,,43.7,0,0,0,138.0
6,17,1,1,,,,42.2,0,0,0,94.0
6,18,1,1,,,,41.8,0,0,0,46.0
6,19,1,1,,,,41.8,0,0,0,7.0
6,20,1,1,,,,41.5,0,0,0,0.0
6,21,1,1,,,,40.9,0,0,0,0.0
6,22,1,1,,,,39.9,0,0,0,0.0
6,23,1,1,,,,39.8,0,0,0,0.0
6,24,1,1,,,,39.8,0,0,0,0.0
6,1,2,1,,,,41.5,0,0,0,0.0
6,2,2,1,,,,40.1,0,0,0,0.0
6,3,2,1,,,,40.4,0,0,0,0.0
6,4,2,1,,,,40.9,0,0,0,135.0
6,5,2,1,,,,39.2,0,0,0,356.0
6,6,2,1,,,,39.9,0,0,0,502.0
6,7,2,1,,,,41.6,0,0,0,596.0
6,8,2,1,,,,42.8,0,0,0,668.0
6,9,2,1,,,,50.8,0,0,0,709.0
6,10,2,1,,,,54.8,0,0,0,731.0
6,11,2,1,,,,60.8,0,0,0,713.0
6,12,2,1,,,,64.2,0,0,0,603.0
6,13,2,1,,,,65.1,0,0,0,546.0
6,14,2,1,,,,64.2,0,0,0,496.0
6,15,2,1,,,,61.2,0,0,0,450.0
6,16,2,1,,,,58.6,0,0,0,316.0
6,17,2,1,,,,53.6,0,0,0,200.0
6,18,2,1,,,,47.2,0,0,0,140.0
6,19,2,1,,,,44.0,0,0,0,47.0
6,20,2,1,,,,40.8,0,0,0,0.0
6,21,2,1,,,,40.4,0,0,0,0.0
6,22,2,1,,,,42.4,0,0,0,0.0
6,23,2,1,,,,41.6,0,0,0,0.0
6,24,2,1,,,,40.4,0,0,0,0.0
6,1,3,1,,,,39.8,0,0,0,0.0
6,2,3,1,,,,40.6,0,0,0,0.0
6,3,3,1,,,,40.8,0,0,0,0.0
6,4,3,1,,,,40.8,0,0,0,228.0
6,5,3,1,,,,39.7,0,0,0,585.0
6,6,3,1,,,,40.4,0,0,0,751.0
6,7,3,1,,,,39.0,0,0,0,821.0
6,8,3,1,,,,41.1,0,0,0,853.0
6,9,3,1,,,,46.0,0,0,0,891.0
6,10,3,1,,,,51.6,0,0,0,914.0
6,11,3,1,,,,55.8,0,0,0,917.0
6,12,3,1,,,,57.1,0,0,0,915.0
6,13,3,1,,,,54.1,0,0,0,909.0
6,14,3,1,,,,50.8,0,0,0,898.0
6,15,3,1,,,,51.4,0,0,0,877.0
6,16,3,1,,,,51.5,0,0,0,835.0
6,17,3,1,,,,49.0,0,0,0,756.0
6,18,3,1,,,,44.0,0,0,0,602.0
6,19,3,1,,,,40.9,0,0,0,284.0
6,20,3,1,,,,40.9,0,0,0,0.0
6,21,3,1,,,,41.1,0,0,0,0.0
6,22,3,1,,,,41.4,0,0,0,0.0
6,23,3,1,,,,40.5,0,0,0,0.0
6,24,3,1,,,,39.8,0,0,0,0.0
6,1,4,1,,,,39.5,0,0,0,0.0
6,2,4,1,,,,39.2,0,0,0,0.0
6,3,4,1,,,,40.0,0,0,0,0.0
6,4,4,1,,,,41.6,0,0,0,242.0
6,5,4,1,,,,43.1,0,0,0,565.0
6,6,4,1,,,,42.8,0,0,0,768.0
6,7,4,1,,,,42.2,0,0,0,860.0
6,8,4,1,,,,45.5,0,0,0,899.0
6,9,4,1,,,,49.6,0,0,0,917.0
6,10,4,1,,,,55.5,0,0,0,924.0
6,11,4,1,,,,64.6,0,0,0,924.0
6,12,4,1,,,,61.7,0,0,0,921.0
6,13,4,1,,,,62.8,0,0,0,914.0
6,14,4,1,,,,60.0,0,0,0,903.0
6,15,4,1,,,,58.9,0,0,0,882.0
6,16,4,1,,,,58.2,0,0,0,844.0
6,17,4,1,,,,55.8,0,0,0,776.0
6,18,4,1,,,,51.2,0,0,0,634.0
6,19,4,1,,,,44.8,0,0,0,333.0
6,20,4,1,,,,39.6,0,0,0,1.0
6,21,4,1,,,,40.4,0,0,0,0.0
6,22,4,1,,,,42.1,0,0,0,0.0
6,23,4,1,,,,43.0,0,0,0,0.0
6,24,4,1,,,,43.3,0,0,0,0.0
6,1,5,1,,,,43.0,0,0,0,0.0
6,2,5,1,,,,44.2,0,0,0,0.0
6,3,5,1,,,,44.1,0,0,0,0.0
6,4,5,1,,,,44.6,0,0,0,150.0
6,5,5,1,,,,43.9,0,0,0,424.0
6,6,5,1,,,,43.9,0,0,0,735.0
6,7,5,1,,,,41.6,0,0,0,856.0
6,8,5,1,,,,46.4,0,0,0,891.0
6,9,5,1,,,,50.9,0,0,0,906.0
6,10,5,1,,,,55.9,0,0,0,911.0
6,11,5,1,,,,60.4,0,0,0,910.0
6,12,5,1,,,,61.0,0,0,0,906.0
6,13,5,1,,,,62.8,0,0,0,898.0
6,14,5,1,,,,63.5,0,0,0,884.0
6,15,5,1,,,,58.3,0,0,0,857.0
6,16,5,1,,,,56.4,0,0,0,810.0
6,17,5,1,,,,57.5,0,0,0,728.0
6,18,5,1,,,,52.6,0,0,0,566.0
6,19,5,1,,,,48.6,0,0,0,265.0
6,20,5,1,,,,43.4,0,0,0,0.0
6,21,5,1,,,,42.0,0,0,0,0.0
6,22,5,1,,,,43.2,0,0,0,0.0
6,23,5,1,,,,42.4,0,0,0,0.0
6,24,5,1,,,,39.8,0,0,0,0.0
6,1,6,1,,,,40.4,0,0,0,0.0
6,2,6,1,,,,41.4,0,0,0,0.0
6,3,6,1,,,,40.8,0,0,0,0.0
6,4,6,1,,,,41.0,0,0,0,80.0
6,5,6,1,,,,39.9,0,0,0,145.0
6,6,6,1,,,,40.5,0,0,0,206.0
6,7,6,1,,,,40.8,0,0,0,317.0
6,8,6,1,,,,45.5,0,0,0,401.0
6,9,6,1,,,,51.7,0,0,0,408.0
6,10,6,1,,,,56.5,0,0,0,387.0
6,11,6,1,,,,58.9,0,0,0,312.0
6,12,6,1,,,,59.5,0,0,0,267.0
6,13,6,1,,,,60.0,0,0,0,338.0
6,14,6,1,,,,59.5,0,0,0,455.0
6,15,6,1,,,,59.4,0,0,0,549.0
6,16,6,1,,,,58.5,0,0,0,503.0
6,17,6,1,,,,55.8,0,0,0,401.0
6,18,6,1,,,,51.2,0,0,0,240.0
6,19,6,1,,,,45.6,0,0,0,79.0
6,20,6,1,,,,41.0,0,0,0,0.0
6,21,6,1,,,,40.0,0,0,0,0.0
6,22,6,1,,,,41.5,0,0,0,0.0
6,23,6,1,,,,40.7,0,0,0,0.0
6,24,6,1,,,,39.5,0,0,0,0.0
6,1,7,1,,,,37.5,0,0,0,0.0
6,2,7,1,,,,37.3,0,0,0,0.0
6,3,7,1,,,,37.8,0,0,0,0.0
6,4,7,1,,,,37.8,0,0,0,52.0
6,5,7,1,,,,36.6,0,0,0,175.0
6,6,7,1,,,,36.1,0,0,0,469.0
6,7,7,1,,,,36.8,0,0,0,584.0
6,8,7,1,,,,37.6,0,0,0,572.0
6,9,7,1,,,,37.1,0,0,0,588.0
6,10,7,1,,,,37.2,0,0,0,581.0
6,11,7,1,,,,39.4,0,0,0,589.0
6,12,7,1,,,,39.9,0,0,0,616.0
6,13,7,1,,,,38.7,0,0,0,568.0
6,14,7,1,,,,37.2,0,0,0,492.0
6,15,7,1,,,,37.9,0,0,0,541.0
6,16,7,1,,,,38.8,0,0,0,454.0
6,17,7,1,,,,40.8,0,0,0,228.0
6,18,7,1,,,,38.1,0,0,0,149.0
6,19,7,1,,,,36.2,0,0,0,49.0
6,20,7,1,,,,36.2,0,0,0,0.0
6,21,7,1,,,,36.9,0,0,0,0.0
6,22,7,1,,,,37.4,0,0,0,0.0
6,23,7,1,,,,37.0,0,0,0,0.0
6,24,7,1,,,,37.5,0,0,0,0.0
6,1,1,1,,,,38.2,0,0,0,0.0
6,2,1,1,,,,37.2,0,0,0,0.0
6,3,1,1,,,,37.9,0,0,0,0.0
6,4,1,1,,,,38.2,0,0,0,97.0
6,5,1,1,,,,37.0,0,0,0,297.0
6,6,1,1,,,,35.3,0,0,0,389.0
6,7,1,1,,,,35.0,0,0,0,570.0
6,8,1,1,,,,35.8,0,0,0,380.0
6,9,1,1,,,,35.4,0,0,0,428.0
6,10,1,1,,,,36.8,0,0,0,540.0
6,11,1,1,,,,37.4,0,0,0,615.0
6,12,1,1,,,,38.2,0,0,0,697.0
6,13,1,1,,,,39.9,0,0,0,728.0
6,14,1,1,,,,37.8,0,0,0,694.0
6,15,1,1,,,,37.3,0,0,0,575.0
6,16,1,1,,,,38.5,0,0,0,429.0
6,17,1,1,,,,38.2,0,0,0,222.0
6,18,1,1,,,,37.9,0,0,0,138.0
6,19,1,1,,,,38.5,0,0,0,44.0
6,20,1,1,,,,38.7,0,0,0,0.0
6,21,1,1,,,,39.7,0,0,0,0.0
6,22,1,1,,,,41.9,0,0,0,0.0
6,23,1,1,,,,38.8,0,0,0,0.0
6,24,1,1,,,,39.6,0,0,0,0.0
6,1,2,1,,,,39.7,0,0,0,0.0
6,2,2,1,,,,38.9,0,0,0,0.0
6,3,2,1,,,,41.2,0,0,0,0.0
6,4,2,1,,,,39.0,0,0,0,240.0
6,5,2,1,,,,39.9,0,0,0,534.0
6,6,2,1,,,,38.8,0,0,0,698.0
6,7,2,1,,,,40.2,0,0,0,786.0
6,8,2,1,,,,41.3,0,0,0,832.0
6,9,2,1,,,,48.1,0,0,0,849.0
6,10,2,1,,,,57.1,0,0,0,848.0
6,11,2,1,,,,60.4,0,0,0,840.0
6,12,2,1,,,,62.7,0,0,0,820.0
6,13,2,1,,,,61.6,0,0,0,812.0
6,14,2,1,,,,62.0,0,0,0,769.0
6,15,2,1,,,,60.9,0,0,0,721.0
6,16,2,1,,,,61.0,0,0,0,585.0
6,17,2,1,,,,57.9,0,0,0,391.0
6,18,2,1,,,,50.7,0,0,0,257.0
6,19,2,1,,,,45.3,0,0,0,83.0
6,20,2,1,,,,40.1,0,0,0,0.0
6,21,2,1,,,,37.4,0,0,0,0.0
6,22,2,1,,,,37.5,0,0,0,0.0
6,23,2,1,,,,36.1,0,0,0,0.0
6,24,2,1,,,,36.2,0,0,0,0.0
6,1,3,1,,,,36.5,0,0,0,0.0
6,2,3,1,,,,36.8,0,0,0,0.0
6,3,3,1,,,,38.4,0,0,0,0.0
6,4,3,1,,,,37.5,0,0,0,223.0
6,5,3,1,,,,37.0,0,0,0,519.0
6,6,3,1,,,,37.8,0,0,0,699.0
6,7,3,1,,,,38.4,0,0,0,774.0
6,8,3,1,,,,40.3,0,0,0,820.0
6,9,3,1,,,,46.4,0,0,0,839.0
6,10,3,1,,,,58.0,0,0,0,845.0
6,11,3,1,,,,63.7,0,0,0,850.0
6,12,3,1,,,,67.9,0,0,0,849.0
6,13,3,1,,,,72.4,0,0,0,840.0
6,14,3,1,,,,71.2,0,0,0,825.0
6,15,3,1,,,,74.4,0,0,0,799.0
6,16,3,1,,,,74.6,0,0,0,756.0
6,17,3,1,,,,66.7,0,0,0,676.0
6,18,3,1,,,,58.2,0,0,0,527.0
6,19,3,1,,,,54.5,0,0,0,238.0
6,20,3,1,,,,49.8,0,0,0,0.0
6,21,3,1,,,,43.8,0,0,0,0.0
6,22,3,1,,,,41.0,0,0,0,0.0
6,23,3,1,,,,39.2,0,0,0,0.0
6,24,3,1,,,,37.5,0,0,0,0.0
6,1,4,1,,,,37.2,0,0,0,0.0
6,2,4,1,,,,36.8,0,0,0,0.0
6,3,4,1,,,,37.0,0,0,0,0.0
6,4,4,1,,,,36.8,0,0,0,202.0
6,5,4,1,,,,36.1,0,0,0,442.0
6,6,4,1,,,,37.6,0,0,0,616.0
6,7,4,1,,,,37.1,0,0,0,711.0
6,8,4,1,,,,42.7,0,0,0,758.0
6,9,4,1,,,,51.2,0,0,0,781.0
6,10,4,1,,,,61.1,0,0,0,790.0
6,11,4,1,,,,66.3,0,0,0,796.0
6,12,4,1,,,,71.5,0,0,0,800.0
6,13,4,1,,,,68.0,0,0,0,800.0
6,14,4,1,,,,64.0,0,0,0,792.0
6,15,4,1,,,,64.7,0,0,0,773.0
6,16,4,1,,,,63.2,0,0,0,723.0
6,17,4,1,,,,61.6,0,0,0,618.0
6,18,4,1,,,,57.3,0,0,0,432.0
6,19,4,1,,,,55.6,0,0,0,166.0
6,20,4,1,,,,51.5,0,0,0,0.0
6,21,4,1,,,,47.9,0,0,0,0.0
6,22,4,1,,,,46.4,0,0,0,0.0
6,23,4,1,,,,44.1,0,0,0,0.0
6,24,4,1,,,,41.6,0,0,0,0.0
6,1,5,1,,,,41.3,0,0,0,0.0
6,2,5,1,,,,41.4,0,0,0,0.0
6,3,5,1,,,,41.8,0,0,0,0.0
6,4,5,1,,,,43.1,0,0,0,169.0
6,5,5,1,,,,41.4,0,0,0,365.0
6,6,5,1,,,,39.3,0,0,0,424.0
6,7,5,1,,,,40.6,0,0,0,498.0
6,8,5,1,,,,45.8,0,0,0,671.0
6,9,5,1,,,,53.7,0,0,0,783.0
6,10,5,1,,,,56.9,0,0,0,835.0
6,11,5,1,,,,61.7,0,0,0,841.0
6,12,5,1,,,,64.4,0,0,0,803.0
6,13,5,1,,,,67.9,0,0,0,673.0
6,14,5,1,,,,67.0,0,0,0,405.0
6,15,5,1,,,,67.3,0,0,0,190.0
6,16,5,1,,,,67.4,0,0,0,228.0
6,17,5,1,,,,63.2,0,0,0,291.0
6,18,5,1,,,,57.0,0,0,0,170.0
6,19,5,1,,,,51.1,0,0,0,51.0
6,20,5,1,,,,50.8,0,0,0,0.0
6,21,5,1,,,,47.0,0,0,0,0.0
6,22,5,1,,,,45.5,0,0,0,0.0
6,23,5,1,,,,44.9,0,0,0,0.0
6,24,5,1,,,,44.2,0,0,0,0.0
6,1,6,1,,,,43.4,0,0,0,0.0
6,2,6,1,,,,42.4,0,0,0,0.0
6,3,6,1,,,,42.2,0,0,0,0.0
6,4,6,1,,,,42.4,0,0,0,87.0
6,5,6,1,,,,41.4,0,0,0,347.0
6,6,6,1,,,,39.1,0,0,0,548.0
6,7,6,1,,,,39.2,0,0,0,671.0
6,8,6,1,,,,43.1,0,0,0,735.0
6,9,6,1,,,,50.1,0,0,0,785.0
6,10,6,1,,,,59.0,0,0,0,782.0
6,11,6,1,,,,63.9,0,0,0,814.0
6,12,6,1,,,,63.8,0,0,0,818.0
6,13,6,1,,,,63.6,0,0,0,818.0
6,14,6,1,,,,62.8,0,0,0,802.0
6,15,6,1,,,,63.9,0,0,0,768.0
6,16,6,1,,,,63.0,0,0,0,697.0
6,17,6,1,,,,61.8,0,0,0,486.0
6,18,6,1,,,,53.8,0,0,0,180.0
6,19,6,1,,,,50.4,0,0,0,49.0
6,20,6,1,,,,45.5,0,0,0,0.0
6,21,6,1,,,,44.0,0,0,0,0.0
6,22,6,1,,,,43.5,0,0,0,0.0
6,23,6,1,,,,42.1,0,0,0,0.0
6,24,6,1,,,,41.7,0,0,0,0.0
6,1,7,1,,,,41.9,0,0,0,0.0
6,2,7,1,,,,42.4,0,0,0,0.0
6,3,7,1,,,,41.8,0,0,0,0.0
6,4,7,1,,,,39.2,0,0,0,154.0
6,5,7,1,,,,38.8,0,0,0,423.0
6,6,7,1,,,,38.1,0,0,0,621.0
6,7,7,1,,,,38.0,0,0,0,732.0
6,8,7,1,,,,38.9,0,0,0,789.0
6,9,7,1,,,,41.0,0,0,0,820.0
6,10,7,1,,,,42.7,0,0,0,831.0
6,11,7,1,,,,47.6,0,0,0,828.0
6,12,7,1,,,,52.6,0,0,0,789.0
6,13,7,1,,,,53.2,0,0,0,744.0
6,14,7,1,,,,54.1,0,0,0,621.0
6,15,7,1,,,,53.1,0,0,0,494.0
6,16,7,1,,,,52.5,0,0,0,444.0
6,17,7,1,,,,52.1,0,0,0,407.0
6,18,7,1,,,,50.6,0,0,0,351.0
6,19,7,1,,,,48.0,0,0,0,129.0
6,20,7,1,,,,45.3,0,0,0,0.0
6,21,7,1,,,,43.2,0,0,0,0.0
6,22,7,1,,,,42.6,0,0,0,0.0
6,23,7,1,,,,42.0,0,0,0,0.0
6,24,7,1,,,,40.6,0,0,0,0.0
6,1,1,1,,,,40.8,0,0,0,0.0
6,2,1,1,,,,41.3,0,0,0,0.0
6,3,1,1,,,,40.7,0,0,0,0.0
6,4,1,1,,,,40.8,0,0,0,169.0
6,5,1,1,,,,39.1,0,0,0,458.0
6,6,1,1,,,,38.9,0,0,0,639.0
6,7,1,1,,,,38.5,0,0,0,711.0
6,8,1,1,,,,39.0,0,0,0,697.0
6,9,1,1,,,,41.6,0,0,0,676.0
6,10,1,1,,,,45.1,0,0,0,688.0
6,11,1,1,,,,51.2,0,0,0,693.0
6,12,1,1,,,,55.4,0,0,0,633.0
6,13,1,1,,,,58.8,0,0,0,519.0
6,14,1,1,,,,58.4,0,0,0,419.0
6,15,1,1,,,,58.0,0,0,0,461.0
6,16,1,1,,,,58.6,0,0,0,481.0
6,17,1,1,,,,59.2,0,0,0,430.0
6,18,1,1,,,,58.7,0,0,0,272.0
6,19,1,1,,,,54.4,0,0,0,108.0
6,20,1,1,,,,53.0,0,0,0,0.0
6,21,1,1,,,,50.6,0,0,0,0.0
6,22,1,1,,,,46.6,0,0,0,0.0
6,23,1,1,,,,44.5,0,0,0,0.0
6,24,1,1,,,,43.4,0,0,0,0.0
6,1,2,1,,,,41.6,0,0,0,0.0
6,2,2,1,,,,41.6,0,0,0,0.0
6,3,2,1,,,,39.9,0,0,0,0.0
6,4,2,1,,,,40.0,0,0,0,226.0
6,5,2,1,,,,39.6,0,0,0,530.0
6,6,2,1,,,,38.1,0,0,0,697.0
6,7,2,1,,,,38.4,0,0,0,778.0
6,8,2,1,,,,40.1,0,0,0,828.0
6,9,2,1,,,,46.9,0,0,0,846.0
6,10,2,1,,,,55.1,0,0,0,857.0
6,11,2,1,,,,62.3,0,0,0,857.0
6,12,2,1,,,,63.0,0,0,0,851.0
6,13,2,1,,,,62.2,0,0,0,840.0
6,14,2,1,,,,62.6,0,0,0,818.0
6,15,2,1,,,,64.4,0,0,0,747.0
6,16,2,1,,,,64.4,0,0,0,528.0
6,17,2,1,,,,60.8,0,0,0,297.0
6,18,2,1,,,,52.2,0,0,0,168.0
6,19,2,1,,,,51.3,0,0,0,72.0
6,20,2,1,,,,47.6,0,0,0,0.0
6,21,2,1,,,,44.4,0,0,0,0.0
6,22,2,1,,,,42.2,0,0,0,0.0
6,23,2,1,,,,41.5,0,0,0,0.0
6,24,2,1,,,,41.1,0,0,0,0.0
6,1,3,1,,,,39.2,0,0,0,0.0
6,2,3,1,,,,39.1,0,0,0,0.0
6,3,3,1,,,,38.4,0,0,0,0.0
6,4,3,1,,,,36.8,0,0,0,13.0
6,5,3,1,,,,35.4,0,0,0,40.0
6,6,3,1,,,,35.3,0,0,0,89.0
6,7,3,1,,,,35.2,0,0,0,261.0
6,8,3,1,,,,39.8,0,0,0,512.0
6,9,3,1,,,,47.0,0,0,0,644.0
6,10,3,1,,,,52.2,0,0,0,691.0
6,11,3,1,,,,59.2,0,0,0,752.0
6,12,3,1,,,,59.3,0,0,0,765.0
6,13,3,1,,,,58.1,0,0,0,662.0
6,14,3,1,,,,59.6,0,0,0,675.0
6,15,3,1,,,,59.2,0,0,0,568.0
6,16,3,1,,,,59.6,0,0,0,430.0
6,17,3,1,,,,62.9,0,0,0,231.0
6,18,3,1,,,,52.0,0,0,0,102.0
6,19,3,1,,,,51.8,0,0,0,40.0
6,20,3,1,,,,46.3,0,0,0,0.0
6,21,3,1,,,,44.3,0,0,0,0.0
6,22,3,1,,,,43.8,0,0,0,0.0
6,23,3,1,,,,42.4,0,0,0,0.0
6,24,3,1,,,,42.4,0,0,0,0.0
6,1,4,1,,,,40.0,0,0,0,0.0
6,2,4,1,,,,39.0,0,0,0,0.0
6,3,4,1,,,,38.4,0,0,0,0.0
6,4,4,1,,,,38.3,0,0,0,39.0
6,5,4,1,,,,36.2,0,0,0,155.0
6,6,4,1,,,,36.0,0,0,0,483.0
6,7,4,1,,,,37.6,0,0,0,743.0
6,8,4,1,,,,44.6,0,0,0,799.0
6,9,4,1,,,,51.3,0,0,0,805.0
6,10,4,1,,,,59.2,0,0,0,807.0
6,11,4,1,,,,61.5,0,0,0,804.0
6,12,4,1,,,,66.5,0,0,0,809.0
6,13,4,1,,,,66.0,0,0,0,787.0
6,14,4,1,,,,63.4,0,0,0,762.0
6,15,4,1,,,,64.4,0,0,0,752.0
6,16,4,1,,,,63.5,0,0,0,672.0
6,17,4,1,,,,62.6,0,0,0,522.0
6,18,4,1,,,,58.0,0,0,0,280.0
6,19,4,1,,,,50.2,0,0,0,85.0
6,20,4,1,,,,46.5,0,0,0,0.0
6,21,4,1,,,,44.1,0,0,0,0.0
6,22,4,1,,,,43.0,0,0,0,0.0
6,23,4,1,,,,41.6,0,0,0,0.0
6,24,4,1,,,,40.2,0,0,0,0.0
7,1,5,1,,,,38.4,0,0,0,0.0
7,2,5,1,,,,37.0,0,0,0,0.0
7,3,5,1,,,,37.0,0,0,0,0.0
7,4,5,1,,,,36.5,0,0,0,136.0
7,5,5,1,,,,35.8,0,0,0,334.0
7,6,5,1,,,,35.3,0,0,0,357.0
7,7,5,1,,,,34.9,0,0,0,352.0
7,8,5,1,,,,39.5,0,0,0,495.0
7,9,5,1,,,,47.3,0,0,0,515.0
7,10,5,1,,,,54.2,0,0,0,515.0
7,11,5,1,,,,60.8,0,0,0,637.0
7,12,5,1,,,,61.9,0,0,0,721.0
7,13,5,1,,,,62.8,0,0,0,741.0
7,14,5,1,,,,64.2,0,0,0,733.0
7,15,5,1,,,,62.2,0,0,0,656.0
7,16,5,1,,,,62.2,0,0,0,580.0
7,17,5,1,,,,59.2,0,0,0,488.0
7,18,5,1,,,,54.2,0,0,0,355.0
7,19,5,1,,,,49.8,0,0,0,115.0
7,20,5,1,,,,48.2,0,0,0,0.0
7,21,5,1,,,,46.0,0,0,0,0.0
7,22,5,1,,,,43.4,0,0,0,0.0
7,23,5,1,,,,43.8,0,0,0,0.0
7,24,5,1,,,,42.2,0,0,0,0.0
7,1,6,1,,,,40.9,0,0,0,0.0
7,2,6,1,,,,40.5,0,0,0,0.0
7,3,6,1,,,,40.3,0,0,0,0.0
7,4,6,1,,,,38.6,0,0,0,141.0
7,5,6,1,,,,38.6,0,0,0,435.0
7,6,6,1,,,,37.9,0,0,0,663.0
7,7,6,1,,,,39.0,0,0,0,731.0
7,8,6,1,,,,43.0,0,0,0,700.0
7,9,6,1,,,,49.6,0,0,0,696.0
7,10,6,1,,,,58.2,0,0,0,692.0
7,11,6,1,,,,63.0,0,0,0,681.0
7,12,6,1,,,,63.9,0,0,0,689.0
7,13,6,1,,,,63.8,0,0,0,684.0
7,14,6,1,,,,68.4,0,0,0,643.0
7,15,6,1,,,,70.5,0,0,0,591.0
7,16,6,1,,,,71.7,0,0,0,540.0
7,17,6,1,,,,66.1,0,0,0,424.0
7,18,6,1,,,,55.2,0,0,0,319.0
7,19,6,1,,,,49.8,0,0,0,136.0
7,20,6,1,,,,48.8,0,0,0,0.0
7,21,6,1,,,,44.8,0,0,0,0.0
7,22,6,1,,,,44.6,0,0,0,0.0
7,23,6,1,,,,43.2,0,0,0,0.0
7,24,6,1,,,,41.8,0,0,0,0.0
7,1,7,1,,,,41.9,0,0,0,0.0
7,2,7,1,,,,40.5,0,0,0,0.0
7,3,7,1,,,,40.4,0,0,0,0.0
7,4,7,1,,,,39.8,0,0,0,71.0
7,5,7,1,,,,39.0,0,0,0,225.0
7,6,7,1,,,,37.8,0,0,0,282.0
7,7,7,1,,,,37.1,0,0,0,429.0
7,8,7,1,,,,37.2,0,0,0,596.0
7,9,7,1,,,,38.6,0,0,0,666.0
7,10,7,1,,,,40.0,0,0,0,645.0
7,11,7,1,,,,44.1,0,0,0,639.0
7,12,7,1,,,,45.6,0,0,0,653.0
7,13,7,1,,,,46.7,0,0,0,618.0
7,14,7,1,,,,46.4,0,0,0,544.0
7,15,7,1,,,,47.2,0,0,0,494.0
7,16,7,1,,,,47.2,0,0,0,384.0
7,17,7,1,,,,48.4,0,0,0,344.0
7,18,7,1,,,,45.1,0,0,0,169.0
7,19,7,1,,,,45.4,0,0,0,44.0
7,20,7,1,,,,43.6,0,0,0,0.0
7,21,7,1,,,,42.3,0,0,0,0.0
7,22,7,1,,,,41.4,0,0,0,0.0
7,23,7,1,,,,41.1,0,0,0,0.0
7,24,7,1,,,,39.8,0,0,0,0.0
7,1,1,1,,,,39.4,0,0,0,0.0
7,2,1,1,,,,38.7,0,0,0,0.0
7,3,1,1,,,,37.0,0,0,0,0.0
7,4,1,1,,,,37.4,0,0,0,240.0
7,5,1,1,,,,36.6,0,0,0,495.0
7,6,1,1,,,,35.7,0,0,0,624.0
7,7,1,1,,,,36.2,0,0,0,743.0
7,8,1,1,,,,36.8,0,0,0,825.0
7,9,1,1,,,,37.3,0,0,0,854.0
7,10,1,1,,,,39.9,0,0,0,864.0
7,11,1,1,,,,43.0,0,0,0,864.0
7,12,1,1,,,,46.1,0,0,0,856.0
7,13,1,1,,,,46.8,0,0,0,832.0
7,14,1,1,,,,47.0,0,0,0,706.0
7,15,1,1,,,,47.1,0,0,0,603.0
7,16,1,1,,,,46.9,0,0,0,520.0
7,17,1,1,,,,45.4,0,0,0,379.0
7,18,1,1,,,,43.3,0,0,0,232.0
7,19,1,1,,,,42.4,0,0,0,70.0
7,20,1,1,,,,42.0,0,0,0,0.0
7,21,1,1,,,,41.2,0,0,0,0.0
7,22,1,1,,,,41.6,0,0,0,0.0
7,23,1,1,,,,40.4,0,0,0,0.0
7,24,1,1,,,,39.0,0,0,0,0.0
7,1,2,1,,,,38.9,0,0,0,0.0
7,2,2,1,,,,38.2,0,0,0,0.0
7,3,2,1,,,,37.6,0,0,0,0.0
7,4,2,1,,,,37.0,0,0,0,103.0
7,5,2,1,,,,35.6,0,0,0,266.0
7,6,2,1,,,,35.2,0,0,0,418.0
7,7,2,1,,,,36.4,0,0,0,563.0
7,8,2,1,,,,44.5,0,0,0,687.0
7,9,2,1,,,,51.7,0,0,0,730.0
7,10,2,1,,,,56.6,0,0,0,735.0
7,11,2,1,,,,64.7,0,0,0,816.0
7,12,2,1,,,,67.4,0,0,0,857.0
7,13,2,1,,,,68.5,0,0,0,848.0
7,14,2,1,,,,67.9,0,0,0,800.0
7,15,2,1,,,,69.5,0,0,0,567.0
7,16,2,1,,,,67.8,0,0,0,362.0
7,17,2,1,,,,63.4,0,0,0,292.0
7,18,2,1,,,,56.1,0,0,0,152.0
7,19,2,1,,,,48.9,0,0,0,69.0
7,20,2,1,,,,44.2,0,0,0,0.0
7,21,2,1,,,,45.5,0,0,0,0.0
7,22,2,1,,,,43.0,0,0,0,0.0
7,23,2,1,,,,41.8,0,0,0,0.0
7,24,2,1,,,,40.5,0,0,0,0.0
7,1,3,1,,,,40.2,0,0,0,0.0
7,2,3,1,,,,41.9,0,0,0,0.0
7,3,3,1,,,,39.4,0,0,0,0.0
7,4,3,1,,,,39.3,0,0,0,135.0
7,5,3,1,,,,37.8,0,0,0,326.0
7,6,3,1,,,,37.7,0,0,0,491.0
7,7,3,1,,,,38.6,0,0,0,393.0
7,8,3,1,,,,41.3,0,0,0,339.0
7,9,3,1,,,,47.1,0,0,0,444.0
7,10,3,1,,,,54.5,0,0,0,720.0
7,11,3,1,,,,58.4,0,0,0,828.0
7,12,3,1,,,,59.5,0,0,0,845.0
7,13,3,1,,,,63.0,0,0,0,830.0
7,14,3,1,,,,60.0,0,0,0,781.0
7,15,3,1,,,,59.7,0,0,0,677.0
7,16,3,1,,,,60.3,0,0,0,544.0
7,17,3,1,,,,57.2,0,0,0,484.0
7,18,3,1,,,,55.4,0,0,0,315.0
7,19,3,1,,,,50.0,0,0,0,84.0
7,20,3,1,,,,47.0,0,0,0,0.0
7,21,3,1,,,,44.6,0,0,0,0.0
7,22,3,1,,,,43.2,0,0,0,0.0
7,23,3,1,,,,42.0,0,0,0,0.0
7,24,3,1,,,,40.9,0,0,0,0.0
7,1,4,1,,,,40.6,0,0,0,0.0
7,2,4,1,,,,40.6,0,0,0,0.0
7,3,4,1,,,,40.4,0,0,0,0.0
7,4,4,1,,,,40.8,0,0,0,73.0
7,5,4,1,,,,40.4,0,0,0,185.0
7,6,4,1,,,,38.5,0,0,0,246.0
7,7,4,1,,,,38.9,0,0,0,196.0
7,8,4,1,,,,41.8,0,0,0,221.0
7,9,4,1,,,,50.6,0,0,0,264.0
7,10,4,1,,,,57.2,0,0,0,362.0
7,11,4,1,,,,62.9,0,0,0,433.0
7,12,4,1,,,,64.2,0,0,0,466.0
7,13,4,1,,,,66.3,0,0,0,522.0
7,14,4,1,,,,66.0,0,0,0,492.0
7,15,4,1,,,,67.3,0,0,0,393.0
7,16,4,1,,,,66.8,0,0,0,275.0
7,17,4,1,,,,65.6,0,0,0,144.0
7,18,4,1,,,,59.1,0,0,0,57.0
7,19,4,1,,,,53.0,0,0,0,13.0
7,20,4,1,,,,48.8,0,0,0,0.0
7,21,4,1,,,,46.2,0,0,0,0.0
7,22,4,1,,,,43.8,0,0,0,0.0
7,23,4,1,,,,42.0,0,0,0,0.0
7,24,4,1,,,,41.1,0,0,0,0.0
7,1,5,1,,,,41.3,0,0,0,0.0
7,2,5,1,,,,40.9,0,0,0,0.0
7,3,5,1,,,,41.8,0,0,0,0.0
7,4,5,1,,,,40.8,0,0,0,7.0
7,5,5,1,,,,40.4,0,0,0,32.0
7,6,5,1,,,,38.8,0,0,0,85.0
7,7,5,1,,,,38.0,0,0,0,235.0
7,8,5,1,,,,40.4,0,0,0,534.0
7,9,5,1,,,,48.5,0,0,0,660.0
7,10,5,1,,,,60.0,0,0,0,741.0
7,11,5,1,,,,64.5,0,0,0,769.0
7,12,5,1,,,,66.6,0,0,0,766.0
7,13,5,1,,,,67.3,0,0,0,756.0
7,14,5,1,,,,68.5,0,0,0,724.0
7,15,5,1,,,,69.4,0,0,0,685.0
7,16,5,1,,,,70.7,0,0,0,518.0
7,17,5,1,,,,68.9,0,0,0,250.0
7,18,5,1,,,,58.6,0,0,0,112.0
7,19,5,1,,,,53.4,0,0,0,25.0
7,20,5,1,,,,50.4,0,0,0,0.0
7,21,5,1,,,,48.0,0,0,0,0.0
7,22,5,1,,,,45.6,0,0,0,0.0
7,23,5,1,,,,42.9,0,0,0,0.0
7,24,5,1,,,,41.1,0,0,0,0.0
7,1,6,1,,,,40.2,0,0,0,0.0
7,2,6,1,,,,39.5,0,0,0,0.0
7,3,6,1,,,,38.4,0,0,0,0.0
7,4,6,1,,,,38.3,0,0,0,71.0
7,5,6,1,,,,36.3,0,0,0,107.0
7,6,6,1,,,,35.5,0,0,0,197.0
7,7,6,1,,,,36.0,0,0,0,324.0
7,8,6,1,,,,41.0,0,0,0,434.0
7,9,6,1,,,,50.6,0,0,0,727.0
7,10,6,1,,,,60.3,0,0,0,847.0
7,11,6,1,,,,71.6,0,0,0,847.0
7,12,6,1,,,,77.6,0,0,0,841.0
7,13,6,1,,,,78.3,0,0,0,828.0
7,14,6,1,,,,77.5,0,0,0,802.0
7,15,6,1,,,,79.8,0,0,0,736.0
7,16,6,1,,,,80.7,0,0,0,694.0
7,17,6,1,,,,76.5,0,0,0,587.0
7,18,6,1,,,,70.2,0,0,0,364.0
7,19,6,1,,,,64.8,0,0,0,129.0
7,20,6,1,,,,58.4,0,0,0,0.0
7,21,6,1,,,,54.0,0,0,0,0.0
7,22,6,1,,,,52.6,0,0,0,0.0
7,23,6,1,,,,50.8,0,0,0,0.0
7,24,6,1,,,,47.2,0,0,0,0.0
7,1,7,1,,,,44.1,0,0,0,0.0
7,2,7,1,,,,43.6,0,0,0,0.0
7,3,7,1,,,,42.8,0,0,0,0.0
7,4,7,1,,,,42.2,0,0,0,210.0
7,5,7,1,,,,40.1,0,0,0,430.0
7,6,7,1,,,,40.2,0,0,0,580.0
7,7,7,1,,,,42.1,0,0,0,702.0
7,8,7,1,,,,44.1,0,0,0,775.0
7,9,7,1,,,,45.8,0,0,0,782.0
7,10,7,1,,,,51.4,0,0,0,756.0
7,11,7,1,,,,52.8,0,0,0,764.0
7,12,7,1,,,,55.3,0,0,0,785.0
7,13,7,1,,,,57.0,0,0,0,778.0
7,14,7,1,,,,57.1,0,0,0,752.0
7,15,7,1,,,,58.6,0,0,0,712.0
7,16,7,1,,,,60.0,0,0,0,640.0
7,17,7,1,,,,60.9,0,0,0,560.0
7,18,7,1,,,,60.1,0,0,0,412.0
7,19,7,1,,,,57.5,0,0,0,125.0
7,20,7,1,,,,53.1,0,0,0,0.0
7,21,7,1,,,,50.7,0,0,0,0.0
7,22,7,1,,,,48.5,0,0,0,0.0
7,23,7,1,,,,44.6,0,0,0,0.0
7,24,7,1,,,,43.6,0,0,0,0.0
7,1,1,1,,,,43.2,0,0,0,0.0
7,2,1,1,,,,42.5,0,0,0,0.0
7,3,1,1,,,,42.5,0,0,0,0.0
7,4,1,1,,,,42.2,0,0,0,179.0
7,5,1,1,,,,41.2,0,0,0,379.0
7,6,1,1,,,,41.2,0,0,0,423.0
7,7,1,1,,,,42.9,0,0,0,625.0
7,8,1,1,,,,42.2,0,0,0,770.0
7,9,1,1,,,,43.0,0,0,0,777.0
7,10,1,1,,,,44.4,0,0,0,827.0
7,11,1,1,,,,48.0,0,0,0,839.0
7,12,1,1,,,,53.2,0,0,0,813.0
7,13,1,1,,,,55.2,0,0,0,828.0
7,14,1,1,,,,56.5,0,0,0,828.0
7,15,1,1,,,,55.8,0,0,0,750.0
7,16,1,1,,,,55.1,0,0,0,656.0
7,17,1,1,,,,57.3,0,0,0,487.0
7,18,1,1,,,,56.4,0,0,0,241.0
7,19,1,1,,,,55.1,0,0,0,84.0
7,20,1,1,,,,53.2,0,0,0,0.0
7,21,1,1,,,,50.6,0,0,0,0.0
7,22,1,1,,,,50.4,0,0,0,0.0
7,23,1,1,,,,47.7,0,0,0,0.0
7,24,1,1,,,,46.6,0,0,0,0.0
7,1,2,1,,,,46.0,0,0,0,0.0
7,2,2,1,,,,45.9,0,0,0,0.0
7,3,2,1,,,,45.1,0,0,0,0.0
7,4,2,1,,,,45.2,0,0,0,4.0
7,5,2,1,,,,44.5,0,0,0,44.0
7,6,2,1,,,,43.5,0,0,0,145.0
7,7,2,1,,,,43.3,0,0,0,388.0
7,8,2,1,,,,44.4,0,0,0,409.0
7,9,2,1,,,,47.8,0,0,0,390.0
7,10,2,1,,,,57.0,0,0,0,683.0
7,11,2,1,,,,61.9,0,0,0,524.0
7,12,2,1,,,,66.5,0,0,0,543.0
7,13,2,1,,,,67.2,0,0,0,455.0
7,14,2,1,,,,64.0,0,0,0,412.0
7,15,2,1,,,,67.2,0,0,0,300.0
7,16,2,1,,,,67.0,0,0,0,295.0
7,17,2,1,,,,61.0,0,0,0,223.0
7,18,2,1,,,,54.3,0,0,0,113.0
7,19,2,1,,,,48.1,0,0,0,19.0
7,20,2,1,,,,41.0,0,0,0,0.0
7,21,2,1,,,,42.2,0,0,0,0.0
7,22,2,1,,,,39.9,0,0,0,0.0
7,23,2,1,,,,39.4,0,0,0,0.0
7,24,2,1,,,,38.7,0,0,0,0.0
7,1,3,1,,,,38.6,0,0,0,0.0
7,2,3,1,,,,38.8,0,0,0,0.0
7,3,3,1,,,,38.4,0,0,0,0.0
7,4,3,1,,,,38.0,0,0,0,30.0
7,5,3,1,,,,37.8,0,0,0,89.0
7,6,3,1,,,,37.6,0,0,0,135.0
7,7,3,1,,,,37.8,0,0,0,200.0
7,8,3,1,,,,40.0,0,0,0,269.0
7,9,3,1,,,,46.7,0,0,0,302.0
7,10,3,1,,,,53.4,0,0,0,285.0
7,11,3,1,,,,58.0,0,0,0,298.0
7,12,3,1,,,,62.0,0,0,0,411.0
7,13,3,1,,,,60.9,0,0,0,436.0
7,14,3,1,,,,60.6,0,0,0,380.0
7,15,3,1,,,,60.7,0,0,0,272.0
7,16,3,1,,,,60.3,0,0,0,176.0
7,17,3,1,,,,59.4,0,0,0,122.0
7,18,3,1,,,,51.9,0,0,0,77.0
7,19,3,1,,,,45.8,0,0,0,24.0
7,20,3,1,,,,43.2,0,0,0,0.0
7,21,3,1,,,,40.7,0,0,0,0.0
7,22,3,1,,,,40.8,0,0,0,0.0
7,23,3,1,,,,39.3,0,0,0,0.0
7,24,3,1,,,,39.1,0,0,0,0.0
7,1,4,1,,,,38.6,0,0,0,0.0
7,2,4,1,,,,38.0,0,0,0,0.0
7,3,4,1,,,,38.1,0,0,0,1.0
7,4,4,1,,,,37.8,0,0,0,16.0
7,5,4,1,,,,37.0,0,0,0,45.0
7,6,4,1,,,,36.8,0,0,0,95.0
7,7,4,1,,,,37.0,0,0,0,165.0
7,8,4,1,,,,40.6,0,0,0,252.0
7,9,4,1,,,,46.7,0,0,0,391.0
7,10,4,1,,,,56.1,0,0,0,557.0
7,11,4,1,,,,62.8,0,0,0,678.0
7,12,4,1,,,,68.4,0,0,0,723.0
7,13,4,1,,,,63.1,0,0,0,322.0
7,14,4,1,,,,59.9,0,0,0,200.0
7,15,4,1,,,,63.4,0,0,0,250.0
7,16,4,1,,,,59.8,0,0,0,256.0
7,17,4,1,,,,57.4,0,0,0,167.0
7,18,4,1,,,,50.1,0,0,0,122.0
7,19,4,1,,,,43.7,0,0,0,70.0
7,20,4,1,,,,42.2,0,0,0,0.0
7,21,4,1,,,,38.7,0,0,0,0.0
7,22,4,1,,,,38.4,0,0,0,0.0
7,23,4,1,,,,37.0,0,0,0,0.0
7,24,4,1,,,,37.4,0,0,0,0.0
7,1,5,1,,,,36.7,0,0,0,0.0
7,2,5,1,,,,36.4,0,0,0,0.0
7,3,5,1,,,,36.2,0,0,0,0.0
7,4,5,1,,,,36.2,0,0,0,25.0
7,5,5,1,,,,35.7,0,0,0,111.0
7,6,5,1,,,,35.6,0,0,0,269.0
7,7,5,1,,,,34.6,0,0,0,488.0
7,8,5,1,,,,36.0,0,0,0,726.0
7,9,5,1,,,,43.8,0,0,0,754.0
7,10,5,1,,,,51.0,0,0,0,718.0
7,11,5,1,,,,54.4,0,0,0,725.0
7,12,5,1,,,,58.9,0,0,0,663.0
7,13,5,1,,,,58.6,0,0,0,697.0
7,14,5,1,,,,58.3,0,0,0,682.0
7,15,5,1,,,,60.0,0,0,0,720.0
7,16,5,1,,,,59.1,0,0,0,683.0
7,17,5,1,,,,57.9,0,0,0,585.0
7,18,5,1,,,,52.8,0,0,0,383.0
7,19,5,1,,,,47.5,0,0,0,97.0
7,20,5,1,,,,45.5,0,0,0,0.0
7,21,5,1,,,,39.9,0,0,0,0.0
7,22,5,1,,,,40.5,0,0,0,0.0
7,23,5,1,,,,39.8,0,0,0,0.0
7,24,5,1,,,,39.2,0,0,0,0.0
7,1,6,1,,,,39.1,0,0,0,0.0
7,2,6,1,,,,37.5,0,0,0,0.0
7,3,6,1,,,,39.9,0,0,0,0.0
7,4,6,1,,,,37.6,0,0,0,104.0
7,5,6,1,,,,39.6,0,0,0,519.0
7,6,6,1,,,,39.7,0,0,0,747.0
7,7,6,1,,,,39.9,0,0,0,817.0
7,8,6,1,,,,45.8,0,0,0,835.0
7,9,6,1,,,,46.5,0,0,0,839.0
7,10,6,1,,,,52.6,0,0,0,836.0
7,11,6,1,,,,56.2,0,0,0,832.0
7,12,6,1,,,,57.6,0,0,0,823.0
7,13,6,1,,,,56.8,0,0,0,802.0
7,14,6,1,,,,57.1,0,0,0,745.0
7,15,6,1,,,,59.1,0,0,0,721.0
7,16,6,1,,,,59.8,0,0,0,629.0
7,17,6,1,,,,55.9,0,0,0,393.0
7,18,6,1,,,,47.7,0,0,0,252.0
7,19,6,1,,,,42.2,0,0,0,85.0
7,20,6,1,,,,41.2,0,0,0,0.0
7,21,6,1,,,,38.1,0,0,0,0.0
7,22,6,1,,,,37.5,0,0,0,0.0
7,23,6,1,,,,37.1,0,0,0,0.0
7,24,6,1,,,,36.4,0,0,0,0.0
7,1,7,1,,,,35.9,0,0,0,0.0
7,2,7,1,,,,35.8,0,0,0,0.0
7,3,7,1,,,,35.9,0,0,0,0.0
7,4,7,1,,,,35.9,0,0,0,88.0
7,5,7,1,,,,35.2,0,0,0,236.0
7,6,7,1,,,,34.2,0,0,0,375.0
7,7,7,1,,,,34.4,0,0,0,495.0
7,8,7,1,,,,34.5,0,0,0,621.0
7,9,7,1,,,,34.4,0,0,0,680.0
7,10,7,1,,,,35.2,0,0,0,752.0
7,11,7,1,,,,37.6,0,0,0,742.0
7,12,7,1,,,,37.5,0,0,0,664.0
7,13,7,1,,,,37.6,0,0,0,621.0
7,14,7,1,,,,35.7,0,0,0,651.0
7,15,7,1,,,,36.2,0,0,0,668.0
7,16,7,1,,,,39.1,0,0,0,636.0
7,17,7,1,,,,38.2,0,0,0,537.0
7,18,7,1,,,,37.2,0,0,0,323.0
7,19,7,1,,,,37.2,0,0,0,89.0
7,20,7,1,,,,36.4,0,0,0,0.0
7,21,7,1,,,,35.8,0,0,0,0.0
7,22,7,1,,,,36.0,0,0,0,0.0
7,23,7,1,,,,35.8,0,0,0,0.0
7,24,7,1,,,,35.7,0,0,0,0.0
7,1,1,1,,,,37.0,0,0,0,0.0
7,2,1,1,,,,37.0,0,0,0,0.0
7,3,1,1,,,,37.4,0,0,0,0.0
7,4,1,1,,,,36.3,0,0,0,58.0
7,5,1,1,,,,36.5,0,0,0,119.0
7,6,1,1,,,,35.9,0,0,0,134.0
7,7,1,1,,,,35.4,0,0,0,194.0
7,8,1,1,,,,35.4,0,0,0,254.0
7,9,1,1,,,,35.6,0,0,0,335.0
7,10,1,1,,,,36.6,0,0,0,484.0
7,11,1,1,,,,37.6,0,0,0,642.0
7,12,1,1,,,,39.2,0,0,0,666.0
7,13,1,1,,,,40.8,0,0,0,706.0
7,14,1,1,,,,41.8,0,0,0,638.0
7,15,1,1,,,,41.8,0,0,0,569.0
7,16,1,1,,,,42.0,0,0,0,477.0
7,17,1,1,,,,43.0,0,0,0,361.0
7,18,1,1,,,,41.4,0,0,0,273.0
7,19,1,1,,,,41.2,0,0,0,84.0
7,20,1,1,,,,40.4,0,0,0,0.0
7,21,1,1,,,,39.6,0,0,0,0.0
7,22,1,1,,,,38.6,0,0,0,0.0
7,23,1,1,,,,38.5,0,0,0,0.0
7,24,1,1,,,,37.6,0,0,0,0.0
7,1,2,1,,,,36.6,0,0,0,0.0
7,2,2,1,,,,36.2,0,0,0,0.0
7,3,2,1,,,,35.8,0,0,0,0.0
7,4,2,1,,,,35.9,0,0,0,38.0
7,5,2,1,,,,35.6,0,0,0,99.0
7,6,2,1,,,,34.6,0,0,0,147.0
7,7,2,1,,,,34.4,0,0,0,202.0
7,8,2,1,,,,37.5,0,0,0,296.0
7,9,2,1,,,,49.2,0,0,0,460.0
7,10,2,1,,,,60.1,0,0,0,735.0
7,11,2,1,,,,68.6,0,0,0,829.0
7,12,2,1,,,,73.0,0,0,0,832.0
7,13,2,1,,,,73.5,0,0,0,821.0
7,14,2,1,,,,73.8,0,0,0,749.0
7,15,2,1,,,,75.5,0,0,0,393.0
7,16,2,1,,,,72.5,0,0,0,163.0
7,17,2,1,,,,74.8,0,0,0,118.0
7,18,2,1,,,,68.4,0,0,0,66.0
7,19,2,1,,,,61.1,0,0,0,6.0
7,20,2,1,,,,51.6,0,0,0,0.0
7,21,2,1,,,,50.7,0,0,0,0.0
7,22,2,1,,,,46.4,0,0,0,0.0
7,23,2,1,,,,45.0,0,0,0,0.0
7,24,2,1,,,,43.9,0,0,0,0.0
7,1,3,1,,,,42.6,0,0,0,0.0
7,2,3,1,,,,41.9,0,0,0,0.0
7,3,3,1,,,,40.2,0,0,0,0.0
7,4,3,1,,,,40.2,0,0,0,3.0
7,5,3,1,,,,39.6,0,0,0,19.0
7,6,3,1,,,,38.6,0,0,0,49.0
7,7,3,1,,,,38.3,0,0,0,117.0
7,8,3,1,,,,42.9,0,0,0,235.0
7,9,3,1,,,,54.3,0,0,0,333.0
7,10,3,1,,,,65.4,0,0,0,382.0
7,11,3,1,,,,72.0,0,0,0,356.0
7,12,3,1,,,,76.6,0,0,0,312.0
7,13,3,1,,,,79.0,0,0,0,284.0
7,14,3,1,,,,81.5,0,0,0,258.0
7,15,3,1,,,,78.2,0,0,0,286.0
7,16,3,1,,,,76.5,0,0,0,295.0
7,17,3,1,,,,74.7,0,0,0,156.0
7,18,3,1,,,,66.5,0,0,0,38.0
7,19,3,1,,,,57.4,0,0,0,1.0
7,20,3,1,,,,53.9,0,0,0,0.0
7,21,3,1,,,,51.2,0,0,0,0.0
7,22,3,1,,,,47.5,0,0,0,0.0
7,23,3,1,,,,45.5,0,0,0,0.0
7,24,3,1,,,,43.8,0,0,0,0.0
7,1,4,1,,,,41.5,0,0,0,0.0
7,2,4,1,,,,41.7,0,0,0,0.0
7,3,4,1,,,,40.5,0,0,0,0.0
7,4,4,1,,,,40.9,0,0,0,183.0
7,5,4,1,,,,39.1,0,0,0,487.0
7,6,4,1,,,,38.3,0,0,0,673.0
7,7,4,1,,,,38.1,0,0,0,770.0
7,8,4,1,,,,41.7,0,0,0,829.0
7,9,4,1,,,,50.5,0,0,0,848.0
7,10,4,1,,,,56.3,0,0,0,861.0
7,11,4,1,,,,65.2,0,0,0,864.0
7,12,4,1,,,,68.2,0,0,0,858.0
7,13,4,1,,,,67.4,0,0,0,842.0
7,14,4,1,,,,65.9,0,0,0,798.0
7,15,4,1,,,,68.5,0,0,0,721.0
7,16,4,1,,,,66.6,0,0,0,633.0
7,17,4,1,,,,63.0,0,0,0,524.0
7,18,4,1,,,,57.1,0,0,0,281.0
7,19,4,1,,,,52.5,0,0,0,92.0
7,20,4,1,,,,46.0,0,0,0,0.0
7,21,4,1,,,,44.1,0,0,0,0.0
7,22,4,1,,,,42.2,0,0,0,0.0
7,23,4,1,,,,40.6,0,0,0,0.0
7,24,4,1,,,,40.3,0,0,0,0.0
7,1,5,1,,,,40.2,0,0,0,0.0
7,2,5,1,,,,40.3,0,0,0,0.0
7,3,5,1,,,,38.5,0,0,0,0.0
7,4,5,1,,,,38.4,0,0,0,168.0
7,5,5,1,,,,39.2,0,0,0,464.0
7,6,5,1,,,,38.0,0,0,0,640.0
7,7,5,1,,,,39.9,0,0,0,719.0
7,8,5,1,,,,40.2,0,0,0,730.0
7,9,5,1,,,,46.5,0,0,0,722.0
7,10,5,1,,,,58.3,0,0,0,687.0
7,11,5,1,,,,62.8,0,0,0,589.0
7,12,5,1,,,,64.9,0,0,0,512.0
7,13,5,1,,,,54.4,0,0,0,369.0
7,14,5,1,,,,56.9,0,0,0,333.0
7,15,5,1,,,,58.4,0,0,0,297.0
7,16,5,1,,,,59.4,0,0,0,230.0
7,17,5,1,,,,57.7,0,0,0,118.0
7,18,5,1,,,,51.9,0,0,0,43.0
7,19,5,1,,,,47.4,0,0,0,3.0
7,20,5,1,,,,42.0,0,0,0,0.0
7,21,5,1,,,,40.4,0,0,0,0.0
7,22,5,1,,,,41.0,0,0,0,0.0
7,23,5,1,,,,40.6,0,0,0,0.0
7,24,5,1,,,,40.1,0,0,0,0.0
7,1,6,1,,,,39.9,0,0,0,0.0
7,2,6,1,,,,40.4,0,0,0,0.0
7,3,6,1,,,,40.9,0,0,0,0.0
7,4,6,1,,,,40.6,0,0,0,78.0
7,5,6,1,,,,40.1,0,0,0,295.0
7,6,6,1,,,,39.3,0,0,0,492.0
7,7,6,1,,,,40.1,0,0,0,635.0
7,8,6,1,,,,43.4,0,0,0,789.0
7,9,6,1,,,,47.0,0,0,0,820.0
7,10,6,1,,,,50.9,0,0,0,803.0
7,11,6,1,,,,58.1,0,0,0,740.0
7,12,6,1,,,,56.2,0,0,0,697.0
7,13,6,1,,,,53.7,0,0,0,686.0
7,14,6,1,,,,52.1,0,0,0,645.0
7,15,6,1,,,,53.3,0,0,0,514.0
7,16,6,1,,,,55.4,0,0,0,394.0
7,17,6,1,,,,53.1,0,0,0,201.0
7,18,6,1,,,,45.3,0,0,0,112.0
7,19,6,1,,,,40.4,0,0,0,24.0
7,20,6,1,,,,38.9,0,0,0,0.0
7,21,6,1,,,,37.8,0,0,0,0.0
7,22,6,1,,,,38.0,0,0,0,0.0
7,23,6,1,,,,36.2,0,0,0,0.0
7,24,6,1,,,,36.0,0,0,0,0.0
7,1,7,1,,,,36.0,0,0,0,0.0
7,2,7,1,,,,35.8,0,0,0,0.0
7,3,7,1,,,,35.9,0,0,0,0.0
7,4,7,1,,,,36.0,0,0,0,21.0
7,5,7,1,,,,38.2,0,0,0,92.0
7,6,7,1,,,,35.9,0,0,0,284.0
7,7,7,1,,,,36.2,0,0,0,509.0
7,8,7,1,,,,36.5,0,0,0,711.0
7,9,7,1,,,,37.6,0,0,0,811.0
7,10,7,1,,,,39.0,0,0,0,772.0
7,11,7,1,,,,40.6,0,0,0,651.0
7,12,7,1,,,,45.1,0,0,0,700.0
7,13,7,1,,,,47.1,0,0,0,669.0
7,14,7,1,,,,48.0,0,0,0,549.0
7,15,7,1,,,,48.9,0,0,0,429.0
7,16,7,1,,,,47.8,0,0,0,256.0
7,17,7,1,,,,48.0,0,0,0,197.0
7,18,7,1,,,,43.9,0,0,0,116.0
7,19,7,1,,,,42.0,0,0,0,20.0
7,20,7,1,,,,41.2,0,0,0,0.0
7,21,7,1,,,,41.9,0,0,0,0.0
7,22,7,1,,,,42.2,0,0,0,0.0
7,23,7,1,,,,40.9,0,0,0,0.0
7,24,7,1,,,,39.2,0,0,0,0.0
7,1,1,1,,,,38.4,0,0,0,0.0
7,2,1,1,,,,38.6,0,0,0,0.0
7,3,1,1,,,,37.9,0,0,0,0.0
7,4,1,1,,,,38.0,0,0,0,3.0
7,5,1,1,,,,37.5,0,0,0,27.0
7,6,1,1,,,,36.2,0,0,0,79.0
7,7,1,1,,,,36.6,0,0,0,160.0
7,8,1,1,,,,35.8,0,0,0,290.0
7,9,1,1,,,,36.2,0,0,0,449.0
7,10,1,1,,,,38.3,0,0,0,662.0
7,11,1,1,,,,40.4,0,0,0,752.0
7,12,1,1,,,,44.5,0,0,0,732.0
7,13,1,1,,,,47.8,0,0,0,720.0
7,14,1,1,,,,49.9,0,0,0,705.0
7,15,1,1,,,,52.5,0,0,0,696.0
7,16,1,1,,,,49.3,0,0,0,564.0
7,17,1,1,,,,49.6,0,0,0,316.0
7,18,1,1,,,,48.5,0,0,0,117.0
7,19,1,1,,,,46.1,0,0,0,23.0
7,20,1,1,,,,45.1,0,0,0,0.0
7,21,1,1,,,,44.0,0,0,0,0.0
7,22,1,1,,,,44.0,0,0,0,0.0
7,23,1,1,,,,43.2,0,0,0,0.0
7,24,1,1,,,,41.9,0,0,0,0.0
7,1,2,1,,,,41.2,0,0,0,0.0
7,2,2,1,,,,40.6,0,0,0,0.0
7,3,2,1,,,,41.7,0,0,0,0.0
7,4,2,1,,,,40.4,0,0,0,10.0
7,5,2,1,,,,40.2,0,0,0,134.0
7,6,2,1,,,,39.0,0,0,0,418.0
7,7,2,1,,,,39.1,0,0,0,613.0
7,8,2,1,,,,42.9,0,0,0,706.0
7,9,2,1,,,,50.7,0,0,0,734.0
7,10,2,1,,,,50.2,0,0,0,750.0
7,11,2,1,,,,59.2,0,0,0,745.0
7,12,2,1,,,,59.4,0,0,0,681.0
7,13,2,1,,,,59.6,0,0,0,580.0
7,14,2,1,,,,58.2,0,0,0,432.0
7,15,2,1,,,,61.6,0,0,0,273.0
7,16,2,1,,,,59.2,0,0,0,177.0
7,17,2,1,,,,59.1,0,0,0,119.0
7,18,2,1,,,,51.9,0,0,0,51.0
7,19,2,1,,,,45.7,0,0,0,12.0
7,20,2,1,,,,41.2,0,0,0,0.0
7,21,2,1,,,,41.4,0,0,0,0.0
7,22,2,1,,,,39.8,0,0,0,0.0
7,23,2,1,,,,39.4,0,0,0,0.0
7,24,2,1,,,,38.8,0,0,0,0.0
7,1,3,1,,,,38.8,0,0,0,0.0
7,2,3,1,,,,38.5,0,0,0,0.0
7,3,3,1,,,,37.8,0,0,0,0.0
7,4,3,1,,,,37.9,0,0,0,32.0
7,5,3,1,,,,37.3,0,0,0,142.0
7,6,3,1,,,,36.8,0,0,0,184.0
7,7,3,1,,,,37.6,0,0,0,224.0
7,8,3,1,,,,42.4,0,0,0,316.0
7,9,3,1,,,,51.0,0,0,0,502.0
7,10,3,1,,,,59.5,0,0,0,513.0
7,11,3,1,,,,63.9,0,0,0,429.0
7,12,3,1,,,,66.6,0,0,0,400.0
7,13,3,1,,,,63.2,0,0,0,377.0
7,14,3,1,,,,61.5,0,0,0,306.0
7,15,3,1,,,,62.2,0,0,0,299.0
7,16,3,1,,,,63.5,0,0,0,318.0
7,17,3,1,,,,60.1,0,0,0,172.0
7,18,3,1,,,,54.2,0,0,0,97.0
7,19,3,1,,,,47.2,0,0,0,29.0
7,20,3,1,,,,45.6,0,0,0,0.0
7,21,3,1,,,,42.2,0,0,0,0.0
7,22,3,1,,,,41.8,0,0,0,0.0
7,23,3,1,,,,41.7,0,0,0,0.0
7,24,3,1,,,,41.2,0,0,0,0.0
7,1,4,1,,,,40.9,0,0,0,0.0
7,2,4,1,,,,40.5,0,0,0,0.0
7,3,4,1,,,,40.0,0,0,0,0.0
7,4,4,1,,,,39.5,0,0,0,127.0
7,5,4,1,,,,39.5,0,0,0,508.0
7,6,4,1,,,,38.5,0,0,0,685.0
7,7,4,1,,,,38.4,0,0,0,741.0
7,8,4,1,,,,46.9,0,0,0,818.0
7,9,4,1,,,,56.8,0,0,0,817.0
7,10,4,1,,,,68.1,0,0,0,742.0
7,11,4,1,,,,66.7,0,0,0,698.0
7,12,4,1,,,,64.1,0,0,0,673.0
7,13,4,1,,,,65.2,0,0,0,704.0
7,14,4,1,,,,70.8,0,0,0,650.0
7,15,4,1,,,,63.7,0,0,0,591.0
7,16,4,1,,,,62.0,0,0,0,485.0
7,17,4,1,,,,58.6,0,0,0,264.0
7,18,4,1,,,,51.2,0,0,0,94.0
7,19,4,1,,,,46.0,0,0,0,14.0
7,20,4,1,,,,43.2,0,0,0,0.0
7,21,4,1,,,,40.8,0,0,0,0.0
7,22,4,1,,,,41.0,0,0,0,0.0
7,23,4,1,,,,40.1,0,0,0,0.0
7,24,4,1,,,,39.4,0,0,0,0.0
7,1,5,1,,,,39.4,0,0,0,0.0
7,2,5,1,,,,39.3,0,0,0,0.0
7,3,5,1,,,,39.3,0,0,0,0.0
7,4,5,1,,,,39.6,0,0,0,92.0
7,5,5,1,,,,39.1,0,0,0,451.0
7,6,5,1,,,,38.4,0,0,0,660.0
7,7,5,1,,,,39.0,0,0,0,748.0
7,8,5,1,,,,43.0,0,0,0,805.0
7,9,5,1,,,,53.4,0,0,0,823.0
7,10,5,1,,,,60.1,0,0,0,784.0
7,11,5,1,,,,64.2,0,0,0,796.0
7,12,5,1,,,,64.0,0,0,0,810.0
7,13,5,1,,,,61.3,0,0,0,647.0
7,14,5,1,,,,62.0,0,0,0,557.0
7,15,5,1,,,,60.5,0,0,0,448.0
7,16,5,1,,,,58.6,0,0,0,280.0
7,17,5,1,,,,58.0,0,0,0,102.0
7,18,5,1,,,,53.1,0,0,0,32.0
7,19,5,1,,,,45.7,0,0,0,1.0
7,20,5,1,,,,43.5,0,0,0,0.0
7,21,5,1,,,,41.5,0,0,0,0.0
7,22,5,1,,,,40.7,0,0,0,0.0
7,23,5,1,,,,41.2,0,0,0,0.0
7,24,5,1,,,,40.4,0,0,0,0.0
7,1,6,1,,,,41.2,0,0,0,0.0
7,2,6,1,,,,40.7,0,0,0,0.0
7,3,6,1,,,,41.7,0,0,0,0.0
7,4,6,1,,,,41.4,0,0,0,71.0
7,5,6,1,,,,41.4,0,0,0,430.0
7,6,6,1,,,,41.4,0,0,0,660.0
7,7,6,1,,,,40.4,0,0,0,775.0
7,8,6,1,,,,42.8,0,0,0,822.0
7,9,6,1,,,,45.6,0,0,0,854.0
7,10,6,1,,,,50.1,0,0,0,859.0
7,11,6,1,,,,56.2,0,0,0,855.0
7,12,6,1,,,,57.0,0,0,0,842.0
7,13,6,1,,,,59.4,0,0,0,668.0
7,14,6,1,,,,59.4,0,0,0,316.0
7,15,6,1,,,,60.0,0,0,0,159.0
7,16,6,1,,,,60.2,0,0,0,102.0
7,17,6,1,,,,54.3,0,0,0,62.0
7,18,6,1,,,,48.9,0,0,0,60.0
7,19,6,1,,,,44.8,0,0,0,14.0
7,20,6,1,,,,38.5,0,0,0,0.0
7,21,6,1,,,,36.0,0,0,0,0.0
7,22,6,1,,,,35.6,0,0,0,0.0
7,23,6,1,,,,35.6,0,0,0,0.0
7,24,6,1,,,,35.0,0,0,0,0.0
7,1,7,1,,,,35.0,0,0,0,0.0
7,2,7,1,,,,35.4,0,0,0,0.0
7,3,7,1,,,,35.3,0,0,0,0.0
7,4,7,1,,,,35.8,0,0,0,6.0
7,5,7,1,,,,35.2,0,0,0,65.0
7,6,7,1,,,,34.2,0,0,0,153.0
7,7,7,1,,,,33.9,0,0,0,275.0
7,8,7,1,,,,33.2,0,0,0,394.0
7,9,7,1,,,,32.9,0,0,0,515.0
7,10,7,1,,,,34.1,0,0,0,648.0
7,11,7,1,,,,35.2,0,0,0,677.0
7,12,7,1,,,,37.3,0,0,0,657.0
7,13,7,1,,,,39.0,0,0,0,588.0
7,14,7,1,,,,39.6,0,0,0,487.0
7,15,7,1,,,,39.6,0,0,0,292.0
7,16,7,1,,,,39.1,0,0,0,219.0
7,17,7,1,,,,38.8,0,0,0,236.0
7,18,7,1,,,,38.8,0,0,0,141.0
7,19,7,1,,,,38.3,0,0,0,20.0
7,20,7,1,,,,37.1,0,0,0,0.0
7,21,7,1,,,,36.2,0,0,0,0.0
7,22,7,1,,,,35.4,0,0,0,0.0
7,23,7,1,,,,34.4,0,0,0,0.0
7,24,7,1,,,,34.2,0,0,0,0.0
8,1,1,1,,,,34.3,0,0,0,0.0
8,2,1,1,,,,34.8,0,0,0,0.0
8,3,1,1,,,,34.5,0,0,0,0.0
8,4,1,1,,,,34.5,0,0,0,5.0
8,5,1,1,,,,34.4,0,0,0,73.0
8,6,1,1,,,,33.4,0,0,0,195.0
8,7,1,1,,,,33.1,0,0,0,337.0
8,8,1,1,,,,32.9,0,0,0,450.0
8,9,1,1,,,,33.0,0,0,0,463.0
8,10,1,1,,,,33.9,0,0,0,444.0
8,11,1,1,,,,36.1,0,0,0,447.0
8,12,1,1,,,,36.3,0,0,0,449.0
8,13,1,1,,,,36.5,0,0,0,388.0
8,14,1,1,,,,36.2,0,0,0,291.0
8,15,1,1,,,,36.2,0,0,0,192.0
8,16,1,1,,,,37.1,0,0,0,134.0
8,17,1,1,,,,37.2,0,0,0,80.0
8,18,1,1,,,,36.1,0,0,0,37.0
8,19,1,1,,,,37.8,0,0,0,1.0
8,20,1,1,,,,36.0,0,0,0,0.0
8,21,1,1,,,,36.2,0,0,0,0.0
8,22,1,1,,,,36.2,0,0,0,0.0
8,23,1,1,,,,35.4,0,0,0,0.0
8,24,1,1,,,,34.4,0,0,0,0.0
8,1,2,1,,,,34.3,0,0,0,0.0
8,2,2,1,,,,34.1,0,0,0,0.0
8,3,2,1,,,,34.2,0,0,0,0.0
8,4,2,1,,,,33.9,0,0,0,51.0
8,5,2,1,,,,33.7,0,0,0,413.0
8,6,2,1,,,,32.9,0,0,0,645.0
8,7,2,1,,,,33.2,0,0,0,755.0
8,8,2,1,,,,36.2,0,0,0,799.0
8,9,2,1,,,,42.6,0,0,0,797.0
8,10,2,1,,,,47.5,0,0,0,782.0
8,11,2,1,,,,54.7,0,0,0,720.0
8,12,2,1,,,,55.7,0,0,0,600.0
8,13,2,1,,,,56.8,0,0,0,424.0
8,14,2,1,,,,56.2,0,0,0,359.0
8,15,2,1,,,,55.6,0,0,0,291.0
8,16,2,1,,,,56.4,0,0,0,200.0
8,17,2,1,,,,49.6,0,0,0,161.0
8,18,2,1,,,,45.4,0,0,0,99.0
8,19,2,1,,,,42.6,0,0,0,12.0
8,20,2,1,,,,39.1,0,0,0,0.0
8,21,2,1,,,,38.2,0,0,0,0.0
8,22,2,1,,,,37.5,0,0,0,0.0
8,23,2,1,,,,37.9,0,0,0,0.0
8,24,2,1,,,,37.5,0,0,0,0.0
8,1,3,1,,,,37.1,0,0,0,0.0
8,2,3,1,,,,37.4,0,0,0,0.0
8,3,3,1,,,,37.4,0,0,0,0.0
8,4,3,1,,,,37.7,0,0,0,35.0
8,5,3,1,,,,37.9,0,0,0,339.0
8,6,3,1,,,,38.2,0,0,0,580.0
8,7,3,1,,,,38.5,0,0,0,720.0
8,8,3,1,,,,39.7,0,0,0,740.0
8,9,3,1,,,,43.3,0,0,0,761.0
8,10,3,1,,,,48.1,0,0,0,771.0
8,11,3,1,,,,52.6,0,0,0,736.0
8,12,3,1,,,,56.4,0,0,0,816.0
8,13,3,1,,,,58.3,0,0,0,790.0
8,14,3,1,,,,61.1,0,0,0,659.0
8,15,3,1,,,,59.4,0,0,0,364.0
8,16,3,1,,,,56.8,0,0,0,169.0
8,17,3,1,,,,56.4,0,0,0,86.0
8,18,3,1,,,,49.8,0,0,0,30.0
8,19,3,1,,,,45.0,0,0,0,0.0
8,20,3,1,,,,40.2,0,0,0,0.0
8,21,3,1,,,,39.0,0,0,0,0.0
8,22,3,1,,,,39.6,0,0,0,0.0
8,23,3,1,,,,37.9,0,0,0,0.0
8,24,3,1,,,,38.8,0,0,0,0.0
8,1,4,1,,,,36.0,0,0,0,0.0
8,2,4,1,,,,35.2,0,0,0,0.0
8,3,4,1,,,,35.3,0,0,0,0.0
8,4,4,1,,,,35.5,0,0,0,0.0
8,5,4,1,,,,34.9,0,0,0,23.0
8,6,4,1,,,,34.8,0,0,0,77.0
8,7,4,1,,,,33.8,0,0,0,221.0
8,8,4,1,,,,38.8,0,0,0,342.0
8,9,4,1,,,,41.4,0,0,0,345.0
8,10,4,1,,,,45.5,0,0,0,379.0
8,11,4,1,,,,55.2,0,0,0,537.0
8,12,4,1,,,,56.6,0,0,0,570.0
8,13,4,1,,,,57.8,0,0,0,506.0
8,14,4,1,,,,60.1,0,0,0,491.0
8,15,4,1,,,,58.9,0,0,0,441.0
8,16,4,1,,,,60.4,0,0,0,355.0
8,17,4,1,,,,58.2,0,0,0,265.0
8,18,4,1,,,,50.7,0,0,0,209.0
8,19,4,1,,,,48.7,0,0,0,14.0
8,20,4,1,,,,42.4,0,0,0,0.0
8,21,4,1,,,,37.8,0,0,0,0.0
8,22,4,1,,,,38.1,0,0,0,0.0
8,23,4,1,,,,38.1,0,0,0,0.0
8,24,4,1,,,,38.6,0,0,0,0.0
8,1,5,1,,,,38.3,0,0,0,0.0
8,2,5,1,,,,38.7,0,0,0,0.0
8,3,5,1,,,,38.8,0,0,0,0.0
8,4,5,1,,,,39.0,0,0,0,37.0
8,5,5,1,,,,39.7,0,0,0,419.0
8,6,5,1,,,,38.4,0,0,0,668.0
8,7,5,1,,,,38.5,0,0,0,781.0
8,8,5,1,,,,40.9,0,0,0,829.0
8,9,5,1,,,,44.4,0,0,0,840.0
8,10,5,1,,,,51.9,0,0,0,846.0
8,11,5,1,,,,53.9,0,0,0,830.0
8,12,5,1,,,,54.8,0,0,0,804.0
8,13,5,1,,,,55.2,0,0,0,781.0
8,14,5,1,,,,55.0,0,0,0,695.0
8,15,5,1,,,,55.5,0,0,0,594.0
8,16,5,1,,,,55.9,0,0,0,405.0
8,17,5,1,,,,54.4,0,0,0,259.0
8,18,5,1,,,,48.9,0,0,0,131.0
8,19,5,1,,,,45.4,0,0,0,7.0
8,20,5,1,,,,41.9,0,0,0,0.0
8,21,5,1,,,,39.2,0,0,0,0.0
8,22,5,1,,,,38.9,0,0,0,0.0
8,23,5,1,,,,38.4,0,0,0,0.0
8,24,5,1,,,,36.7,0,0,0,0.0
8,1,6,1,,,,37.4,0,0,0,0.0
8,2,6,1,,,,37.5,0,0,0,0.0
8,3,6,1,,,,38.2,0,0,0,0.0
8,4,6,1,,,,38.8,0,0,0,20.0
8,5,6,1,,,,39.0,0,0,0,316.0
8,6,6,1,,,,38.0,0,0,0,546.0
8,7,6,1,,,,37.0,0,0,0,561.0
8,8,6,1,,,,39.4,0,0,0,418.0
8,9,6,1,,,,42.4,0,0,0,248.0
8,10,6,1,,,,49.6,0,0,0,220.0
8,11,6,1,,,,54.0,0,0,0,316.0
8,12,6,1,,,,54.1,0,0,0,497.0
8,13,6,1,,,,52.6,0,0,0,489.0
8,14,6,1,,,,55.4,0,0,0,460.0
8,15,6,1,,,,54.4,0,0,0,335.0
8,16,6,1,,,,52.4,0,0,0,160.0
8,17,6,1,,,,50.3,0,0,0,41.0
8,18,6,1,,,,47.8,0,0,0,12.0
8,19,6,1,,,,43.5,0,0,0,0.0
8,20,6,1,,,,40.9,0,0,0,0.0
8,21,6,1,,,,39.8,0,0,0,0.0
8,22,6,1,,,,38.6,0,0,0,0.0
8,23,6,1,,,,38.5,0,0,0,0.0
8,24,6,1,,,,38.4,0,0,0,0.0
8,1,7,1,,,,37.4,0,0,0,0.0
8,2,7,1,,,,37.1,0,0,0,0.0
8,3,7,1,,,,37.2,0,0,0,0.0
8,4,7,1,,,,36.8,0,0,0,2.0
8,5,7,1,,,,36.5,0,0,0,146.0
8,6,7,1,,,,35.8,0,0,0,404.0
8,7,7,1,,,,35.0,0,0,0,684.0
8,8,7,1,,,,36.1,0,0,0,761.0
8,9,7,1,,,,36.4,0,0,0,795.0
8,10,7,1,,,,37.0,0,0,0,807.0
8,11,7,1,,,,37.0,0,0,0,818.0
8,12,7,1,,,,38.8,0,0,0,790.0
8,13,7,1,,,,39.1,0,0,0,711.0
8,14,7,1,,,,38.4,0,0,0,608.0
8,15,7,1,,,,37.6,0,0,0,442.0
8,16,7,1,,,,37.8,0,0,0,227.0
8,17,7,1,,,,38.6,0,0,0,107.0
8,18,7,1,,,,38.8,0,0,0,59.0
8,19,7,1,,,,37.9,0,0,0,2.0
8,20,7,1,,,,35.6,0,0,0,0.0
8,21,7,1,,,,36.4,0,0,0,0.0
8,22,7,1,,,,37.8,0,0,0,0.0
8,23,7,1,,,,36.8,0,0,0,0.0
8,24,7,1,,,,36.2,0,0,0,0.0
8,1,1,1,,,,36.1,0,0,0,0.0
8,2,1,1,,,,36.2,0,0,0,0.0
8,3,1,1,,,,36.5,0,0,0,0.0
8,4,1,1,,,,36.6,0,0,0,19.0
8,5,1,1,,,,36.9,0,0,0,375.0
8,6,1,1,,,,36.8,0,0,0,624.0
8,7,1,1,,,,35.8,0,0,0,748.0
8,8,1,1,,,,35.5,0,0,0,808.0
8,9,1,1,,,,36.1,0,0,0,842.0
8,10,1,1,,,,35.8,0,0,0,848.0
8,11,1,1,,,,37.3,0,0,0,848.0
8,12,1,1,,,,38.8,0,0,0,844.0
8,13,1,1,,,,38.1,0,0,0,840.0
8,14,1,1,,,,38.8,0,0,0,801.0
8,15,1,1,,,,39.0,0,0,0,733.0
8,16,1,1,,,,40.3,0,0,0,482.0
8,17,1,1,,,,41.2,0,0,0,159.0
8,18,1,1,,,,40.2,0,0,0,43.0
8,19,1,1,,,,40.1,0,0,0,0.0
8,20,1,1,,,,39.2,0,0,0,0.0
8,21,1,1,,,,37.4,0,0,0,0.0
8,22,1,1,,,,36.1,0,0,0,0.0
8,23,1,1,,,,36.5,0,0,0,0.0
8,24,1,1,,,,36.0,0,0,0,0.0
8,1,2,1,,,,36.0,0,0,0,0.0
8,2,2,1,,,,35.5,0,0,0,0.0
8,3,2,1,,,,36.4,0,0,0,0.0
8,4,2,1,,,,35.8,0,0,0,3.0
8,5,2,1,,,,36.3,0,0,0,175.0
8,6,2,1,,,,35.9,0,0,0,463.0
8,7,2,1,,,,35.9,0,0,0,686.0
8,8,2,1,,,,36.7,0,0,0,775.0
8,9,2,1,,,,39.5,0,0,0,809.0
8,10,2,1,,,,49.4,0,0,0,808.0
8,11,2,1,,,,56.4,0,0,0,810.0
8,12,2,1,,,,57.8,0,0,0,840.0
8,13,2,1,,,,61.0,0,0,0,835.0
8,14,2,1,,,,60.4,0,0,0,813.0
8,15,2,1,,,,65.8,0,0,0,769.0
8,16,2,1,,,,63.1,0,0,0,606.0
8,17,2,1,,,,54.3,0,0,0,363.0
8,18,2,1,,,,49.3,0,0,0,152.0
8,19,2,1,,,,46.8,0,0,0,2.0
8,20,2,1,,,,42.1,0,0,0,0.0
8,21,2,1,,,,39.0,0,0,0,0.0
8,22,2,1,,,,37.1,0,0,0,0.0
8,23,2,1,,,,35.4,0,0,0,0.0
8,24,2,1,,,,34.8,0,0,0,0.0
8,1,3,1,,,,34.4,0,0,0,0.0
8,2,3,1,,,,34.8,0,0,0,0.0
8,3,3,1,,,,34.6,0,0,0,0.0
8,4,3,1,,,,34.7,0,0,0,0.0
8,5,3,1,,,,34.7,0,0,0,27.0
8,6,3,1,,,,33.4,0,0,0,49.0
8,7,3,1,,,,32.1,0,0,0,111.0
8,8,3,1,,,,33.9,0,0,0,249.0
8,9,3,1,,,,38.8,0,0,0,539.0
8,10,3,1,,,,45.2,0,0,0,770.0
8,11,3,1,,,,50.1,0,0,0,788.0
8,12,3,1,,,,49.4,0,0,0,776.0
8,13,3,1,,,,50.6,0,0,0,676.0
8,14,3,1,,,,51.2,0,0,0,431.0
8,15,3,1,,,,53.1,0,0,0,307.0
8,16,3,1,,,,51.4,0,0,0,260.0
8,17,3,1,,,,48.4,0,0,0,126.0
8,18,3,1,,,,44.4,0,0,0,40.0
8,19,3,1,,,,40.6,0,0,0,0.0
8,20,3,1,,,,36.9,0,0,0,0.0
8,21,3,1,,,,36.8,0,0,0,0.0
8,22,3,1,,,,34.6,0,0,0,0.0
8,23,3,1,,,,34.1,0,0,0,0.0
8,24,3,1,,,,34.0,0,0,0,0.0
8,1,4,1,,,,33.8,0,0,0,0.0
8,2,4,1,,,,37.4,0,0,0,0.0
8,3,4,1,,,,38.8,0,0,0,0.0
8,4,4,1,,,,38.5,0,0,0,11.0
8,5,4,1,,,,38.8,0,0,0,362.0
8,6,4,1,,,,35.6,0,0,0,628.0
8,7,4,1,,,,35.9,0,0,0,743.0
8,8,4,1,,,,37.2,0,0,0,800.0
8,9,4,1,,,,41.2,0,0,0,823.0
8,10,4,1,,,,44.4,0,0,0,822.0
8,11,4,1,,,,47.3,0,0,0,815.0
8,12,4,1,,,,49.8,0,0,0,810.0
8,13,4,1,,,,49.2,0,0,0,753.0
8,14,4,1,,,,51.7,0,0,0,677.0
8,15,4,1,,,,52.4,0,0,0,584.0
8,16,4,1,,,,51.2,0,0,0,328.0
8,17,4,1,,,,49.1,0,0,0,183.0
8,18,4,1,,,,44.4,0,0,0,77.0
8,19,4,1,,,,41.8,0,0,0,0.0
8,20,4,1,,,,38.9,0,0,0,0.0
8,21,4,1,,,,37.8,0,0,0,0.0
8,22,4,1,,,,36.6,0,0,0,0.0
8,23,4,1,,,,34.5,0,0,0,0.0
8,24,4,1,,,,35.1,0,0,0,0.0
8,1,5,1,,,,34.1,0,0,0,0.0
8,2,5,1,,,,34.9,0,0,0,0.0
8,3,5,1,,,,34.7,0,0,0,0.0
8,4,5,1,,,,35.1,0,0,0,3.0
8,5,5,1,,,,35.3,0,0,0,80.0
8,6,5,1,,,,35.1,0,0,0,234.0
8,7,5,1,,,,34.0,0,0,0,667.0
8,8,5,1,,,,36.7,0,0,0,703.0
8,9,5,1,,,,41.8,0,0,0,526.0
8,10,5,1,,,,49.5,0,0,0,641.0
8,11,5,1,,,,52.6,0,0,0,688.0
8,12,5,1,,,,53.5,0,0,0,697.0
8,13,5,1,,,,53.6,0,0,0,643.0
8,14,5,1,,,,52.6,0,0,0,584.0
8,15,5,1,,,,51.6,0,0,0,446.0
8,16,5,1,,,,48.8,0,0,0,259.0
8,17,5,1,,,,49.7,0,0,0,135.0
8,18,5,1,,,,45.0,0,0,0,66.0
8,19,5,1,,,,43.6,0,0,0,0.0
8,20,5,1,,,,39.9,0,0,0,0.0
8,21,5,1,,,,37.6,0,0,0,0.0
8,22,5,1,,,,37.9,0,0,0,0.0
8,23,5,1,,,,37.1,0,0,0,0.0
8,24,5,1,,,,37.2,0,0,0,0.0
8,1,6,1,,,,36.8,0,0,0,0.0
8,2,6,1,,,,36.4,0,0,0,0.0
8,3,6,1,,,,36.5,0,0,0,0.0
8,4,6,1,,,,36.8,0,0,0,0.0
8,5,6,1,,,,37.5,0,0,0,125.0
8,6,6,1,,,,37.3,0,0,0,242.0
8,7,6,1,,,,36.4,0,0,0,264.0
8,8,6,1,,,,39.7,0,0,0,286.0
8,9,6,1,,,,44.0,0,0,0,320.0
8,10,6,1,,,,50.7,0,0,0,342.0
8,11,6,1,,,,53.7,0,0,0,313.0
8,12,6,1,,,,54.7,0,0,0,310.0
8,13,6,1,,,,53.1,0,0,0,280.0
8,14,6,1,,,,52.6,0,0,0,294.0
8,15,6,1,,,,55.2,0,0,0,278.0
8,16,6,1,,,,54.3,0,0,0,186.0
8,17,6,1,,,,49.1,0,0,0,86.0
8,18,6,1,,,,45.0,0,0,0,26.0
8,19,6,1,,,,41.8,0,0,0,0.0
8,20,6,1,,,,41.7,0,0,0,0.0
8,21,6,1,,,,39.3,0,0,0,0.0
8,22,6,1,,,,35.4,0,0,0,0.0
8,23,6,1,,,,35.0,0,0,0,0.0
8,24,6,1,,,,34.4,0,0,0,0.0
8,1,7,1,,,,35.0,0,0,0,0.0
8,2,7,1,,,,35.4,0,0,0,0.0
8,3,7,1,,,,34.9,0,0,0,0.0
8,4,7,1,,,,34.8,0,0,0,0.0
8,5,7,1,,,,36.2,0,0,0,79.0
8,6,7,1,,,,35.6,0,0,0,207.0
8,7,7,1,,,,34.6,0,0,0,359.0
8,8,7,1,,,,35.6,0,0,0,500.0
8,9,7,1,,,,37.2,0,0,0,581.0
8,10,7,1,,,,34.6,0,0,0,649.0
8,11,7,1,,,,34.0,0,0,0,627.0
8,12,7,1,,,,35.5,0,0,0,481.0
8,13,7,1,,,,35.2,0,0,0,343.0
8,14,7,1,,,,35.5,0,0,0,285.0
8,15,7,1,,,,35.6,0,0,0,241.0
8,16,7,1,,,,38.4,0,0,0,213.0
8,17,7,1,,,,37.9,0,0,0,167.0
8,18,7,1,,,,36.2,0,0,0,75.0
8,19,7,1,,,,34.5,0,0,0,0.0
8,20,7,1,,,,32.9,0,0,0,0.0
8,21,7,1,,,,34.8,0,0,0,0.0
8,22,7,1,,,,34.7,0,0,0,0.0
8,23,7,1,,,,34.8,0,0,0,0.0
8,24,7,1,,,,34.9,0,0,0,0.0
8,1,1,1,,,,33.7,0,0,0,0.0
8,2,1,1,,,,36.2,0,0,0,0.0
8,3,1,1,,,,33.7,0,0,0,0.0
8,4,1,1,,,,33.4,0,0,0,0.0
8,5,1,1,,,,33.5,0,0,0,53.0
8,6,1,1,,,,33.4,0,0,0,225.0
8,7,1,1,,,,32.8,0,0,0,555.0
8,8,1,1,,,,33.6,0,0,0,632.0
8,9,1,1,,,,33.0,0,0,0,456.0
8,10,1,1,,,,33.6,0,0,0,399.0
8,11,1,1,,,,34.4,0,0,0,440.0
8,12,1,1,,,,35.1,0,0,0,475.0
8,13,1,1,,,,35.7,0,0,0,417.0
8,14,1,1,,,,35.0,0,0,0,337.0
8,15,1,1,,,,36.5,0,0,0,302.0
8,16,1,1,,,,35.8,0,0,0,274.0
8,17,1,1,,,,35.1,0,0,0,190.0
8,18,1,1,,,,34.0,0,0,0,62.0
8,19,1,1,,,,34.6,0,0,0,0.0
8,20,1,1,,,,34.2,0,0,0,0.0
8,21,1,1,,,,34.1,0,0,0,0.0
8,22,1,1,,,,35.4,0,0,0,0.0
8,23,1,1,,,,35.1,0,0,0,0.0
8,24,1,1,,,,33.9,0,0,0,0.0
8,1,2,1,,,,33.8,0,0,0,0.0
8,2,2,1,,,,34.4,0,0,0,0.0
8,3,2,1,,,,34.6,0,0,0,0.0
8,4,2,1,,,,34.4,0,0,0,0.0
8,5,2,1,,,,34.4,0,0,0,67.0
8,6,2,1,,,,34.0,0,0,0,183.0
8,7,2,1,,,,35.7,0,0,0,395.0
8,8,2,1,,,,38.0,0,0,0,528.0
8,9,2,1,,,,40.6,0,0,0,637.0
8,10,2,1,,,,49.6,0,0,0,705.0
8,11,2,1,,,,53.2,0,0,0,739.0
8,12,2,1,,,,55.6,0,0,0,765.0
8,13,2,1,,,,55.6,0,0,0,768.0
8,14,2,1,,,,55.9,0,0,0,758.0
8,15,2,1,,,,57.0,0,0,0,726.0
8,16,2,1,,,,57.8,0,0,0,650.0
8,17,2,1,,,,54.2,0,0,0,447.0
8,18,2,1,,,,51.4,0,0,0,134.0
8,19,2,1,,,,45.0,0,0,0,0.0
8,20,2,1,,,,40.3,0,0,0,0.0
8,21,2,1,,,,39.1,0,0,0,0.0
8,22,2,1,,,,38.2,0,0,0,0.0
8,23,2,1,,,,37.8,0,0,0,0.0
8,24,2,1,,,,37.2,0,0,0,0.0
8,1,3,1,,,,37.2,0,0,0,0.0
8,2,3,1,,,,37.0,0,0,0,0.0
8,3,3,1,,,,37.3,0,0,0,0.0
8,4,3,1,,,,37.1,0,0,0,0.0
8,5,3,1,,,,36.8,0,0,0,19.0
8,6,3,1,,,,37.8,0,0,0,96.0
8,7,3,1,,,,37.9,0,0,0,240.0
8,8,3,1,,,,39.4,0,0,0,342.0
8,9,3,1,,,,45.0,0,0,0,360.0
8,10,3,1,,,,51.3,0,0,0,366.0
8,11,3,1,,,,56.2,0,0,0,409.0
8,12,3,1,,,,55.2,0,0,0,522.0
8,13,3,1,,,,54.8,0,0,0,540.0
8,14,3,1,,,,53.8,0,0,0,481.0
8,15,3,1,,,,57.9,0,0,0,364.0
8,16,3,1,,,,58.8,0,0,0,237.0
8,17,3,1,,,,55.0,0,0,0,155.0
8,18,3,1,,,,51.7,0,0,0,37.0
8,19,3,1,,,,42.7,0,0,0,0.0
8,20,3,1,,,,41.0,0,0,0,0.0
8,21,3,1,,,,39.2,0,0,0,0.0
8,22,3,1,,,,37.4,0,0,0,0.0
8,23,3,1,,,,36.9,0,0,0,0.0
8,24,3,1,,,,36.4,0,0,0,0.0
8,1,4,1,,,,37.5,0,0,0,0.0
8,2,4,1,,,,37.1,0,0,0,0.0
8,3,4,1,,,,37.1,0,0,0,0.0
8,4,4,1,,,,37.2,0,0,0,0.0
8,5,4,1,,,,37.3,0,0,0,314.0
8,6,4,1,,,,37.1,0,0,0,638.0
8,7,4,1,,,,37.6,0,0,0,767.0
8,8,4,1,,,,39.4,0,0,0,751.0
8,9,4,1,,,,44.1,0,0,0,803.0
8,10,4,1,,,,50.4,0,0,0,807.0
8,11,4,1,,,,56.8,0,0,0,722.0
8,12,4,1,,,,56.5,0,0,0,733.0
8,13,4,1,,,,56.9,0,0,0,741.0
8,14,4,1,,,,57.8,0,0,0,699.0
8,15,4,1,,,,57.7,0,0,0,551.0
8,16,4,1,,,,55.5,0,0,0,399.0
8,17,4,1,,,,53.6,0,0,0,240.0
8,18,4,1,,,,47.8,0,0,0,83.0
8,19,4,1,,,,42.7,0,0,0,0.0
8,20,4,1,,,,40.2,0,0,0,0.0
8,21,4,1,,,,39.7,0,0,0,0.0
8,22,4,1,,,,38.7,0,0,0,0.0
8,23,4,1,,,,38.5,0,0,0,0.0
8,24,4,1,,,,38.2,0,0,0,0.0
8,1,5,1,,,,39.0,0,0,0,0.0
8,2,5,1,,,,38.4,0,0,0,0.0
8,3,5,1,,,,38.0,0,0,0,0.0
8,4,5,1,,,,38.2,0,0,0,0.0
8,5,5,1,,,,37.5,0,0,0,269.0
8,6,5,1,,,,38.2,0,0,0,591.0
8,7,5,1,,,,38.1,0,0,0,695.0
8,8,5,1,,,,39.9,0,0,0,737.0
8,9,5,1,,,,43.4,0,0,0,773.0
8,10,5,1,,,,48.6,0,0,0,811.0
8,11,5,1,,,,52.7,0,0,0,759.0
8,12,5,1,,,,52.9,0,0,0,756.0
8,13,5,1,,,,55.2,0,0,0,732.0
8,14,5,1,,,,52.7,0,0,0,622.0
8,15,5,1,,,,53.8,0,0,0,368.0
8,16,5,1,,,,54.3,0,0,0,229.0
8,17,5,1,,,,52.5,0,0,0,92.0
8,18,5,1,,,,48.6,0,0,0,14.0
8,19,5,1,,,,45.8,0,0,0,0.0
8,20,5,1,,,,40.9,0,0,0,0.0
8,21,5,1,,,,40.6,0,0,0,0.0
8,22,5,1,,,,39.3,0,0,0,0.0
8,23,5,1,,,,37.6,0,0,0,0.0
8,24,5,1,,,,37.5,0,0,0,0.0
8,1,6,1,,,,37.1,0,0,0,0.0
8,2,6,1,,,,38.4,0,0,0,0.0
8,3,6,1,,,,36.8,0,0,0,0.0
8,4,6,1,,,,37.1,0,0,0,0.0
8,5,6,1,,,,37.7,0,0,0,75.0
8,6,6,1,,,,36.2,0,0,0,252.0
8,7,6,1,,,,36.1,0,0,0,515.0
8,8,6,1,,,,39.2,0,0,0,598.0
8,9,6,1,,,,45.0,0,0,0,550.0
8,10,6,1,,,,52.2,0,0,0,476.0
8,11,6,1,,,,59.0,0,0,0,361.0
8,12,6,1,,,,56.8,0,0,0,408.0
8,13,6,1,,,,58.2,0,0,0,643.0
8,14,6,1,,,,56.1,0,0,0,703.0
8,15,6,1,,,,58.5,0,0,0,591.0
8,16,6,1,,,,57.6,0,0,0,416.0
8,17,6,1,,,,55.4,0,0,0,284.0
8,18,6,1,,,,46.4,0,0,0,108.0
8,19,6,1,,,,47.1,0,0,0,0.0
8,20,6,1,,,,45.5,0,0,0,0.0
8,21,6,1,,,,43.4,0,0,0,0.0
8,22,6,1,,,,42.1,0,0,0,0.0
8,23,6,1,,,,40.8,0,0,0,0.0
8,24,6,1,,,,40.2,0,0,0,0.0
8,1,7,1,,,,40.7,0,0,0,0.0
8,2,7,1,,,,40.4,0,0,0,0.0
8,3,7,1,,,,39.9,0,0,0,0.0
8,4,7,1,,,,40.7,0,0,0,0.0
8,5,7,1,,,,38.8,0,0,0,191.0
8,6,7,1,,,,39.1,0,0,0,489.0
8,7,7,1,,,,37.8,0,0,0,636.0
8,8,7,1,,,,39.8,0,0,0,704.0
8,9,7,1,,,,40.6,0,0,0,780.0
8,10,7,1,,,,41.2,0,0,0,773.0
8,11,7,1,,,,43.2,0,0,0,762.0
8,12,7,1,,,,44.2,0,0,0,706.0
8,13,7,1,,,,45.8,0,0,0,618.0
8,14,7,1,,,,45.5,0,0,0,513.0
8,15,7,1,,,,44.5,0,0,0,428.0
8,16,7,1,,,,45.6,0,0,0,283.0
8,17,7,1,,,,46.4,0,0,0,186.0
8,18,7,1,,,,44.2,0,0,0,51.0
8,19,7,1,,,,42.5,0,0,0,0.0
8,20,7,1,,,,41.6,0,0,0,0.0
8,21,7,1,,,,39.9,0,0,0,0.0
8,22,7,1,,,,39.5,0,0,0,0.0
8,23,7,1,,,,39.3,0,0,0,0.0
8,24,7,1,,,,38.3,0,0,0,0.0
8,1,1,1,,,,37.9,0,0,0,0.0
8,2,1,1,,,,39.0,0,0,0,0.0
8,3,1,1,,,,38.9,0,0,0,0.0
8,4,1,1,,,,38.0,0,0,0,0.0
8,5,1,1,,,,40.2,0,0,0,33.0
8,6,1,1,,,,35.5,0,0,0,269.0
8,7,1,1,,,,35.2,0,0,0,637.0
8,8,1,1,,,,36.2,0,0,0,745.0
8,9,1,1,,,,35.8,0,0,0,671.0
8,10,1,1,,,,39.0,0,0,0,524.0
8,11,1,1,,,,42.0,0,0,0,495.0
8,12,1,1,,,,39.8,0,0,0,618.0
8,13,1,1,,,,43.2,0,0,0,718.0
8,14,1,1,,,,43.6,0,0,0,729.0
8,15,1,1,,,,43.4,0,0,0,636.0
8,16,1,1,,,,43.6,0,0,0,328.0
8,17,1,1,,,,43.4,0,0,0,84.0
8,18,1,1,,,,40.9,0,0,0,7.0
8,19,1,1,,,,38.9,0,0,0,0.0
8,20,1,1,,,,38.3,0,0,0,0.0
8,21,1,1,,,,37.8,0,0,0,0.0
8,22,1,1,,,,37.6,0,0,0,0.0
8,23,1,1,,,,36.8,0,0,0,0.0
8,24,1,1,,,,35.6,0,0,0,0.0
8,1,2,1,,,,35.6,0,0,0,0.0
8,2,2,1,,,,34.5,0,0,0,0.0
8,3,2,1,,,,35.4,0,0,0,0.0
8,4,2,1,,,,34.6,0,0,0,0.0
8,5,2,1,,,,35.5,0,0,0,18.0
8,6,2,1,,,,34.8,0,0,0,158.0
8,7,2,1,,,,33.9,0,0,0,383.0
8,8,2,1,,,,34.9,0,0,0,496.0
8,9,2,1,,,,41.9,0,0,0,693.0
8,10,2,1,,,,51.4,0,0,0,794.0
8,11,2,1,,,,62.3,0,0,0,804.0
8,12,2,1,,,,59.8,0,0,0,751.0
8,13,2,1,,,,57.9,0,0,0,656.0
8,14,2,1,,,,58.6,0,0,0,419.0
8,15,2,1,,,,57.5,0,0,0,277.0
8,16,2,1,,,,59.0,0,0,0,224.0
8,17,2,1,,,,54.4,0,0,0,194.0
8,18,2,1,,,,48.9,0,0,0,128.0
8,19,2,1,,,,43.6,0,0,0,0.0
8,20,2,1,,,,40.7,0,0,0,0.0
8,21,2,1,,,,39.4,0,0,0,0.0
8,22,2,1,,,,38.8,0,0,0,0.0
8,23,2,1,,,,38.6,0,0,0,0.0
8,24,2,1,,,,38.4,0,0,0,0.0
8,1,3,1,,,,38.4,0,0,0,0.0
8,2,3,1,,,,38.8,0,0,0,0.0
8,3,3,1,,,,39.2,0,0,0,0.0
8,4,3,1,,,,38.4,0,0,0,0.0
8,5,3,1,,,,38.4,0,0,0,243.0
8,6,3,1,,,,38.1,0,0,0,572.0
8,7,3,1,,,,37.1,0,0,0,725.0
8,8,3,1,,,,39.9,0,0,0,793.0
8,9,3,1,,,,44.5,0,0,0,813.0
8,10,3,1,,,,46.5,0,0,0,776.0
8,11,3,1,,,,51.6,0,0,0,745.0
8,12,3,1,,,,49.8,0,0,0,775.0
8,13,3,1,,,,52.9,0,0,0,798.0
8,14,3,1,,,,56.6,0,0,0,789.0
8,15,3,1,,,,55.7,0,0,0,745.0
8,16,3,1,,,,53.4,0,0,0,644.0
8,17,3,1,,,,50.9,0,0,0,364.0
8,18,3,1,,,,43.7,0,0,0,140.0
8,19,3,1,,,,39.9,0,0,0,0.0
8,20,3,1,,,,35.3,0,0,0,0.0
8,21,3,1,,,,35.3,0,0,0,0.0
8,22,3,1,,,,34.9,0,0,0,0.0
8,23,3,1,,,,34.9,0,0,0,0.0
8,24,3,1,,,,34.2,0,0,0,0.0
8,1,4,1,,,,34.8,0,0,0,0.0
8,2,4,1,,,,36.0,0,0,0,0.0
8,3,4,1,,,,36.1,0,0,0,0.0
8,4,4,1,,,,35.9,0,0,0,0.0
8,5,4,1,,,,36.3,0,0,0,11.0
8,6,4,1,,,,35.2,0,0,0,52.0
8,7,4,1,,,,35.8,0,0,0,123.0
8,8,4,1,,,,38.2,0,0,0,237.0
8,9,4,1,,,,45.0,0,0,0,328.0
8,10,4,1,,,,49.0,0,0,0,358.0
8,11,4,1,,,,51.5,0,0,0,368.0
8,12,4,1,,,,52.2,0,0,0,302.0
8,13,4,1,,,,53.8,0,0,0,367.0
8,14,4,1,,,,55.0,0,0,0,337.0
8,15,4,1,,,,55.4,0,0,0,229.0
8,16,4,1,,,,54.2,0,0,0,82.0
8,17,4,1,,,,49.4,0,0,0,19.0
8,18,4,1,,,,47.5,0,0,0,0.0
8,19,4,1,,,,43.1,0,0,0,0.0
8,20,4,1,,,,39.5,0,0,0,0.0
8,21,4,1,,,,37.5,0,0,0,0.0
8,22,4,1,,,,37.0,0,0,0,0.0
8,23,4,1,,,,36.9,0,0,0,0.0
8,24,4,1,,,,36.0,0,0,0,0.0
8,1,5,1,,,,36.2,0,0,0,0.0
8,2,5,1,,,,36.2,0,0,0,0.0
8,3,5,1,,,,36.0,0,0,0,0.0
8,4,5,1,,,,36.2,0,0,0,0.0
8,5,5,1,,,,36.3,0,0,0,2.0
8,6,5,1,,,,36.9,0,0,0,20.0
8,7,5,1,,,,36.2,0,0,0,69.0
8,8,5,1,,,,37.3,0,0,0,142.0
8,9,5,1,,,,40.9,0,0,0,217.0
8,10,5,1,,,,47.4,0,0,0,285.0
8,11,5,1,,,,52.0,0,0,0,308.0
8,12,5,1,,,,52.4,0,0,0,235.0
8,13,5,1,,,,54.4,0,0,0,154.0
8,14,5,1,,,,55.2,0,0,0,148.0
8,15,5,1,,,,55.0,0,0,0,122.0
8,16,5,1,,,,53.2,0,0,0,55.0
8,17,5,1,,,,53.5,0,0,0,7.0
8,18,5,1,,,,48.8,0,0,0,0.0
8,19,5,1,,,,45.5,0,0,0,0.0
8,20,5,1,,,,42.8,0,0,0,0.0
8,21,5,1,,,,41.5,0,0,0,0.0
8,22,5,1,,,,41.6,0,0,0,0.0
8,23,5,1,,,,39.0,0,0,0,0.0
8,24,5,1,,,,38.7,0,0,0,0.0
8,1,6,1,,,,38.8,0,0,0,0.0
8,2,6,1,,,,39.4,0,0,0,0.0
8,3,6,1,,,,39.7,0,0,0,0.0
8,4,6,1,,,,39.1,0,0,0,0.0
8,5,6,1,,,,40.0,0,0,0,7.0
8,6,6,1,,,,40.4,0,0,0,67.0
8,7,6,1,,,,39.6,0,0,0,183.0
8,8,6,1,,,,41.0,0,0,0,399.0
8,9,6,1,,,,44.4,0,0,0,622.0
8,10,6,1,,,,47.1,0,0,0,766.0
8,11,6,1,,,,49.3,0,0,0,816.0
8,12,6,1,,,,51.4,0,0,0,790.0
8,13,6,1,,,,50.1,0,0,0,637.0
8,14,6,1,,,,51.0,0,0,0,411.0
8,15,6,1,,,,54.8,0,0,0,215.0
8,16,6,1,,,,51.3,0,0,0,110.0
8,17,6,1,,,,48.5,0,0,0,58.0
8,18,6,1,,,,46.2,0,0,0,33.0
8,19,6,1,,,,40.5,0,0,0,0.0
8,20,6,1,,,,38.4,0,0,0,0.0
8,21,6,1,,,,38.9,0,0,0,0.0
8,22,6,1,,,,37.6,0,0,0,0.0
8,23,6,1,,,,37.7,0,0,0,0.0
8,24,6,1,,,,38.6,0,0,0,0.0
8,1,7,1,,,,39.6,0,0,0,0.0
8,2,7,1,,,,39.8,0,0,0,0.0
8,3,7,1,,,,40.4,0,0,0,0.0
8,4,7,1,,,,39.5,0,0,0,0.0
8,5,7,1,,,,39.4,0,0,0,150.0
8,6,7,1,,,,40.8,0,0,0,458.0
8,7,7,1,,,,40.0,0,0,0,729.0
8,8,7,1,,,,39.9,0,0,0,804.0
8,9,7,1,,,,37.7,0,0,0,825.0
8,10,7,1,,,,38.2,0,0,0,825.0
8,11,7,1,,,,39.4,0,0,0,807.0
8,12,7,1,,,,37.0,0,0,0,679.0
8,13,7,1,,,,37.7,0,0,0,484.0
8,14,7,1,,,,37.9,0,0,0,454.0
8,15,7,1,,,,37.5,0,0,0,438.0
8,16,7,1,,,,37.8,0,0,0,315.0
8,17,7,1,,,,36.8,0,0,0,149.0
8,18,7,1,,,,37.6,0,0,0,42.0
8,19,7,1,,,,36.6,0,0,0,0.0
8,20,7,1,,,,36.6,0,0,0,0.0
8,21,7,1,,,,36.7,0,0,0,0.0
8,22,7,1,,,,37.4,0,0,0,0.0
8,23,7,1,,,,36.4,0,0,0,0.0
8,24,7,1,,,,37.5,0,0,0,0.0
8,1,1,1,,,,37.8,0,0,0,0.0
8,2,1,1,,,,38.5,0,0,0,0.0
8,3,1,1,,,,37.9,0,0,0,0.0
8,4,1,1,,,,38.1,0,0,0,0.0
8,5,1,1,,,,38.1,0,0,0,16.0
8,6,1,1,,,,39.1,0,0,0,99.0
8,7,1,1,,,,38.0,0,0,0,278.0
8,8,1,1,,,,37.1,0,0,0,403.0
8,9,1,1,,,,37.5,0,0,0,421.0
8,10,1,1,,,,36.6,0,0,0,481.0
8,11,1,1,,,,37.5,0,0,0,376.0
8,12,1,1,,,,37.4,0,0,0,356.0
8,13,1,1,,,,36.8,0,0,0,377.0
8,14,1,1,,,,37.3,0,0,0,714.0
8,15,1,1,,,,36.9,0,0,0,785.0
8,16,1,1,,,,36.9,0,0,0,634.0
8,17,1,1,,,,37.2,0,0,0,287.0
8,18,1,1,,,,37.1,0,0,0,60.0
8,19,1,1,,,,37.9,0,0,0,0.0
8,20,1,1,,,,38.4,0,0,0,0.0
8,21,1,1,,,,38.2,0,0,0,0.0
8,22,1,1,,,,38.0,0,0,0,0.0
8,23,1,1,,,,38.8,0,0,0,0.0
8,24,1,1,,,,38.7,0,0,0,0.0
8,1,2,1,,,,39.1,0,0,0,0.0
8,2,2,1,,,,39.8,0,0,0,0.0
8,3,2,1,,,,39.3,0,0,0,0.0
8,4,2,1,,,,40.6,0,0,0,0.0
8,5,2,1,,,,41.4,0,0,0,157.0
8,6,2,1,,,,40.1,0,0,0,494.0
8,7,2,1,,,,39.3,0,0,0,696.0
8,8,2,1,,,,40.1,0,0,0,740.0
8,9,2,1,,,,42.0,0,0,0,832.0
8,10,2,1,,,,41.7,0,0,0,851.0
8,11,2,1,,,,42.4,0,0,0,857.0
8,12,2,1,,,,43.4,0,0,0,853.0
8,13,2,1,,,,41.2,0,0,0,840.0
8,14,2,1,,,,44.5,0,0,0,811.0
8,15,2,1,,,,41.9,0,0,0,734.0
8,16,2,1,,,,41.2,0,0,0,649.0
8,17,2,1,,,,39.0,0,0,0,393.0
8,18,2,1,,,,38.1,0,0,0,101.0
8,19,2,1,,,,37.8,0,0,0,0.0
8,20,2,1,,,,37.4,0,0,0,0.0
8,21,2,1,,,,38.9,0,0,0,0.0
8,22,2,1,,,,37.5,0,0,0,0.0
8,23,2,1,,,,35.2,0,0,0,0.0
8,24,2,1,,,,35.2,0,0,0,0.0
8,1,3,1,,,,35.3,0,0,0,0.0
8,2,3,1,,,,36.2,0,0,0,0.0
8,3,3,1,,,,36.4,0,0,0,0.0
8,4,3,1,,,,37.3,0,0,0,0.0
8,5,3,1,,,,37.7,0,0,0,162.0
8,6,3,1,,,,37.9,0,0,0,537.0
8,7,3,1,,,,37.0,0,0,0,763.0
8,8,3,1,,,,37.8,0,0,0,840.0
8,9,3,1,,,,40.0,0,0,0,875.0
8,10,3,1,,,,48.0,0,0,0,889.0
8,11,3,1,,,,51.9,0,0,0,894.0
8,12,3,1,,,,53.3,0,0,0,887.0
8,13,3,1,,,,51.4,0,0,0,874.0
8,14,3,1,,,,51.9,0,0,0,850.0
8,15,3,1,,,,55.4,0,0,0,806.0
8,16,3,1,,,,56.8,0,0,0,718.0
8,17,3,1,,,,54.1,0,0,0,528.0
8,18,3,1,,,,48.8,0,0,0,139.0
8,19,3,1,,,,44.2,0,0,0,0.0
8,20,3,1,,,,40.6,0,0,0,0.0
8,21,3,1,,,,42.0,0,0,0,0.0
8,22,3,1,,,,39.8,0,0,0,0.0
8,23,3,1,,,,40.0,0,0,0,0.0
8,24,3,1,,,,41.2,0,0,0,0.0
9,1,4,1,,,,40.8,0,0,0,0.0
9,2,4,1,,,,42.5,0,0,0,0.0
9,3,4,1,,,,42.6,0,0,0,0.0
9,4,4,1,,,,42.1,0,0,0,0.0
9,5,4,1,,,,42.8,0,0,0,90.0
9,6,4,1,,,,42.2,0,0,0,399.0
9,7,4,1,,,,41.3,0,0,0,649.0
9,8,4,1,,,,42.8,0,0,0,767.0
9,9,4,1,,,,48.4,0,0,0,804.0
9,10,4,1,,,,54.0,0,0,0,819.0
9,11,4,1,,,,56.5,0,0,0,784.0
9,12,4,1,,,,57.6,0,0,0,678.0
9,13,4,1,,,,59.2,0,0,0,607.0
9,14,4,1,,,,57.1,0,0,0,554.0
9,15,4,1,,,,57.2,0,0,0,465.0
9,16,4,1,,,,56.5,0,0,0,415.0
9,17,4,1,,,,53.6,0,0,0,282.0
9,18,4,1,,,,46.8,0,0,0,53.0
9,19,4,1,,,,41.9,0,0,0,0.0
9,20,4,1,,,,41.8,0,0,0,0.0
9,21,4,1,,,,41.0,0,0,0,0.0
9,22,4,1,,,,40.8,0,0,0,0.0
9,23,4,1,,,,40.3,0,0,0,0.0
9,24,4,1,,,,39.8,0,0,0,0.0
9,1,5,1,,,,40.8,0,0,0,0.0
9,2,5,1,,,,40.0,0,0,0,0.0
9,3,5,1,,,,41.2,0,0,0,0.0
9,4,5,1,,,,41.0,0,0,0,0.0
9,5,5,1,,,,41.5,0,0,0,55.0
9,6,5,1,,,,41.1,0,0,0,302.0
9,7,5,1,,,,40.2,0,0,0,417.0
9,8,5,1,,,,41.2,0,0,0,442.0
9,9,5,1,,,,44.5,0,0,0,498.0
9,10,5,1,,,,48.6,0,0,0,590.0
9,11,5,1,,,,51.8,0,0,0,678.0
9,12,5,1,,,,52.6,0,0,0,768.0
9,13,5,1,,,,53.4,0,0,0,806.0
9,14,5,1,,,,51.2,0,0,0,800.0
9,15,5,1,,,,51.8,0,0,0,750.0
9,16,5,1,,,,53.1,0,0,0,649.0
9,17,5,1,,,,52.1,0,0,0,423.0
9,18,5,1,,,,47.3,0,0,0,61.0
9,19,5,1,,,,44.0,0,0,0,0.0
9,20,5,1,,,,42.9,0,0,0,0.0
9,21,5,1,,,,42.3,0,0,0,0.0
9,22,5,1,,,,41.0,0,0,0,0.0
9,23,5,1,,,,40.7,0,0,0,0.0
9,24,5,1,,,,40.0,0,0,0,0.0
9,1,6,1,,,,42.1,0,0,0,0.0
9,2,6,1,,,,41.4,0,0,0,0.0
9,3,6,1,,,,42.0,0,0,0,0.0
9,4,6,1,,,,41.7,0,0,0,0.0
9,5,6,1,,,,42.6,0,0,0,74.0
9,6,6,1,,,,42.9,0,0,0,412.0
9,7,6,1,,,,43.4,0,0,0,601.0
9,8,6,1,,,,45.4,0,0,0,762.0
9,9,6,1,,,,47.6,0,0,0,809.0
9,10,6,1,,,,51.6,0,0,0,818.0
9,11,6,1,,,,55.7,0,0,0,756.0
9,12,6,1,,,,57.5,0,0,0,826.0
9,13,6,1,,,,58.7,0,0,0,780.0
9,14,6,1,,,,55.2,0,0,0,690.0
9,15,6,1,,,,59.1,0,0,0,587.0
9,16,6,1,,,,53.6,0,0,0,346.0
9,17,6,1,,,,51.0,0,0,0,155.0
9,18,6,1,,,,45.6,0,0,0,20.0
9,19,6,1,,,,41.0,0,0,0,0.0
9,20,6,1,,,,37.5,0,0,0,0.0
9,21,6,1,,,,38.0,0,0,0,0.0
9,22,6,1,,,,37.5,0,0,0,0.0
9,23,6,1,,,,37.6,0,0,0,0.0
9,24,6,1,,,,38.4,0,0,0,0.0
9,1,7,1,,,,39.4,0,0,0,0.0
9,2,7,1,,,,39.1,0,0,0,0.0
9,3,7,1,,,,39.2,0,0,0,0.0
9,4,7,1,,,,39.8,0,0,0,0.0
9,5,7,1,,,,39.7,0,0,0,65.0
9,6,7,1,,,,38.9,0,0,0,391.0
9,7,7,1,,,,39.6,0,0,0,598.0
9,8,7,1,,,,40.7,0,0,0,683.0
9,9,7,1,,,,39.2,0,0,0,710.0
9,10,7,1,,,,37.9,0,0,0,741.0
9,11,7,1,,,,37.6,0,0,0,725.0
9,12,7,1,,,,39.2,0,0,0,650.0
9,13,7,1,,,,40.4,0,0,0,502.0
9,14,7,1,,,,39.8,0,0,0,309.0
9,15,7,1,,,,39.4,0,0,0,159.0
9,16,7,1,,,,39.4,0,0,0,69.0
9,17,7,1,,,,40.0,0,0,0,26.0
9,18,7,1,,,,37.9,0,0,0,0.0
9,19,7,1,,,,36.8,0,0,0,0.0
9,20,7,1,,,,39.6,0,0,0,0.0
9,21,7,1,,,,38.6,0,0,0,0.0
9,22,7,1,,,,37.4,0,0,0,0.0
9,23,7,1,,,,36.8,0,0,0,0.0
9,24,7,1,,,,36.1,0,0,0,0.0
9,1,1,1,,,,36.3,0,0,0,0.0
9,2,1,1,,,,38.0,0,0,0,0.0
9,3,1,1,,,,38.5,0,0,0,0.0
9,4,1,1,,,,38.8,0,0,0,0.0
9,5,1,1,,,,38.8,0,0,0,14.0
9,6,1,1,,,,39.9,0,0,0,108.0
9,7,1,1,,,,37.4,0,0,0,281.0
9,8,1,1,,,,35.5,0,0,0,556.0
9,9,1,1,,,,35.4,0,0,0,697.0
9,10,1,1,,,,36.0,0,0,0,652.0
9,11,1,1,,,,37.2,0,0,0,560.0
9,12,1,1,,,,37.6,0,0,0,487.0
9,13,1,1,,,,38.2,0,0,0,484.0
9,14,1,1,,,,38.1,0,0,0,430.0
9,15,1,1,,,,39.7,0,0,0,339.0
9,16,1,1,,,,38.6,0,0,0,221.0
9,17,1,1,,,,37.7,0,0,0,83.0
9,18,1,1,,,,37.7,0,0,0,4.0
9,19,1,1,,,,37.4,0,0,0,0.0
9,20,1,1,,,,37.6,0,0,0,0.0
9,21,1,1,,,,38.8,0,0,0,0.0
9,22,1,1,,,,38.6,0,0,0,0.0
9,23,1,1,,,,37.2,0,0,0,0.0
9,24,1,1,,,,38.3,0,0,0,0.0
9,1,2,1,,,,38.4,0,0,0,0.0
9,2,2,1,,,,38.6,0,0,0,0.0
9,3,2,1,,,,37.9,0,0,0,0.0
9,4,2,1,,,,36.8,0,0,0,0.0
9,5,2,1,,,,36.2,0,0,0,9.0
9,6,2,1,,,,36.8,0,0,0,120.0
9,7,2,1,,,,36.0,0,0,0,305.0
9,8,2,1,,,,38.7,0,0,0,403.0
9,9,2,1,,,,43.2,0,0,0,422.0
9,10,2,1,,,,52.0,0,0,0,381.0
9,11,2,1,,,,57.0,0,0,0,344.0
9,12,2,1,,,,59.8,0,0,0,274.0
9,13,2,1,,,,59.3,0,0,0,215.0
9,14,2,1,,,,59.6,0,0,0,153.0
9,15,2,1,,,,60.7,0,0,0,89.0
9,16,2,1,,,,55.5,0,0,0,39.0
9,17,2,1,,,,52.7,0,0,0,9.0
9,18,2,1,,,,47.0,0,0,0,0.0
9,19,2,1,,,,42.4,0,0,0,0.0
9,20,2,1,,,,41.1,0,0,0,0.0
9,21,2,1,,,,40.8,0,0,0,0.0
9,22,2,1,,,,39.3,0,0,0,0.0
9,23,2,1,,,,39.4,0,0,0,0.0
9,24,2,1,,,,38.5,0,0,0,0.0
9,1,3,1,,,,38.4,0,0,0,0.0
9,2,3,1,,,,38.4,0,0,0,0.0
9,3,3,1,,,,38.5,0,0,0,0.0
9,4,3,1,,,,38.4,0,0,0,0.0
9,5,3,1,,,,38.5,0,0,0,33.0
9,6,3,1,,,,38.6,0,0,0,363.0
9,7,3,1,,,,38.1,0,0,0,595.0
9,8,3,1,,,,40.0,0,0,0,712.0
9,9,3,1,,,,45.6,0,0,0,762.0
9,10,3,1,,,,51.2,0,0,0,766.0
9,11,3,1,,,,53.9,0,0,0,627.0
9,12,3,1,,,,56.1,0,0,0,425.0
9,13,3,1,,,,55.6,0,0,0,357.0
9,14,3,1,,,,56.0,0,0,0,243.0
9,15,3,1,,,,57.0,0,0,0,131.0
9,16,3,1,,,,55.0,0,0,0,66.0
9,17,3,1,,,,51.6,0,0,0,25.0
9,18,3,1,,,,43.3,0,0,0,0.0
9,19,3,1,,,,41.0,0,0,0,0.0
9,20,3,1,,,,40.6,0,0,0,0.0
9,21,3,1,,,,39.0,0,0,0,0.0
9,22,3,1,,,,39.8,0,0,0,0.0
9,23,3,1,,,,39.4,0,0,0,0.0
9,24,3,1,,,,38.9,0,0,0,0.0
9,1,4,1,,,,37.6,0,0,0,0.0
9,2,4,1,,,,37.5,0,0,0,0.0
9,3,4,1,,,,37.3,0,0,0,0.0
9,4,4,1,,,,37.5,0,0,0,0.0
9,5,4,1,,,,37.1,0,0,0,2.0
9,6,4,1,,,,37.8,0,0,0,68.0
9,7,4,1,,,,37.9,0,0,0,151.0
9,8,4,1,,,,39.8,0,0,0,218.0
9,9,4,1,,,,48.5,0,0,0,235.0
9,10,4,1,,,,57.6,0,0,0,234.0
9,11,4,1,,,,61.1,0,0,0,246.0
9,12,4,1,,,,61.8,0,0,0,236.0
9,13,4,1,,,,61.8,0,0,0,211.0
9,14,4,1,,,,58.3,0,0,0,170.0
9,15,4,1,,,,59.0,0,0,0,110.0
9,16,4,1,,,,58.3,0,0,0,47.0
9,17,4,1,,,,55.6,0,0,0,13.0
9,18,4,1,,,,50.2,0,0,0,0.0
9,19,4,1,,,,44.8,0,0,0,0.0
9,20,4,1,,,,42.5,0,0,0,0.0
9,21,4,1,,,,39.8,0,0,0,0.0
9,22,4,1,,,,39.6,0,0,0,0.0
9,23,4,1,,,,41.1,0,0,0,0.0
9,24,4,1,,,,42.4,0,0,0,0.0
9,1,5,1,,,,42.5,0,0,0,0.0
9,2,5,1,,,,42.2,0,0,0,0.0
9,3,5,1,,,,42.2,0,0,0,0.0
9,4,5,1,,,,42.4,0,0,0,0.0
9,5,5,1,,,,42.3,0,0,0,18.0
9,6,5,1,,,,42.6,0,0,0,338.0
9,7,5,1,,,,41.8,0,0,0,630.0
9,8,5,1,,,,43.8,0,0,0,756.0
9,9,5,1,,,,48.9,0,0,0,807.0
9,10,5,1,,,,55.5,0,0,0,816.0
9,11,5,1,,,,62.2,0,0,0,790.0
9,12,5,1,,,,64.1,0,0,0,741.0
9,13,5,1,,,,63.3,0,0,0,653.0
9,14,5,1,,,,63.1,0,0,0,450.0
9,15,5,1,,,,61.4,0,0,0,295.0
9,16,5,1,,,,61.2,0,0,0,218.0
9,17,5,1,,,,57.9,0,0,0,90.0
9,18,5,1,,,,51.2,0,0,0,0.0
9,19,5,1,,,,43.0,0,0,0,0.0
9,20,5,1,,,,42.0,0,0,0,0.0
9,21,5,1,,,,39.8,0,0,0,0.0
9,22,5,1,,,,39.1,0,0,0,0.0
9,23,5,1,,,,39.7,0,0,0,0.0
9,24,5,1,,,,40.8,0,0,0,0.0
9,1,6,1,,,,40.2,0,0,0,0.0
9,2,6,1,,,,39.7,0,0,0,0.0
9,3,6,1,,,,39.6,0,0,0,0.0
9,4,6,1,,,,38.4,0,0,0,0.0
9,5,6,1,,,,39.2,0,0,0,0.0
9,6,6,1,,,,39.8,0,0,0,26.0
9,7,6,1,,,,40.0,0,0,0,81.0
9,8,6,1,,,,41.4,0,0,0,185.0
9,9,6,1,,,,48.4,0,0,0,425.0
9,10,6,1,,,,58.6,0,0,0,610.0
9,11,6,1,,,,63.0,0,0,0,631.0
9,12,6,1,,,,65.0,0,0,0,650.0
9,13,6,1,,,,59.6,0,0,0,634.0
9,14,6,1,,,,55.8,0,0,0,461.0
9,15,6,1,,,,58.6,0,0,0,294.0
9,16,6,1,,,,56.9,0,0,0,244.0
9,17,6,1,,,,56.4,0,0,0,128.0
9,18,6,1,,,,47.5,0,0,0,2.0
9,19,6,1,,,,42.1,0,0,0,0.0
9,20,6,1,,,,39.6,0,0,0,0.0
9,21,6,1,,,,39.3,0,0,0,0.0
9,22,6,1,,,,38.0,0,0,0,0.0
9,23,6,1,,,,37.9,0,0,0,0.0
9,24,6,1,,,,37.2,0,0,0,0.0
9,1,7,1,,,,37.8,0,0,0,0.0
9,2,7,1,,,,37.7,0,0,0,0.0
9,3,7,1,,,,37.2,0,0,0,0.0
9,4,7,1,,,,36.8,0,0,0,0.0
9,5,7,1,,,,38.1,0,0,0,0.0
9,6,7,1,,,,36.9,0,0,0,53.0
9,7,7,1,,,,36.8,0,0,0,102.0
9,8,7,1,,,,36.2,0,0,0,142.0
9,9,7,1,,,,37.8,0,0,0,204.0
9,10,7,1,,,,36.2,0,0,0,281.0
9,11,7,1,,,,37.1,0,0,0,348.0
9,12,7,1,,,,38.6,0,0,0,359.0
9,13,7,1,,,,37.8,0,0,0,346.0
9,14,7,1,,,,38.5,0,0,0,315.0
9,15,7,1,,,,39.2,0,0,0,228.0
9,16,7,1,,,,38.9,0,0,0,117.0
9,17,7,1,,,,40.7,0,0,0,46.0
9,18,7,1,,,,38.7,0,0,0,0.0
9,19,7,1,,,,38.1,0,0,0,0.0
9,20,7,1,,,,38.2,0,0,0,0.0
9,21,7,1,,,,37.0,0,0,0,0.0
9,22,7,1,,,,36.6,0,0,0,0.0
9,23,7,1,,,,35.8,0,0,0,0.0
9,24,7,1,,,,36.5,0,0,0,0.0
9,1,1,1,,,,36.9,0,0,0,0.0
9,2,1,1,,,,36.4,0,0,0,0.0
9,3,1,1,,,,36.0,0,0,0,0.0
9,4,1,1,,,,36.2,0,0,0,0.0
9,5,1,1,,,,36.4,0,0,0,10.0
9,6,1,1,,,,36.9,0,0,0,356.0
9,7,1,1,,,,35.9,0,0,0,634.0
9,8,1,1,,,,36.3,0,0,0,744.0
9,9,1,1,,,,35.8,0,0,0,780.0
9,10,1,1,,,,35.1,0,0,0,785.0
9,11,1,1,,,,37.3,0,0,0,783.0
9,12,1,1,,,,38.0,0,0,0,779.0
9,13,1,1,,,,39.0,0,0,0,773.0
9,14,1,1,,,,39.7,0,0,0,748.0
9,15,1,1,,,,39.6,0,0,0,624.0
9,16,1,1,,,,41.3,0,0,0,315.0
9,17,1,1,,,,40.5,0,0,0,87.0
9,18,1,1,,,,36.8,0,0,0,0.0
9,19,1,1,,,,37.0,0,0,0,0.0
9,20,1,1,,,,38.1,0,0,0,0.0
9,21,1,1,,,,37.5,0,0,0,0.0
9,22,1,1,,,,37.3,0,0,0,0.0
9,23,1,1,,,,37.3,0,0,0,0.0
9,24,1,1,,,,36.9,0,0,0,0.0
9,1,2,1,,,,36.5,0,0,0,0.0
9,2,2,1,,,,37.0,0,0,0,0.0
9,3,2,1,,,,37.9,0,0,0,0.0
9,4,2,1,,,,37.1,0,0,0,0.0
9,5,2,1,,,,38.3,0,0,0,0.0
9,6,2,1,,,,38.2,0,0,0,31.0
9,7,2,1,,,,37.4,0,0,0,59.0
9,8,2,1,,,,39.5,0,0,0,220.0
9,9,2,1,,,,47.5,0,0,0,289.0
9,10,2,1,,,,56.0,0,0,0,242.0
9,11,2,1,,,,57.8,0,0,0,325.0
9,12,2,1,,,,58.4,0,0,0,631.0
9,13,2,1,,,,60.9,0,0,0,618.0
9,14,2,1,,,,58.1,0,0,0,396.0
9,15,2,1,,,,60.6,0,0,0,190.0
9,16,2,1,,,,62.8,0,0,0,56.0
9,17,2,1,,,,58.0,0,0,0,8.0
9,18,2,1,,,,52.7,0,0,0,0.0
9,19,2,1,,,,44.9,0,0,0,0.0
9,20,2,1,,,,41.1,0,0,0,0.0
9,21,2,1,,,,40.8,0,0,0,0.0
9,22,2,1,,,,40.1,0,0,0,0.0
9,23,2,1,,,,39.2,0,0,0,0.0
9,24,2,1,,,,38.5,0,0,0,0.0
9,1,3,1,,,,38.2,0,0,0,0.0
9,2,3,1,,,,39.0,0,0,0,0.0
9,3,3,1,,,,38.8,0,0,0,0.0
9,4,3,1,,,,39.0,0,0,0,0.0
9,5,3,1,,,,39.2,0,0,0,0.0
9,6,3,1,,,,40.2,0,0,0,11.0
9,7,3,1,,,,39.8,0,0,0,56.0
9,8,3,1,,,,41.6,0,0,0,69.0
9,9,3,1,,,,48.0,0,0,0,92.0
9,10,3,1,,,,58.8,0,0,0,136.0
9,11,3,1,,,,60.6,0,0,0,203.0
9,12,3,1,,,,61.1,0,0,0,253.0
9,13,3,1,,,,59.9,0,0,0,235.0
9,14,3,1,,,,58.8,0,0,0,119.0
9,15,3,1,,,,60.0,0,0,0,120.0
9,16,3,1,,,,59.1,0,0,0,132.0
9,17,3,1,,,,55.5,0,0,0,89.0
9,18,3,1,,,,51.5,0,0,0,0.0
9,19,3,1,,,,43.5,0,0,0,0.0
9,20,3,1,,,,41.2,0,0,0,0.0
9,21,3,1,,,,39.3,0,0,0,0.0
9,22,3,1,,,,39.7,0,0,0,0.0
9,23,3,1,,,,40.7,0,0,0,0.0
9,24,3,1,,,,39.0,0,0,0,0.0
9,1,4,1,,,,40.8,0,0,0,0.0
9,2,4,1,,,,38.6,0,0,0,0.0
9,3,4,1,,,,39.6,0,0,0,0.0
9,4,4,1,,,,40.6,0,0,0,0.0
9,5,4,1,,,,39.9,0,0,0,1.0
9,6,4,1,,,,41.6,0,0,0,237.0
9,7,4,1,,,,40.8,0,0,0,645.0
9,8,4,1,,,,41.8,0,0,0,773.0
9,9,4,1,,,,47.7,0,0,0,821.0
9,10,4,1,,,,52.9,0,0,0,816.0
9,11,4,1,,,,55.3,0,0,0,804.0
9,12,4,1,,,,56.0,0,0,0,543.0
9,13,4,1,,,,56.6,0,0,0,426.0
9,14,4,1,,,,55.6,0,0,0,370.0
9,15,4,1,,,,55.1,0,0,0,283.0
9,16,4,1,,,,54.7,0,0,0,83.0
9,17,4,1,,,,54.0,0,0,0,52.0
9,18,4,1,,,,47.2,0,0,0,0.0
9,19,4,1,,,,44.8,0,0,0,0.0
9,20,4,1,,,,40.8,0,0,0,0.0
9,21,4,1,,,,39.2,0,0,0,0.0
9,22,4,1,,,,39.2,0,0,0,0.0
9,23,4,1,,,,39.0,0,0,0,0.0
9,24,4,1,,,,39.2,0,0,0,0.0
9,1,5,1,,,,39.0,0,0,0,0.0
9,2,5,1,,,,39.3,0,0,0,0.0
9,3,5,1,,,,38.9,0,0,0,0.0
9,4,5,1,,,,40.0,0,0,0,0.0
9,5,5,1,,,,39.7,0,0,0,0.0
9,6,5,1,,,,39.5,0,0,0,113.0
9,7,5,1,,,,38.8,0,0,0,312.0
9,8,5,1,,,,40.5,0,0,0,537.0
9,9,5,1,,,,47.1,0,0,0,714.0
9,10,5,1,,,,50.6,0,0,0,725.0
9,11,5,1,,,,54.8,0,0,0,645.0
9,12,5,1,,,,53.9,0,0,0,687.0
9,13,5,1,,,,54.8,0,0,0,707.0
9,14,5,1,,,,50.8,0,0,0,617.0
9,15,5,1,,,,52.2,0,0,0,470.0
9,16,5,1,,,,51.1,0,0,0,412.0
9,17,5,1,,,,49.0,0,0,0,200.0
9,18,5,1,,,,46.0,0,0,0,0.0
9,19,5,1,,,,42.6,0,0,0,0.0
9,20,5,1,,,,41.2,0,0,0,0.0
9,21,5,1,,,,39.7,0,0,0,0.0
9,22,5,1,,,,38.6,0,0,0,0.0
9,23,5,1,,,,38.2,0,0,0,0.0
9,24,5,1,,,,37.8,0,0,0,0.0
9,1,6,1,,,,37.6,0,0,0,0.0
9,2,6,1,,,,38.2,0,0,0,0.0
9,3,6,1,,,,39.6,0,0,0,0.0
9,4,6,1,,,,39.5,0,0,0,0.0
9,5,6,1,,,,39.1,0,0,0,0.0
9,6,6,1,,,,39.0,0,0,0,57.0
9,7,6,1,,,,37.7,0,0,0,286.0
9,8,6,1,,,,38.7,0,0,0,748.0
9,9,6,1,,,,47.9,0,0,0,818.0
9,10,6,1,,,,51.6,0,0,0,843.0
9,11,6,1,,,,57.4,0,0,0,871.0
9,12,6,1,,,,57.5,0,0,0,899.0
9,13,6,1,,,,55.1,0,0,0,887.0
9,14,6,1,,,,55.0,0,0,0,859.0
9,15,6,1,,,,58.0,0,0,0,778.0
9,16,6,1,,,,57.9,0,0,0,586.0
9,17,6,1,,,,54.3,0,0,0,184.0
9,18,6,1,,,,49.5,0,0,0,0.0
9,19,6,1,,,,46.1,0,0,0,0.0
9,20,6,1,,,,40.5,0,0,0,0.0
9,21,6,1,,,,39.8,0,0,0,0.0
9,22,6,1,,,,41.6,0,0,0,0.0
9,23,6,1,,,,41.4,0,0,0,0.0
9,24,6,1,,,,42.5,0,0,0,0.0
9,1,7,1,,,,44.3,0,0,0,0.0
9,2,7,1,,,,44.7,0,0,0,0.0
9,3,7,1,,,,47.0,0,0,0,0.0
9,4,7,1,,,,46.0,0,0,0,0.0
9,5,7,1,,,,46.6,0,0,0,0.0
9,6,7,1,,,,46.8,0,0,0,83.0
9,7,7,1,,,,47.1,0,0,0,511.0
9,8,7,1,,,,45.2,0,0,0,741.0
9,9,7,1,,,,43.5,0,0,0,822.0
9,10,7,1,,,,40.3,0,0,0,848.0
9,11,7,1,,,,38.3,0,0,0,767.0
9,12,7,1,,,,37.2,0,0,0,672.0
9,13,7,1,,,,37.7,0,0,0,324.0
9,14,7,1,,,,36.4,0,0,0,215.0
9,15,7,1,,,,37.4,0,0,0,186.0
9,16,7,1,,,,37.2,0,0,0,186.0
9,17,7,1,,,,36.8,0,0,0,142.0
9,18,7,1,,,,37.2,0,0,0,0.0
9,19,7,1,,,,37.7,0,0,0,0.0
9,20,7,1,,,,39.5,0,0,0,0.0
9,21,7,1,,,,39.0,0,0,0,0.0
9,22,7,1,,,,38.4,0,0,0,0.0
9,23,7,1,,,,38.6,0,0,0,0.0
9,24,7,1,,,,39.0,0,0,0,0.0
9,1,1,1,,,,39.0,0,0,0,0.0
9,2,1,1,,,,39.1,0,0,0,0.0
9,3,1,1,,,,38.9,0,0,0,0.0
9,4,1,1,,,,39.7,0,0,0,0.0
9,5,1,1,,,,39.2,0,0,0,0.0
9,6,1,1,,,,38.7,0,0,0,8.0
9,7,1,1,,,,38.6,0,0,0,33.0
9,8,1,1,,,,37.9,0,0,0,60.0
9,9,1,1,,,,38.0,0,0,0,166.0
9,10,1,1,,,,37.6,0,0,0,290.0
9,11,1,1,,,,36.7,0,0,0,380.0
9,12,1,1,,,,37.4,0,0,0,443.0
9,13,1,1,,,,37.8,0,0,0,440.0
9,14,1,1,,,,36.0,0,0,0,257.0
9,15,1,1,,,,35.6,0,0,0,113.0
9,16,1,1,,,,35.4,0,0,0,54.0
9,17,1,1,,,,36.2,0,0,0,11.0
9,18,1,1,,,,37.4,0,0,0,0.0
9,19,1,1,,,,38.4,0,0,0,0.0
9,20,1,1,,,,38.3,0,0,0,0.0
9,21,1,1,,,,38.3,0,0,0,0.0
9,22,1,1,,,,38.8,0,0,0,0.0
9,23,1,1,,,,38.8,0,0,0,0.0
9,24,1,1,,,,37.9,0,0,0,0.0
9,1,2,1,,,,37.8,0,0,0,0.0
9,2,2,1,,,,37.8,0,0,0,0.0
9,3,2,1,,,,37.6,0,0,0,0.0
9,4,2,1,,,,38.6,0,0,0,0.0
9,5,2,1,,,,38.6,0,0,0,0.0
9,6,2,1,,,,38.8,0,0,0,179.0
9,7,2,1,,,,38.6,0,0,0,341.0
9,8,2,1,,,,39.1,0,0,0,486.0
9,9,2,1,,,,46.6,0,0,0,619.0
9,10,2,1,,,,53.9,0,0,0,683.0
9,11,2,1,,,,63.2,0,0,0,771.0
9,12,2,1,,,,64.0,0,0,0,804.0
9,13,2,1,,,,63.6,0,0,0,789.0
9,14,2,1,,,,60.2,0,0,0,754.0
9,15,2,1,,,,60.9,0,0,0,659.0
9,16,2,1,,,,57.8,0,0,0,356.0
9,17,2,1,,,,54.0,0,0,0,122.0
9,18,2,1,,,,45.4,0,0,0,0.0
9,19,2,1,,,,42.3,0,0,0,0.0
9,20,2,1,,,,42.3,0,0,0,0.0
9,21,2,1,,,,43.3,0,0,0,0.0
9,22,2,1,,,,43.2,0,0,0,0.0
9,23,2,1,,,,42.7,0,0,0,0.0
9,24,2,1,,,,43.0,0,0,0,0.0
9,1,3,1,,,,43.1,0,0,0,0.0
9,2,3,1,,,,40.1,0,0,0,0.0
9,3,3,1,,,,40.2,0,0,0,0.0
9,4,3,1,,,,42.2,0,0,0,0.0
9,5,3,1,,,,42.1,0,0,0,0.0
9,6,3,1,,,,42.2,0,0,0,127.0
9,7,3,1,,,,41.9,0,0,0,371.0
9,8,3,1,,,,42.5,0,0,0,549.0
9,9,3,1,,,,47.6,0,0,0,633.0
9,10,3,1,,,,52.7,0,0,0,675.0
9,11,3,1,,,,57.7,0,0,0,660.0
9,12,3,1,,,,59.0,0,0,0,615.0
9,13,3,1,,,,58.0,0,0,0,592.0
9,14,3,1,,,,54.3,0,0,0,576.0
9,15,3,1,,,,57.3,0,0,0,423.0
9,16,3,1,,,,56.5,0,0,0,213.0
9,17,3,1,,,,51.2,0,0,0,46.0
9,18,3,1,,,,49.0,0,0,0,0.0
9,19,3,1,,,,43.7,0,0,0,0.0
9,20,3,1,,,,39.8,0,0,0,0.0
9,21,3,1,,,,41.9,0,0,0,0.0
9,22,3,1,,,,41.4,0,0,0,0.0
9,23,3,1,,,,41.0,0,0,0,0.0
9,24,3,1,,,,38.9,0,0,0,0.0
9,1,4,1,,,,38.5,0,0,0,0.0
9,2,4,1,,,,38.2,0,0,0,0.0
9,3,4,1,,,,38.6,0,0,0,0.0
9,4,4,1,,,,39.2,0,0,0,0.0
9,5,4,1,,,,39.8,0,0,0,0.0
9,6,4,1,,,,40.2,0,0,0,62.0
9,7,4,1,,,,39.6,0,0,0,215.0
9,8,4,1,,,,41.2,0,0,0,414.0
9,9,4,1,,,,47.6,0,0,0,648.0
9,10,4,1,,,,54.3,0,0,0,743.0
9,11,4,1,,,,57.1,0,0,0,750.0
9,12,4,1,,,,59.8,0,0,0,723.0
9,13,4,1,,,,60.2,0,0,0,689.0
9,14,4,1,,,,58.5,0,0,0,616.0
9,15,4,1,,,,60.3,0,0,0,469.0
9,16,4,1,,,,58.8,0,0,0,255.0
9,17,4,1,,,,53.8,0,0,0,93.0
9,18,4,1,,,,47.7,0,0,0,0.0
9,19,4,1,,,,45.6,0,0,0,0.0
9,20,4,1,,,,42.9,0,0,0,0.0
9,21,4,1,,,,41.1,0,0,0,0.0
9,22,4,1,,,,38.8,0,0,0,0.0
9,23,4,1,,,,39.4,0,0,0,0.0
9,24,4,1,,,,38.4,0,0,0,0.0
9,1,5,1,,,,38.0,0,0,0,0.0
9,2,5,1,,,,37.2,0,0,0,0.0
9,3,5,1,,,,38.4,0,0,0,0.0
9,4,5,1,,,,38.6,0,0,0,0.0
9,5,5,1,,,,38.1,0,0,0,0.0
9,6,5,1,,,,37.9,0,0,0,3.0
9,7,5,1,,,,38.6,0,0,0,24.0
9,8,5,1,,,,40.1,0,0,0,56.0
9,9,5,1,,,,47.1,0,0,0,110.0
9,10,5,1,,,,54.8,0,0,0,233.0
9,11,5,1,,,,59.6,0,0,0,217.0
9,12,5,1,,,,63.0,0,0,0,214.0
9,13,5,1,,,,65.0,0,0,0,212.0
9,14,5,1,,,,61.5,0,0,0,147.0
9,15,5,1,,,,63.1,0,0,0,105.0
9,16,5,1,,,,61.0,0,0,0,67.0
9,17,5,1,,,,57.0,0,0,0,22.0
9,18,5,1,,,,52.2,0,0,0,0.0
9,19,5,1,,,,46.7,0,0,0,0.0
9,20,5,1,,,,45.2,0,0,0,0.0
9,21,5,1,,,,42.9,0,0,0,0.0
9,22,5,1,,,,42.5,0,0,0,0.0
9,23,5,1,,,,42.8,0,0,0,0.0
9,24,5,1,,,,43.0,0,0,0,0.0
9,1,6,1,,,,43.5,0,0,0,0.0
9,2,6,1,,,,42.6,0,0,0,0.0
9,3,6,1,,,,42.4,0,0,0,0.0
9,4,6,1,,,,43.5,0,0,0,0.0
9,5,6,1,,,,42.9,0,0,0,0.0
9,6,6,1,,,,43.6,0,0,0,17.0
9,7,6,1,,,,43.8,0,0,0,66.0
9,8,6,1,,,,44.2,0,0,0,117.0
9,9,6,1,,,,52.8,0,0,0,242.0
9,10,6,1,,,,61.1,0,0,0,353.0
9,11,6,1,,,,65.0,0,0,0,196.0
9,12,6,1,,,,65.2,0,0,0,139.0
9,13,6,1,,,,67.1,0,0,0,131.0
9,14,6,1,,,,67.5,0,0,0,106.0
9,15,6,1,,,,67.8,0,0,0,88.0
9,16,6,1,,,,66.0,0,0,0,105.0
9,17,6,1,,,,63.3,0,0,0,63.0
9,18,6,1,,,,59.6,0,0,0,0.0
9,19,6,1,,,,53.4,0,0,0,0.0
9,20,6,1,,,,49.8,0,0,0,0.0
9,21,6,1,,,,48.6,0,0,0,0.0
9,22,6,1,,,,49.1,0,0,0,0.0
9,23,6,1,,,,48.2,0,0,0,0.0
9,24,6,1,,,,49.4,0,0,0,0.0
9,1,7,1,,,,50.6,0,0,0,0.0
9,2,7,1,,,,49.9,0,0,0,0.0
9,3,7,1,,,,50.4,0,0,0,0.0
9,4,7,1,,,,50.8,0,0,0,0.0
9,5,7,1,,,,52.8,0,0,0,0.0
9,6,7,1,,,,50.6,0,0,0,51.0
9,7,7,1,,,,50.3,0,0,0,358.0
9,8,7,1,,,,51.6,0,0,0,670.0
9,9,7,1,,,,49.8,0,0,0,760.0
9,10,7,1,,,,48.0,0,0,0,775.0
9,11,7,1,,,,45.8,0,0,0,782.0
9,12,7,1,,,,45.6,0,0,0,716.0
9,13,7,1,,,,46.8,0,0,0,640.0
9,14,7,1,,,,45.8,0,0,0,600.0
9,15,7,1,,,,44.3,0,0,0,496.0
9,16,7,1,,,,45.8,0,0,0,190.0
9,17,7,1,,,,45.4,0,0,0,56.0
9,18,7,1,,,,45.2,0,0,0,0.0
9,19,7,1,,,,45.1,0,0,0,0.0
9,20,7,1,,,,44.6,0,0,0,0.0
9,21,7,1,,,,45.4,0,0,0,0.0
9,22,7,1,,,,46.6,0,0,0,0.0
9,23,7,1,,,,46.2,0,0,0,0.0
9,24,7,1,,,,46.7,0,0,0,0.0
9,1,1,1,,,,48.0,0,0,0,0.0
9,2,1,1,,,,47.2,0,0,0,0.0
9,3,1,1,,,,48.0,0,0,0,0.0
9,4,1,1,,,,47.9,0,0,0,0.0
9,5,1,1,,,,47.0,0,0,0,0.0
9,6,1,1,,,,46.5,0,0,0,7.0
9,7,1,1,,,,46.4,0,0,0,49.0
9,8,1,1,,,,44.8,0,0,0,130.0
9,9,1,1,,,,45.4,0,0,0,200.0
9,10,1,1,,,,44.0,0,0,0,226.0
9,11,1,1,,,,44.4,0,0,0,239.0
9,12,1,1,,,,44.2,0,0,0,224.0
9,13,1,1,,,,44.0,0,0,0,178.0
9,14,1,1,,,,43.9,0,0,0,120.0
9,15,1,1,,,,44.1,0,0,0,57.0
9,16,1,1,,,,41.8,0,0,0,18.0
9,17,1,1,,,,41.9,0,0,0,2.0
9,18,1,1,,,,42.0,0,0,0,0.0
9,19,1,1,,,,43.0,0,0,0,0.0
9,20,1,1,,,,42.4,0,0,0,0.0
9,21,1,1,,,,41.9,0,0,0,0.0
9,22,1,1,,,,41.8,0,0,0,0.0
9,23,1,1,,,,42.0,0,0,0,0.0
9,24,1,1,,,,43.4,0,0,0,0.0
9,1,2,1,,,,42.9,0,0,0,0.0
9,2,2,1,,,,43.2,0,0,0,0.0
9,3,2,1,,,,43.4,0,0,0,0.0
9,4,2,1,,,,43.4,0,0,0,0.0
9,5,2,1,,,,43.3,0,0,0,0.0
9,6,2,1,,,,42.5,0,0,0,10.0
9,7,2,1,,,,42.8,0,0,0,65.0
9,8,2,1,,,,45.9,0,0,0,121.0
9,9,2,1,,,,51.0,0,0,0,159.0
9,10,2,1,,,,59.1,0,0,0,163.0
9,11,2,1,,,,67.3,0,0,0,148.0
9,12,2,1,,,,70.9,0,0,0,125.0
9,13,2,1,,,,72.3,0,0,0,106.0
9,14,2,1,,,,71.5,0,0,0,80.0
9,15,2,1,,,,72.6,0,0,0,47.0
9,16,2,1,,,,71.6,0,0,0,18.0
9,17,2,1,,,,63.9,0,0,0,1.0
9,18,2,1,,,,52.6,0,0,0,0.0
9,19,2,1,,,,48.3,0,0,0,0.0
9,20,2,1,,,,46.1,0,0,0,0.0
9,21,2,1,,,,43.9,0,0,0,0.0
9,22,2,1,,,,43.8,0,0,0,0.0
9,23,2,1,,,,43.0,0,0,0,0.0
9,24,2,1,,,,42.6,0,0,0,0.0
9,1,3,1,,,,42.7,0,0,0,0.0
9,2,3,1,,,,42.8,0,0,0,0.0
9,3,3,1,,,,43.5,0,0,0,0.0
9,4,3,1,,,,43.0,0,0,0,0.0
9,5,3,1,,,,42.6,0,0,0,0.0
9,6,3,1,,,,42.8,0,0,0,9.0
9,7,3,1,,,,42.4,0,0,0,71.0
9,8,3,1,,,,43.6,0,0,0,181.0
9,9,3,1,,,,53.6,0,0,0,306.0
9,10,3,1,,,,63.1,0,0,0,399.0
9,11,3,1,,,,64.1,0,0,0,420.0
9,12,3,1,,,,63.6,0,0,0,335.0
9,13,3,1,,,,61.2,0,0,0,333.0
9,14,3,1,,,,59.6,0,0,0,262.0
9,15,3,1,,,,64.8,0,0,0,162.0
9,16,3,1,,,,64.4,0,0,0,68.0
9,17,3,1,,,,58.0,0,0,0,10.0
9,18,3,1,,,,49.9,0,0,0,0.0
9,19,3,1,,,,45.8,0,0,0,0.0
9,20,3,1,,,,45.2,0,0,0,0.0
9,21,3,1,,,,44.6,0,0,0,0.0
9,22,3,1,,,,43.0,0,0,0,0.0
9,23,3,1,,,,43.6,0,0,0,0.0
9,24,3,1,,,,43.6,0,0,0,0.0
9,1,4,1,,,,43.2,0,0,0,0.0
9,2,4,1,,,,43.2,0,0,0,0.0
9,3,4,1,,,,43.8,0,0,0,0.0
9,4,4,1,,,,45.1,0,0,0,0.0
9,5,4,1,,,,43.4,0,0,0,0.0
9,6,4,1,,,,44.9,0,0,0,2.0
9,7,4,1,,,,43.1,0,0,0,39.0
9,8,4,1,,,,46.4,0,0,0,91.0
9,9,4,1,,,,56.3,0,0,0,154.0
9,10,4,1,,,,69.0,0,0,0,194.0
9,11,4,1,,,,69.2,0,0,0,181.0
9,12,4,1,,,,66.3,0,0,0,148.0
9,13,4,1,,,,62.8,0,0,0,119.0
9,14,4,1,,,,61.7,0,0,0,105.0
9,15,4,1,,,,62.4,0,0,0,77.0
9,16,4,1,,,,61.6,0,0,0,30.0
9,17,4,1,,,,60.1,0,0,0,1.0
9,18,4,1,,,,54.0,0,0,0,0.0
9,19,4,1,,,,47.5,0,0,0,0.0
9,20,4,1,,,,43.6,0,0,0,0.0
9,21,4,1,,,,42.8,0,0,0,0.0
9,22,4,1,,,,41.0,0,0,0,0.0
9,23,4,1,,,,41.0,0,0,0,0.0
9,24,4,1,,,,41.5,0,0,0,0.0
9,1,5,1,,,,41.2,0,0,0,0.0
9,2,5,1,,,,41.5,0,0,0,0.0
9,3,5,1,,,,43.1,0,0,0,0.0
9,4,5,1,,,,43.6,0,0,0,0.0
9,5,5,1,,,,44.4,0,0,0,0.0
9,6,5,1,,,,43.0,0,0,0,29.0
9,7,5,1,,,,43.2,0,0,0,129.0
9,8,5,1,,,,45.6,0,0,0,496.0
9,9,5,1,,,,51.3,0,0,0,779.0
9,10,5,1,,,,60.6,0,0,0,807.0
9,11,5,1,,,,61.5,0,0,0,753.0
9,12,5,1,,,,62.2,0,0,0,537.0
9,13,5,1,,,,58.1,0,0,0,299.0
9,14,5,1,,,,61.3,0,0,0,214.0
9,15,5,1,,,,61.3,0,0,0,150.0
9,16,5,1,,,,60.2,0,0,0,86.0
9,17,5,1,,,,58.6,0,0,0,25.0
9,18,5,1,,,,51.6,0,0,0,0.0
9,19,5,1,,,,46.8,0,0,0,0.0
9,20,5,1,,,,45.6,0,0,0,0.0
9,21,5,1,,,,43.8,0,0,0,0.0
9,22,5,1,,,,44.6,0,0,0,0.0
9,23,5,1,,,,43.6,0,0,0,0.0
9,24,5,1,,,,43.7,0,0,0,0.0
10,1,6,1,,,,44.2,0,0,0,0.0
10,2,6,1,,,,43.0,0,0,0,0.0
10,3,6,1,,,,45.2,0,0,0,0.0
10,4,6,1,,,,45.4,0,0,0,0.0
10,5,6,1,,,,44.8,0,0,0,0.0
10,6,6,1,,,,43.2,0,0,0,20.0
10,7,6,1,,,,43.8,0,0,0,122.0
10,8,6,1,,,,44.4,0,0,0,225.0
10,9,6,1,,,,51.9,0,0,0,332.0
10,10,6,1,,,,61.9,0,0,0,252.0
10,11,6,1,,,,66.8,0,0,0,129.0
10,12,6,1,,,,69.0,0,0,0,89.0
10,13,6,1,,,,70.7,0,0,0,65.0
10,14,6,1,,,,66.0,0,0,0,39.0
10,15,6,1,,,,70.1,0,0,0,17.0
10,16,6,1,,,,66.5,0,0,0,4.0
10,17,6,1,,,,63.2,0,0,0,0.0
10,18,6,1,,,,54.2,0,0,0,0.0
10,19,6,1,,,,48.0,0,0,0,0.0
10,20,6,1,,,,45.4,0,0,0,0.0
10,21,6,1,,,,44.8,0,0,0,0.0
10,22,6,1,,,,44.3,0,0,0,0.0
10,23,6,1,,,,42.2,0,0,0,0.0
10,24,6,1,,,,41.6,0,0,0,0.0
10,1,7,1,,,,41.4,0,0,0,0.0
10,2,7,1,,,,42.6,0,0,0,0.0
10,3,7,1,,,,42.1,0,0,0,0.0
10,4,7,1,,,,43.9,0,0,0,0.0
10,5,7,1,,,,43.0,0,0,0,0.0
10,6,7,1,,,,42.8,0,0,0,17.0
10,7,7,1,,,,42.4,0,0,0,34.0
10,8,7,1,,,,42.9,0,0,0,444.0
10,9,7,1,,,,42.8,0,0,0,697.0
10,10,7,1,,,,42.1,0,0,0,811.0
10,11,7,1,,,,41.4,0,0,0,768.0
10,12,7,1,,,,40.5,0,0,0,731.0
10,13,7,1,,,,39.8,0,0,0,560.0
10,14,7,1,,,,37.8,0,0,0,181.0
10,15,7,1,,,,36.8,0,0,0,72.0
10,16,7,1,,,,39.2,0,0,0,7.0
10,17,7,1,,,,40.0,0,0,0,0.0
10,18,7,1,,,,40.1,0,0,0,0.0
10,19,7,1,,,,42.6,0,0,0,0.0
10,20,7,1,,,,41.7,0,0,0,0.0
10,21,7,1,,,,41.8,0,0,0,0.0
10,22,7,1,,,,41.3,0,0,0,0.0
10,23,7,1,,,,41.4,0,0,0,0.0
10,24,7,1,,,,42.2,0,0,0,0.0
10,1,1,1,,,,41.8,0,0,0,0.0
10,2,1,1,,,,41.8,0,0,0,0.0
10,3,1,1,,,,41.6,0,0,0,0.0
10,4,1,1,,,,42.0,0,0,0,0.0
10,5,1,1,,,,42.1,0,0,0,0.0
10,6,1,1,,,,41.6,0,0,0,1.0
10,7,1,1,,,,40.8,0,0,0,35.0
10,8,1,1,,,,40.4,0,0,0,119.0
10,9,1,1,,,,38.8,0,0,0,200.0
10,10,1,1,,,,37.9,0,0,0,167.0
10,11,1,1,,,,38.4,0,0,0,133.0
10,12,1,1,,,,37.9,0,0,0,108.0
10,13,1,1,,,,38.2,0,0,0,95.0
10,14,1,1,,,,36.6,0,0,0,191.0
10,15,1,1,,,,37.2,0,0,0,73.0
10,16,1,1,,,,38.0,0,0,0,10.0
10,17,1,1,,,,38.3,0,0,0,2.0
10,18,1,1,,,,38.2,0,0,0,0.0
10,19,1,1,,,,40.9,0,0,0,0.0
10,20,1,1,,,,40.9,0,0,0,0.0
10,21,1,1,,,,41.1,0,0,0,0.0
10,22,1,1,,,,41.0,0,0,0,0.0
10,23,1,1,,,,41.0,0,0,0,0.0
10,24,1,1,,,,40.3,0,0,0,0.0
10,1,2,1,,,,40.2,0,0,0,0.0
10,2,2,1,,,,40.6,0,0,0,0.0
10,3,2,1,,,,41.1,0,0,0,0.0
10,4,2,1,,,,41.0,0,0,0,0.0
10,5,2,1,,,,42.2,0,0,0,0.0
10,6,2,1,,,,41.2,0,0,0,1.0
10,7,2,1,,,,41.9,0,0,0,35.0
10,8,2,1,,,,45.8,0,0,0,84.0
10,9,2,1,,,,53.2,0,0,0,152.0
10,10,2,1,,,,60.2,0,0,0,278.0
10,11,2,1,,,,66.0,0,0,0,343.0
10,12,2,1,,,,70.1,0,0,0,427.0
10,13,2,1,,,,68.2,0,0,0,419.0
10,14,2,1,,,,67.0,0,0,0,290.0
10,15,2,1,,,,70.0,0,0,0,234.0
10,16,2,1,,,,70.3,0,0,0,152.0
10,17,2,1,,,,66.1,0,0,0,15.0
10,18,2,1,,,,58.1,0,0,0,0.0
10,19,2,1,,,,50.5,0,0,0,0.0
10,20,2,1,,,,46.2,0,0,0,0.0
10,21,2,1,,,,44.5,0,0,0,0.0
10,22,2,1,,,,44.7,0,0,0,0.0
10,23,2,1,,,,44.7,0,0,0,0.0
10,24,2,1,,,,44.9,0,0,0,0.0
10,1,3,1,,,,44.5,0,0,0,0.0
10,2,3,1,,,,45.2,0,0,0,0.0
10,3,3,1,,,,45.6,0,0,0,0.0
10,4,3,1,,,,45.0,0,0,0,0.0
10,5,3,1,,,,45.4,0,0,0,0.0
10,6,3,1,,,,47.0,0,0,0,2.0
10,7,3,1,,,,45.1,0,0,0,35.0
10,8,3,1,,,,46.5,0,0,0,78.0
10,9,3,1,,,,51.9,0,0,0,144.0
10,10,3,1,,,,60.1,0,0,0,603.0
10,11,3,1,,,,63.4,0,0,0,661.0
10,12,3,1,,,,62.9,0,0,0,366.0
10,13,3,1,,,,63.1,0,0,0,117.0
10,14,3,1,,,,59.8,0,0,0,74.0
10,15,3,1,,,,62.3,0,0,0,72.0
10,16,3,1,,,,63.2,0,0,0,40.0
10,17,3,1,,,,58.4,0,0,0,0.0
10,18,3,1,,,,56.7,0,0,0,0.0
10,19,3,1,,,,50.3,0,0,0,0.0
10,20,3,1,,,,45.0,0,0,0,0.0
10,21,3,1,,,,46.8,0,0,0,0.0
10,22,3,1,,,,46.2,0,0,0,0.0
10,23,3,1,,,,41.5,0,0,0,0.0
10,24,3,1,,,,42.3,0,0,0,0.0
10,1,4,1,,,,42.2,0,0,0,0.0
10,2,4,1,,,,44.4,0,0,0,0.0
10,3,4,1,,,,44.2,0,0,0,0.0
10,4,4,1,,,,44.6,0,0,0,0.0
10,5,4,1,,,,44.0,0,0,0,0.0
10,6,4,1,,,,44.7,0,0,0,0.0
10,7,4,1,,,,43.9,0,0,0,15.0
10,8,4,1,,,,46.4,0,0,0,49.0
10,9,4,1,,,,55.7,0,0,0,100.0
10,10,4,1,,,,67.4,0,0,0,184.0
10,11,4,1,,,,71.9,0,0,0,314.0
10,12,4,1,,,,71.6,0,0,0,451.0
10,13,4,1,,,,67.8,0,0,0,587.0
10,14,4,1,,,,67.1,0,0,0,643.0
10,15,4,1,,,,67.5,0,0,0,590.0
10,16,4,1,,,,66.5,0,0,0,439.0
10,17,4,1,,,,62.6,0,0,0,41.0
10,18,4,1,,,,52.8,0,0,0,0.0
10,19,4,1,,,,47.2,0,0,0,0.0
10,20,4,1,,,,45.4,0,0,0,0.0
10,21,4,1,,,,45.1,0,0,0,0.0
10,22,4,1,,,,45.0,0,0,0,0.0
10,23,4,1,,,,44.4,0,0,0,0.0
10,24,4,1,,,,42.7,0,0,0,0.0
10,1,5,1,,,,43.0,0,0,0,0.0
10,2,5,1,,,,43.1,0,0,0,0.0
10,3,5,1,,,,43.2,0,0,0,0.0
10,4,5,1,,,,43.5,0,0,0,0.0
10,5,5,1,,,,43.1,0,0,0,0.0
10,6,5,1,,,,43.2,0,0,0,30.0
10,7,5,1,,,,43.6,0,0,0,208.0
10,8,5,1,,,,44.2,0,0,0,336.0
10,9,5,1,,,,49.6,0,0,0,434.0
10,10,5,1,,,,56.0,0,0,0,551.0
10,11,5,1,,,,59.6,0,0,0,706.0
10,12,5,1,,,,60.7,0,0,0,774.0
10,13,5,1,,,,61.4,0,0,0,767.0
10,14,5,1,,,,62.7,0,0,0,724.0
10,15,5,1,,,,63.7,0,0,0,522.0
10,16,5,1,,,,60.8,0,0,0,196.0
10,17,5,1,,,,58.4,0,0,0,3.0
10,18,5,1,,,,51.2,0,0,0,0.0
10,19,5,1,,,,47.2,0,0,0,0.0
10,20,5,1,,,,45.2,0,0,0,0.0
10,21,5,1,,,,42.6,0,0,0,0.0
10,22,5,1,,,,41.4,0,0,0,0.0
10,23,5,1,,,,42.1,0,0,0,0.0
10,24,5,1,,,,41.6,0,0,0,0.0
10,1,6,1,,,,41.9,0,0,0,0.0
10,2,6,1,,,,40.2,0,0,0,0.0
10,3,6,1,,,,40.0,0,0,0,0.0
10,4,6,1,,,,40.4,0,0,0,0.0
10,5,6,1,,,,38.2,0,0,0,0.0
10,6,6,1,,,,39.5,0,0,0,0.0
10,7,6,1,,,,40.4,0,0,0,25.0
10,8,6,1,,,,45.0,0,0,0,82.0
10,9,6,1,,,,51.2,0,0,0,199.0
10,10,6,1,,,,58.5,0,0,0,366.0
10,11,6,1,,,,63.1,0,0,0,495.0
10,12,6,1,,,,61.7,0,0,0,500.0
10,13,6,1,,,,62.5,0,0,0,466.0
10,14,6,1,,,,61.3,0,0,0,446.0
10,15,6,1,,,,61.4,0,0,0,395.0
10,16,6,1,,,,56.1,0,0,0,263.0
10,17,6,1,,,,54.4,0,0,0,9.0
10,18,6,1,,,,48.5,0,0,0,0.0
10,19,6,1,,,,46.0,0,0,0,0.0
10,20,6,1,,,,42.6,0,0,0,0.0
10,21,6,1,,,,42.2,0,0,0,0.0
10,22,6,1,,,,42.6,0,0,0,0.0
10,23,6,1,,,,42.7,0,0,0,0.0
10,24,6,1,,,,43.1,0,0,0,0.0
10,1,7,1,,,,43.4,0,0,0,0.0
10,2,7,1,,,,43.4,0,0,0,0.0
10,3,7,1,,,,43.2,0,0,0,0.0
10,4,7,1,,,,42.3,0,0,0,0.0
10,5,7,1,,,,43.2,0,0,0,0.0
10,6,7,1,,,,42.7,0,0,0,13.0
10,7,7,1,,,,42.2,0,0,0,246.0
10,8,7,1,,,,43.0,0,0,0,525.0
10,9,7,1,,,,43.6,0,0,0,663.0
10,10,7,1,,,,44.2,0,0,0,676.0
10,11,7,1,,,,44.4,0,0,0,729.0
10,12,7,1,,,,44.6,0,0,0,752.0
10,13,7,1,,,,44.1,0,0,0,750.0
10,14,7,1,,,,42.4,0,0,0,685.0
10,15,7,1,,,,40.9,0,0,0,531.0
10,16,7,1,,,,41.8,0,0,0,245.0
10,17,7,1,,,,41.6,0,0,0,7.0
10,18,7,1,,,,41.1,0,0,0,0.0
10,19,7,1,,,,42.8,0,0,0,0.0
10,20,7,1,,,,41.5,0,0,0,0.0
10,21,7,1,,,,42.2,0,0,0,0.0
10,22,7,1,,,,41.9,0,0,0,0.0
10,23,7,1,,,,41.6,0,0,0,0.0
10,24,7,1,,,,41.6,0,0,0,0.0
10,1,1,1,,,,41.8,0,0,0,0.0
10,2,1,1,,,,41.5,0,0,0,0.0
10,3,1,1,,,,42.2,0,0,0,0.0
10,4,1,1,,,,41.7,0,0,0,0.0
10,5,1,1,,,,41.5,0,0,0,0.0
10,6,1,1,,,,41.0,0,0,0,16.0
10,7,1,1,,,,40.7,0,0,0,349.0
10,8,1,1,,,,41.8,0,0,0,642.0
10,9,1,1,,,,40.6,0,0,0,778.0
10,10,1,1,,,,41.2,0,0,0,835.0
10,11,1,1,,,,40.2,0,0,0,859.0
10,12,1,1,,,,40.2,0,0,0,865.0
10,13,1,1,,,,40.7,0,0,0,859.0
10,14,1,1,,,,39.8,0,0,0,835.0
10,15,1,1,,,,41.7,0,0,0,775.0
10,16,1,1,,,,40.6,0,0,0,613.0
10,17,1,1,,,,40.9,0,0,0,31.0
10,18,1,1,,,,39.0,0,0,0,0.0
10,19,1,1,,,,41.5,0,0,0,0.0
10,20,1,1,,,,40.6,0,0,0,0.0
10,21,1,1,,,,40.7,0,0,0,0.0
10,22,1,1,,,,41.8,0,0,0,0.0
10,23,1,1,,,,41.6,0,0,0,0.0
10,24,1,1,,,,40.9,0,0,0,0.0
10,1,2,1,,,,41.0,0,0,0,0.0
10,2,2,1,,,,40.5,0,0,0,0.0
10,3,2,1,,,,40.9,0,0,0,0.0
10,4,2,1,,,,41.4,0,0,0,0.0
10,5,2,1,,,,41.4,0,0,0,0.0
10,6,2,1,,,,41.4,0,0,0,12.0
10,7,2,1,,,,41.8,0,0,0,289.0
10,8,2,1,,,,42.8,0,0,0,612.0
10,9,2,1,,,,50.2,0,0,0,775.0
10,10,2,1,,,,62.8,0,0,0,835.0
10,11,2,1,,,,65.5,0,0,0,863.0
10,12,2,1,,,,65.1,0,0,0,871.0
10,13,2,1,,,,64.2,0,0,0,865.0
10,14,2,1,,,,65.2,0,0,0,837.0
10,15,2,1,,,,66.8,0,0,0,760.0
10,16,2,1,,,,67.6,0,0,0,566.0
10,17,2,1,,,,65.1,0,0,0,18.0
10,18,2,1,,,,57.0,0,0,0,0.0
10,19,2,1,,,,50.7,0,0,0,0.0
10,20,2,1,,,,45.5,0,0,0,0.0
10,21,2,1,,,,45.2,0,0,0,0.0
10,22,2,1,,,,46.2,0,0,0,0.0
10,23,2,1,,,,46.7,0,0,0,0.0
10,24,2,1,,,,44.4,0,0,0,0.0
10,1,3,1,,,,43.8,0,0,0,0.0
10,2,3,1,,,,43.8,0,0,0,0.0
10,3,3,1,,,,43.8,0,0,0,0.0
10,4,3,1,,,,44.3,0,0,0,0.0
10,5,3,1,,,,44.5,0,0,0,0.0
10,6,3,1,,,,43.6,0,0,0,0.0
10,7,3,1,,,,44.2,0,0,0,28.0
10,8,3,1,,,,45.3,0,0,0,83.0
10,9,3,1,,,,56.4,0,0,0,240.0
10,10,3,1,,,,65.1,0,0,0,488.0
10,11,3,1,,,,72.7,0,0,0,653.0
10,12,3,1,,,,73.8,0,0,0,693.0
10,13,3,1,,,,72.5,0,0,0,712.0
10,14,3,1,,,,70.9,0,0,0,682.0
10,15,3,1,,,,69.0,0,0,0,576.0
10,16,3,1,,,,62.2,0,0,0,359.0
10,17,3,1,,,,60.6,0,0,0,4.0
10,18,3,1,,,,55.5,0,0,0,0.0
10,19,3,1,,,,49.2,0,0,0,0.0
10,20,3,1,,,,48.6,0,0,0,0.0
10,21,3,1,,,,46.3,0,0,0,0.0
10,22,3,1,,,,45.9,0,0,0,0.0
10,23,3,1,,,,44.8,0,0,0,0.0
10,24,3,1,,,,43.2,0,0,0,0.0
10,1,4,1,,,,43.6,0,0,0,0.0
10,2,4,1,,,,43.5,0,0,0,0.0
10,3,4,1,,,,44.2,0,0,0,0.0
10,4,4,1,,,,45.6,0,0,0,0.0
10,5,4,1,,,,44.2,0,0,0,0.0
10,6,4,1,,,,45.2,0,0,0,0.0
10,7,4,1,,,,44.1,0,0,0,24.0
10,8,4,1,,,,47.8,0,0,0,91.0
10,9,4,1,,,,56.3,0,0,0,341.0
10,10,4,1,,,,63.0,0,0,0,625.0
10,11,4,1,,,,69.4,0,0,0,797.0
10,12,4,1,,,,66.7,0,0,0,842.0
10,13,4,1,,,,68.5,0,0,0,837.0
10,14,4,1,,,,68.3,0,0,0,781.0
10,15,4,1,,,,69.3,0,0,0,646.0
10,16,4,1,,,,67.4,0,0,0,274.0
10,17,4,1,,,,66.4,0,0,0,1.0
10,18,4,1,,,,57.5,0,0,0,0.0
10,19,4,1,,,,51.5,0,0,0,0.0
10,20,4,1,,,,47.5,0,0,0,0.0
10,21,4,1,,,,46.6,0,0,0,0.0
10,22,4,1,,,,47.2,0,0,0,0.0
10,23,4,1,,,,48.9,0,0,0,0.0
10,24,4,1,,,,46.9,0,0,0,0.0
10,1,5,1,,,,47.0,0,0,0,0.0
10,2,5,1,,,,48.0,0,0,0,0.0
10,3,5,1,,,,48.1,0,0,0,0.0
10,4,5,1,,,,49.1,0,0,0,0.0
10,5,5,1,,,,47.5,0,0,0,0.0
10,6,5,1,,,,47.9,0,0,0,0.0
10,7,5,1,,,,49.4,0,0,0,39.0
10,8,5,1,,,,51.8,0,0,0,145.0
10,9,5,1,,,,59.7,0,0,0,285.0
10,10,5,1,,,,67.3,0,0,0,364.0
10,11,5,1,,,,73.2,0,0,0,409.0
10,12,5,1,,,,76.0,0,0,0,351.0
10,13,5,1,,,,74.2,0,0,0,276.0
10,14,5,1,,,,71.2,0,0,0,196.0
10,15,5,1,,,,68.1,0,0,0,100.0
10,16,5,1,,,,68.0,0,0,0,29.0
10,17,5,1,,,,65.2,0,0,0,0.0
10,18,5,1,,,,60.3,0,0,0,0.0
10,19,5,1,,,,55.9,0,0,0,0.0
10,20,5,1,,,,51.6,0,0,0,0.0
10,21,5,1,,,,46.6,0,0,0,0.0
10,22,5,1,,,,44.1,0,0,0,0.0
10,23,5,1,,,,44.9,0,0,0,0.0
10,24,5,1,,,,44.4,0,0,0,0.0
10,1,6,1,,,,44.5,0,0,0,0.0
10,2,6,1,,,,44.4,0,0,0,0.0
10,3,6,1,,,,44.8,0,0,0,0.0
10,4,6,1,,,,44.9,0,0,0,0.0
10,5,6,1,,,,45.0,0,0,0,0.0
10,6,6,1,,,,44.5,0,0,0,0.0
10,7,6,1,,,,44.4,0,0,0,19.0
10,8,6,1,,,,47.2,0,0,0,51.0
10,9,6,1,,,,54.6,0,0,0,108.0
10,10,6,1,,,,62.0,0,0,0,162.0
10,11,6,1,,,,67.6,0,0,0,170.0
10,12,6,1,,,,68.0,0,0,0,191.0
10,13,6,1,,,,69.6,0,0,0,262.0
10,14,6,1,,,,66.1,0,0,0,162.0
10,15,6,1,,,,67.8,0,0,0,55.0
10,16,6,1,,,,67.4,0,0,0,14.0
10,17,6,1,,,,64.2,0,0,0,0.0
10,18,6,1,,,,57.3,0,0,0,0.0
10,19,6,1,,,,52.6,0,0,0,0.0
10,20,6,1,,,,47.0,0,0,0,0.0
10,21,6,1,,,,46.1,0,0,0,0.0
10,22,6,1,,,,45.6,0,0,0,0.0
10,23,6,1,,,,45.4,0,0,0,0.0
10,24,6,1,,,,45.6,0,0,0,0.0
10,1,7,1,,,,45.0,0,0,0,0.0
10,2,7,1,,,,45.7,0,0,0,0.0
10,3,7,1,,,,46.2,0,0,0,0.0
10,4,7,1,,,,46.4,0,0,0,0.0
10,5,7,1,,,,46.6,0,0,0,0.0
10,6,7,1,,,,45.5,0,0,0,0.0
10,7,7,1,,,,46.7,0,0,0,42.0
10,8,7,1,,,,47.8,0,0,0,236.0
10,9,7,1,,,,45.5,0,0,0,484.0
10,10,7,1,,,,45.4,0,0,0,677.0
10,11,7,1,,,,45.7,0,0,0,766.0
10,12,7,1,,,,44.8,0,0,0,757.0
10,13,7,1,,,,45.0,0,0,0,750.0
10,14,7,1,,,,44.4,0,0,0,698.0
10,15,7,1,,,,43.2,0,0,0,549.0
10,16,7,1,,,,42.8,0,0,0,407.0
10,17,7,1,,,,42.4,0,0,0,0.0
10,18,7,1,,,,43.6,0,0,0,0.0
10,19,7,1,,,,45.0,0,0,0,0.0
10,20,7,1,,,,46.0,0,0,0,0.0
10,21,7,1,,,,45.1,0,0,0,0.0
10,22,7,1,,,,45.4,0,0,0,0.0
10,23,7,1,,,,45.6,0,0,0,0.0
10,24,7,1,,,,45.4,0,0,0,0.0
10,1,1,1,,,,44.6,0,0,0,0.0
10,2,1,1,,,,44.4,0,0,0,0.0
10,3,1,1,,,,46.3,0,0,0,0.0
10,4,1,1,,,,44.8,0,0,0,0.0
10,5,1,1,,,,45.3,0,0,0,0.0
10,6,1,1,,,,45.2,0,0,0,0.0
10,7,1,1,,,,45.1,0,0,0,103.0
10,8,1,1,,,,44.2,0,0,0,327.0
10,9,1,1,,,,44.8,0,0,0,635.0
10,10,1,1,,,,44.2,0,0,0,741.0
10,11,1,1,,,,42.1,0,0,0,759.0
10,12,1,1,,,,41.5,0,0,0,770.0
10,13,1,1,,,,42.6,0,0,0,799.0
10,14,1,1,,,,42.0,0,0,0,706.0
10,15,1,1,,,,42.6,0,0,0,607.0
10,16,1,1,,,,41.3,0,0,0,430.0
10,17,1,1,,,,42.8,0,0,0,0.0
10,18,1,1,,,,44.2,0,0,0,0.0
10,19,1,1,,,,45.0,0,0,0,0.0
10,20,1,1,,,,46.2,0,0,0,0.0
10,21,1,1,,,,45.8,0,0,0,0.0
10,22,1,1,,,,46.3,0,0,0,0.0
10,23,1,1,,,,46.0,0,0,0,0.0
10,24,1,1,,,,46.4,0,0,0,0.0
10,1,2,1,,,,45.6,0,0,0,0.0
10,2,2,1,,,,45.1,0,0,0,0.0
10,3,2,1,,,,46.1,0,0,0,0.0
10,4,2,1,,,,46.2,0,0,0,0.0
10,5,2,1,,,,46.2,0,0,0,0.0
10,6,2,1,,,,46.1,0,0,0,0.0
10,7,2,1,,,,46.8,0,0,0,8.0
10,8,2,1,,,,49.0,0,0,0,57.0
10,9,2,1,,,,60.5,0,0,0,149.0
10,10,2,1,,,,66.0,0,0,0,233.0
10,11,2,1,,,,72.6,0,0,0,338.0
10,12,2,1,,,,70.2,0,0,0,354.0
10,13,2,1,,,,69.1,0,0,0,280.0
10,14,2,1,,,,72.0,0,0,0,174.0
10,15,2,1,,,,70.2,0,0,0,57.0
10,16,2,1,,,,73.5,0,0,0,10.0
10,17,2,1,,,,68.2,0,0,0,0.0
10,18,2,1,,,,63.7,0,0,0,0.0
10,19,2,1,,,,58.9,0,0,0,0.0
10,20,2,1,,,,54.4,0,0,0,0.0
10,21,2,1,,,,51.2,0,0,0,0.0
10,22,2,1,,,,47.9,0,0,0,0.0
10,23,2,1,,,,47.1,0,0,0,0.0
10,24,2,1,,,,47.0,0,0,0,0.0
10,1,3,1,,,,47.1,0,0,0,0.0
10,2,3,1,,,,47.1,0,0,0,0.0
10,3,3,1,,,,47.5,0,0,0,0.0
10,4,3,1,,,,48.2,0,0,0,0.0
10,5,3,1,,,,49.9,0,0,0,0.0
10,6,3,1,,,,48.4,0,0,0,0.0
10,7,3,1,,,,49.7,0,0,0,32.0
10,8,3,1,,,,52.6,0,0,0,214.0
10,9,3,1,,,,66.3,0,0,0,402.0
10,10,3,1,,,,70.3,0,0,0,609.0
10,11,3,1,,,,70.4,0,0,0,610.0
10,12,3,1,,,,71.5,0,0,0,431.0
10,13,3,1,,,,72.4,0,0,0,185.0
10,14,3,1,,,,71.7,0,0,0,66.0
10,15,3,1,,,,76.0,0,0,0,28.0
10,16,3,1,,,,75.4,0,0,0,6.0
10,17,3,1,,,,73.1,0,0,0,0.0
10,18,3,1,,,,63.0,0,0,0,0.0
10,19,3,1,,,,55.2,0,0,0,0.0
10,20,3,1,,,,53.3,0,0,0,0.0
10,21,3,1,,,,53.9,0,0,0,0.0
10,22,3,1,,,,51.2,0,0,0,0.0
10,23,3,1,,,,50.6,0,0,0,0.0
10,24,3,1,,,,50.4,0,0,0,0.0
10,1,4,1,,,,51.3,0,0,0,0.0
10,2,4,1,,,,48.0,0,0,0,0.0
10,3,4,1,,,,51.5,0,0,0,0.0
10,4,4,1,,,,51.4,0,0,0,0.0
10,5,4,1,,,,50.4,0,0,0,0.0
10,6,4,1,,,,55.3,0,0,0,0.0
10,7,4,1,,,,54.8,0,0,0,47.0
10,8,4,1,,,,53.5,0,0,0,380.0
10,9,4,1,,,,60.9,0,0,0,685.0
10,10,4,1,,,,68.5,0,0,0,757.0
10,11,4,1,,,,72.6,0,0,0,766.0
10,12,4,1,,,,73.0,0,0,0,763.0
10,13,4,1,,,,71.4,0,0,0,741.0
10,14,4,1,,,,72.4,0,0,0,726.0
10,15,4,1,,,,71.9,0,0,0,644.0
10,16,4,1,,,,73.7,0,0,0,448.0
10,17,4,1,,,,69.1,0,0,0,0.0
10,18,4,1,,,,65.0,0,0,0,0.0
10,19,4,1,,,,58.8,0,0,0,0.0
10,20,4,1,,,,53.9,0,0,0,0.0
10,21,4,1,,,,52.3,0,0,0,0.0
10,22,4,1,,,,51.3,0,0,0,0.0
10,23,4,1,,,,52.1,0,0,0,0.0
10,24,4,1,,,,51.6,0,0,0,0.0
10,1,5,1,,,,53.2,0,0,0,0.0
10,2,5,1,,,,48.9,0,0,0,0.0
10,3,5,1,,,,49.2,0,0,0,0.0
10,4,5,1,,,,50.3,0,0,0,0.0
10,5,5,1,,,,50.4,0,0,0,0.0
10,6,5,1,,,,49.3,0,0,0,0.0
10,7,5,1,,,,49.6,0,0,0,85.0
10,8,5,1,,,,52.3,0,0,0,443.0
10,9,5,1,,,,60.6,0,0,0,640.0
10,10,5,1,,,,67.3,0,0,0,659.0
10,11,5,1,,,,73.5,0,0,0,552.0
10,12,5,1,,,,76.5,0,0,0,467.0
10,13,5,1,,,,72.2,0,0,0,392.0
10,14,5,1,,,,70.5,0,0,0,245.0
10,15,5,1,,,,70.0,0,0,0,101.0
10,16,5,1,,,,70.7,0,0,0,31.0
10,17,5,1,,,,68.2,0,0,0,0.0
10,18,5,1,,,,62.6,0,0,0,0.0
10,19,5,1,,,,56.0,0,0,0,0.0
10,20,5,1,,,,52.2,0,0,0,0.0
10,21,5,1,,,,52.1,0,0,0,0.0
10,22,5,1,,,,50.8,0,0,0,0.0
10,23,5,1,,,,49.5,0,0,0,0.0
10,24,5,1,,,,49.9,0,0,0,0.0
10,1,6,1,,,,49.4,0,0,0,0.0
10,2,6,1,,,,49.4,0,0,0,0.0
10,3,6,1,,,,48.6,0,0,0,0.0
10,4,6,1,,,,50.2,0,0,0,0.0
10,5,6,1,,,,50.1,0,0,0,0.0
10,6,6,1,,,,50.9,0,0,0,0.0
10,7,6,1,,,,51.4,0,0,0,9.0
10,8,6,1,,,,54.5,0,0,0,106.0
10,9,6,1,,,,62.8,0,0,0,278.0
10,10,6,1,,,,69.5,0,0,0,534.0
10,11,6,1,,,,74.8,0,0,0,650.0
10,12,6,1,,,,72.5,0,0,0,734.0
10,13,6,1,,,,69.7,0,0,0,709.0
10,14,6,1,,,,70.8,0,0,0,616.0
10,15,6,1,,,,73.1,0,0,0,325.0
10,16,6,1,,,,70.5,0,0,0,57.0
10,17,6,1,,,,62.4,0,0,0,0.0
10,18,6,1,,,,58.5,0,0,0,0.0
10,19,6,1,,,,51.7,0,0,0,0.0
10,20,6,1,,,,48.5,0,0,0,0.0
10,21,6,1,,,,47.6,0,0,0,0.0
10,22,6,1,,,,47.6,0,0,0,0.0
10,23,6,1,,,,46.2,0,0,0,0.0
10,24,6,1,,,,46.0,0,0,0,0.0
10,1,7,1,,,,46.6,0,0,0,0.0
10,2,7,1,,,,46.8,0,0,0,0.0
10,3,7,1,,,,46.2,0,0,0,0.0
10,4,7,1,,,,46.9,0,0,0,0.0
10,5,7,1,,,,46.0,0,0,0,0.0
10,6,7,1,,,,46.4,0,0,0,0.0
10,7,7,1,,,,46.0,0,0,0,1.0
10,8,7,1,,,,44.7,0,0,0,19.0
10,9,7,1,,,,45.6,0,0,0,65.0
10,10,7,1,,,,45.3,0,0,0,138.0
10,11,7,1,,,,46.4,0,0,0,231.0
10,12,7,1,,,,46.0,0,0,0,352.0
10,13,7,1,,,,44.9,0,0,0,331.0
10,14,7,1,,,,45.4,0,0,0,188.0
10,15,7,1,,,,46.7,0,0,0,86.0
10,16,7,1,,,,45.9,0,0,0,28.0
10,17,7,1,,,,46.0,0,0,0,0.0
10,18,7,1,,,,47.2,0,0,0,0.0
10,19,7,1,,,,46.4,0,0,0,0.0
10,20,7,1,,,,46.4,0,0,0,0.0
10,21,7,1,,,,47.7,0,0,0,0.0
10,22,7,1,,,,47.8,0,0,0,0.0
10,23,7,1,,,,47.4,0,0,0,0.0
10,24,7,1,,,,47.4,0,0,0,0.0
10,1,1,1,,,,47.2,0,0,0,0.0
10,2,1,1,,,,47.2,0,0,0,0.0
10,3,1,1,,,,46.6,0,0,0,0.0
10,4,1,1,,,,48.6,0,0,0,0.0
10,5,1,1,,,,47.6,0,0,0,0.0
10,6,1,1,,,,48.5,0,0,0,0.0
10,7,1,1,,,,49.0,0,0,0,33.0
10,8,1,1,,,,51.2,0,0,0,174.0
10,9,1,1,,,,49.6,0,0,0,410.0
10,10,1,1,,,,48.5,0,0,0,573.0
10,11,1,1,,,,47.7,0,0,0,567.0
10,12,1,1,,,,46.4,0,0,0,508.0
10,13,1,1,,,,46.4,0,0,0,402.0
10,14,1,1,,,,46.4,0,0,0,299.0
10,15,1,1,,,,45.6,0,0,0,186.0
10,16,1,1,,,,45.9,0,0,0,54.0
10,17,1,1,,,,46.2,0,0,0,0.0
10,18,1,1,,,,47.3,0,0,0,0.0
10,19,1,1,,,,47.1,0,0,0,0.0
10,20,1,1,,,,46.6,0,0,0,0.0
10,21,1,1,,,,47.1,0,0,0,0.0
10,22,1,1,,,,48.0,0,0,0,0.0
10,23,1,1,,,,47.5,0,0,0,0.0
10,24,1,1,,,,48.5,0,0,0,0.0
10,1,2,1,,,,48.1,0,0,0,0.0
10,2,2,1,,,,48.2,0,0,0,0.0
10,3,2,1,,,,48.6,0,0,0,0.0
10,4,2,1,,,,50.8,0,0,0,0.0
10,5,2,1,,,,50.4,0,0,0,0.0
10,6,2,1,,,,49.5,0,0,0,0.0
10,7,2,1,,,,51.1,0,0,0,43.0
10,8,2,1,,,,57.7,0,0,0,269.0
10,9,2,1,,,,63.6,0,0,0,665.0
10,10,2,1,,,,74.2,0,0,0,799.0
10,11,2,1,,,,81.0,0,0,0,833.0
10,12,2,1,,,,76.1,0,0,0,852.0
10,13,2,1,,,,72.5,0,0,0,850.0
10,14,2,1,,,,69.9,0,0,0,808.0
10,15,2,1,,,,68.4,0,0,0,706.0
10,16,2,1,,,,71.3,0,0,0,328.0
10,17,2,1,,,,67.8,0,0,0,0.0
10,18,2,1,,,,60.7,0,0,0,0.0
10,19,2,1,,,,55.7,0,0,0,0.0
10,20,2,1,,,,52.4,0,0,0,0.0
10,21,2,1,,,,50.9,0,0,0,0.0
10,22,2,1,,,,50.1,0,0,0,0.0
10,23,2,1,,,,49.9,0,0,0,0.0
10,24,2,1,,,,50.7,0,0,0,0.0
10,1,3,1,,,,52.2,0,0,0,0.0
10,2,3,1,,,,51.3,0,0,0,0.0
10,3,3,1,,,,52.0,0,0,0,0.0
10,4,3,1,,,,52.6,0,0,0,0.0
10,5,3,1,,,,52.8,0,0,0,0.0
10,6,3,1,,,,50.6,0,0,0,0.0
10,7,3,1,,,,50.7,0,0,0,2.0
10,8,3,1,,,,52.6,0,0,0,31.0
10,9,3,1,,,,62.4,0,0,0,57.0
10,10,3,1,,,,72.2,0,0,0,75.0
10,11,3,1,,,,78.5,0,0,0,73.0
10,12,3,1,,,,78.3,0,0,0,63.0
10,13,3,1,,,,75.9,0,0,0,40.0
10,14,3,1,,,,74.6,0,0,0,21.0
10,15,3,1,,,,73.1,0,0,0,8.0
10,16,3,1,,,,71.5,0,0,0,0.0
10,17,3,1,,,,68.7,0,0,0,0.0
10,18,3,1,,,,62.1,0,0,0,0.0
10,19,3,1,,,,52.3,0,0,0,0.0
10,20,3,1,,,,47.3,0,0,0,0.0
10,21,3,1,,,,46.2,0,0,0,0.0
10,22,3,1,,,,45.6,0,0,0,0.0
10,23,3,1,,,,43.9,0,0,0,0.0
10,24,3,1,,,,43.2,0,0,0,0.0
10,1,4,1,,,,43.0,0,0,0,0.0
10,2,4,1,,,,43.3,0,0,0,0.0
10,3,4,1,,,,43.6,0,0,0,0.0
10,4,4,1,,,,43.2,0,0,0,0.0
10,5,4,1,,,,43.5,0,0,0,0.0
10,6,4,1,,,,44.2,0,0,0,0.0
10,7,4,1,,,,43.6,0,0,0,7.0
10,8,4,1,,,,48.2,0,0,0,49.0
10,9,4,1,,,,53.9,0,0,0,118.0
10,10,4,1,,,,61.0,0,0,0,292.0
10,11,4,1,,,,62.6,0,0,0,513.0
10,12,4,1,,,,63.1,0,0,0,497.0
10,13,4,1,,,,62.7,0,0,0,362.0
10,14,4,1,,,,62.6,0,0,0,201.0
10,15,4,1,,,,66.9,0,0,0,104.0
10,16,4,1,,,,65.4,0,0,0,49.0
10,17,4,1,,,,64.2,0,0,0,0.0
10,18,4,1,,,,61.6,0,0,0,0.0
10,19,4,1,,,,54.3,0,0,0,0.0
10,20,4,1,,,,49.5,0,0,0,0.0
10,21,4,1,,,,48.5,0,0,0,0.0
10,22,4,1,,,,47.3,0,0,0,0.0
10,23,4,1,,,,46.9,0,0,0,0.0
10,24,4,1,,,,47.7,0,0,0,0.0
10,1,5,1,,,,48.4,0,0,0,0.0
10,2,5,1,,,,47.6,0,0,0,0.0
10,3,5,1,,,,45.7,0,0,0,0.0
10,4,5,1,,,,46.7,0,0,0,0.0
10,5,5,1,,,,47.4,0,0,0,0.0
10,6,5,1,,,,46.0,0,0,0,0.0
10,7,5,1,,,,47.1,0,0,0,9.0
10,8,5,1,,,,49.4,0,0,0,60.0
10,9,5,1,,,,55.6,0,0,0,146.0
10,10,5,1,,,,62.4,0,0,0,281.0
10,11,5,1,,,,64.1,0,0,0,509.0
10,12,5,1,,,,68.8,0,0,0,399.0
10,13,5,1,,,,64.8,0,0,0,134.0
10,14,5,1,,,,66.3,0,0,0,64.0
10,15,5,1,,,,68.2,0,0,0,92.0
10,16,5,1,,,,71.3,0,0,0,13.0
10,17,5,1,,,,65.0,0,0,0,0.0
10,18,5,1,,,,57.9,0,0,0,0.0
10,19,5,1,,,,48.0,0,0,0,0.0
10,20,5,1,,,,45.8,0,0,0,0.0
10,21,5,1,,,,42.4,0,0,0,0.0
10,22,5,1,,,,44.2,0,0,0,0.0
10,23,5,1,,,,44.2,0,0,0,0.0
10,24,5,1,,,,44.8,0,0,0,0.0
10,1,6,1,,,,44.8,0,0,0,0.0
10,2,6,1,,,,44.7,0,0,0,0.0
10,3,6,1,,,,44.7,0,0,0,0.0
10,4,6,1,,,,44.2,0,0,0,0.0
10,5,6,1,,,,47.4,0,0,0,0.0
10,6,6,1,,,,46.8,0,0,0,0.0
10,7,6,1,,,,46.8,0,0,0,1.0
10,8,6,1,,,,48.9,0,0,0,9.0
10,9,6,1,,,,56.9,0,0,0,29.0
10,10,6,1,,,,65.8,0,0,0,61.0
10,11,6,1,,,,74.4,0,0,0,99.0
10,12,6,1,,,,74.6,0,0,0,104.0
10,13,6,1,,,,71.4,0,0,0,73.0
10,14,6,1,,,,75.0,0,0,0,48.0
10,15,6,1,,,,69.3,0,0,0,20.0
10,16,6,1,,,,68.7,0,0,0,1.0
10,17,6,1,,,,63.5,0,0,0,0.0
10,18,6,1,,,,55.8,0,0,0,0.0
10,19,6,1,,,,47.9,0,0,0,0.0
10,20,6,1,,,,44.9,0,0,0,0.0
10,21,6,1,,,,44.6,0,0,0,0.0
10,22,6,1,,,,44.6,0,0,0,0.0
10,23,6,1,,,,46.1,0,0,0,0.0
10,24,6,1,,,,46.8,0,0,0,0.0
10,1,7,1,,,,46.2,0,0,0,0.0
10,2,7,1,,,,45.8,0,0,0,0.0
10,3,7,1,,,,46.6,0,0,0,0.0
10,4,7,1,,,,46.9,0,0,0,0.0
10,5,7,1,,,,46.9,0,0,0,0.0
10,6,7,1,,,,46.3,0,0,0,0.0
10,7,7,1,,,,47.9,0,0,0,24.0
10,8,7,1,,,,49.0,0,0,0,123.0
10,9,7,1,,,,45.7,0,0,0,530.0
10,10,7,1,,,,47.4,0,0,0,646.0
10,11,7,1,,,,48.2,0,0,0,475.0
10,12,7,1,,,,47.1,0,0,0,331.0
10,13,7,1,,,,48.5,0,0,0,289.0
10,14,7,1,,,,47.6,0,0,0,353.0
10,15,7,1,,,,46.7,0,0,0,220.0
10,16,7,1,,,,44.3,0,0,0,33.0
10,17,7,1,,,,44.4,0,0,0,0.0
10,18,7,1,,,,45.1,0,0,0,0.0
10,19,7,1,,,,45.8,0,0,0,0.0
10,20,7,1,,,,44.4,0,0,0,0.0
10,21,7,1,,,,41.9,0,0,0,0.0
10,22,7,1,,,,44.9,0,0,0,0.0
10,23,7,1,,,,43.4,0,0,0,0.0
10,24,7,1,,,,43.6,0,0,0,0.0
10,1,1,0,,,,44.1,0,0,0,0.0
10,2,1,0,,,,44.5,0,0,0,0.0
10,3,1,0,,,,42.4,0,0,0,0.0
10,4,1,0,,,,41.8,0,0,0,0.0
10,5,1,0,,,,41.4,0,0,0,0.0
10,6,1,0,,,,43.6,0,0,0,0.0
10,7,1,0,,,,46.8,0,0,0,0.0
10,8,1,0,,,,45.9,0,0,0,16.0
10,9,1,0,,,,43.7,0,0,0,43.0
10,10,1,0,,,,43.0,0,0,0,75.0
10,11,1,0,,,,45.4,0,0,0,99.0
10,12,1,0,,,,44.6,0,0,0,103.0
10,13,1,0,,,,46.0,0,0,0,90.0
10,14,1,0,,,,44.6,0,0,0,74.0
10,15,1,0,,,,43.8,0,0,0,40.0
10,16,1,0,,,,44.5,0,0,0,4.0
10,17,1,0,,,,44.4,0,0,0,0.0
10,18,1,0,,,,43.3,0,0,0,0.0
10,19,1,0,,,,42.9,0,0,0,0.0
10,20,1,0,,,,39.2,0,0,0,0.0
10,21,1,0,,,,40.3,0,0,0,0.0
10,22,1,0,,,,41.4,0,0,0,0.0
10,23,1,0,,,,41.5,0,0,0,0.0
10,24,1,0,,,,41.3,0,0,0,0.0
11,1,2,0,,,,41.0,0,0,0,0.0
11,2,2,0,,,,41.4,0,0,0,0.0
11,3,2,0,,,,41.7,0,0,0,0.0
11,4,2,0,,,,42.2,0,0,0,0.0
11,5,2,0,,,,41.8,0,0,0,0.0
11,6,2,0,,,,41.7,0,0,0,0.0
11,7,2,0,,,,42.1,0,0,0,7.0
11,8,2,0,,,,45.7,0,0,0,65.0
11,9,2,0,,,,56.9,0,0,0,171.0
11,10,2,0,,,,66.3,0,0,0,298.0
11,11,2,0,,,,75.6,0,0,0,487.0
11,12,2,0,,,,75.3,0,0,0,673.0
11,13,2,0,,,,69.1,0,0,0,544.0
11,14,2,0,,,,67.6,0,0,0,339.0
11,15,2,0,,,,67.5,0,0,0,159.0
11,16,2,0,,,,66.7,0,0,0,26.0
11,17,2,0,,,,64.7,0,0,0,0.0
11,18,2,0,,,,60.0,0,0,0,0.0
11,19,2,0,,,,50.8,0,0,0,0.0
11,20,2,0,,,,48.2,0,0,0,0.0
11,21,2,0,,,,50.0,0,0,0,0.0
11,22,2,0,,,,49.0,0,0,0,0.0
11,23,2,0,,,,48.5,0,0,0,0.0
11,24,2,0,,,,47.9,0,0,0,0.0
11,1,3,0,,,,47.7,0,0,0,0.0
11,2,3,0,,,,45.2,0,0,0,0.0
11,3,3,0,,,,43.5,0,0,0,0.0
11,4,3,0,,,,44.6,0,0,0,0.0
11,5,3,0,,,,46.0,0,0,0,0.0
11,6,3,0,,,,44.8,0,0,0,0.0
11,7,3,0,,,,42.5,0,0,0,22.0
11,8,3,0,,,,45.6,0,0,0,93.0
11,9,3,0,,,,55.2,0,0,0,145.0
11,10,3,0,,,,63.0,0,0,0,422.0
11,11,3,0,,,,67.3,0,0,0,565.0
11,12,3,0,,,,70.0,0,0,0,464.0
11,13,3,0,,,,68.8,0,0,0,391.0
11,14,3,0,,,,66.1,0,0,0,177.0
11,15,3,0,,,,67.8,0,0,0,66.0
11,16,3,0,,,,67.2,0,0,0,3.0
11,17,3,0,,,,64.5,0,0,0,0.0
11,18,3,0,,,,59.9,0,0,0,0.0
11,19,3,0,,,,49.2,0,0,0,0.0
11,20,3,0,,,,43.4,0,0,0,0.0
11,21,3,0,,,,42.5,0,0,0,0.0
11,22,3,0,,,,43.0,0,0,0,0.0
11,23,3,0,,,,43.8,0,0,0,0.0
11,24,3,0,,,,44.9,0,0,0,0.0
11,1,4,0,,,,46.0,0,0,0,0.0
11,2,4,0,,,,43.9,0,0,0,0.0
11,3,4,0,,,,44.4,0,0,0,0.0
11,4,4,0,,,,44.1,0,0,0,0.0
11,5,4,0,,,,44.6,0,0,0,0.0
11,6,4,0,,,,45.5,0,0,0,0.0
11,7,4,0,,,,45.5,0,0,0,11.0
11,8,4,0,,,,48.7,0,0,0,131.0
11,9,4,0,,,,56.4,0,0,0,214.0
11,10,4,0,,,,59.0,0,0,0,305.0
11,11,4,0,,,,66.2,0,0,0,300.0
11,12,4,0,,,,63.2,0,0,0,312.0
11,13,4,0,,,,65.0,0,0,0,305.0
11,14,4,0,,,,67.5,0,0,0,164.0
11,15,4,0,,,,72.2,0,0,0,33.0
11,16,4,0,,,,69.6,0,0,0,0.0
11,17,4,0,,,,65.8,0,0,0,0.0
11,18,4,0,,,,58.2,0,0,0,0.0
11,19,4,0,,,,52.1,0,0,0,0.0
11,20,4,0,,,,46.6,0,0,0,0.0
11,21,4,0,,,,43.8,0,0,0,0.0
11,22,4,0,,,,43.2,0,0,0,0.0
11,23,4,0,,,,43.2,0,0,0,0.0
11,24,4,0,,,,43.3,0,0,0,0.0
11,1,5,0,,,,43.6,0,0,0,0.0
11,2,5,0,,,,43.6,0,0,0,0.0
11,3,5,0,,,,43.2,0,0,0,0.0
11,4,5,0,,,,42.8,0,0,0,0.0
11,5,5,0,,,,43.6,0,0,0,0.0
11,6,5,0,,,,44.2,0,0,0,0.0
11,7,5,0,,,,44.6,0,0,0,20.0
11,8,5,0,,,,45.4,0,0,0,101.0
11,9,5,0,,,,55.1,0,0,0,380.0
11,10,5,0,,,,62.4,0,0,0,472.0
11,11,5,0,,,,74.6,0,0,0,558.0
11,12,5,0,,,,75.8,0,0,0,665.0
11,13,5,0,,,,70.5,0,0,0,561.0
11,14,5,0,,,,70.1,0,0,0,336.0
11,15,5,0,,,,69.9,0,0,0,146.0
11,16,5,0,,,,67.4,0,0,0,14.0
11,17,5,0,,,,63.2,0,0,0,0.0
11,18,5,0,,,,58.2,0,0,0,0.0
11,19,5,0,,,,50.1,0,0,0,0.0
11,20,5,0,,,,45.8,0,0,0,0.0
11,21,5,0,,,,44.0,0,0,0,0.0
11,22,5,0,,,,42.8,0,0,0,0.0
11,23,5,0,,,,42.9,0,0,0,0.0
11,24,5,0,,,,41.9,0,0,0,0.0
11,1,6,0,,,,41.8,0,0,0,0.0
11,2,6,0,,,,41.2,0,0,0,0.0
11,3,6,0,,,,41.2,0,0,0,0.0
11,4,6,0,,,,41.8,0,0,0,0.0
11,5,6,0,,,,40.8,0,0,0,0.0
11,6,6,0,,,,41.4,0,0,0,0.0
11,7,6,0,,,,42.5,0,0,0,27.0
11,8,6,0,,,,44.5,0,0,0,155.0
11,9,6,0,,,,54.4,0,0,0,200.0
11,10,6,0,,,,64.3,0,0,0,258.0
11,11,6,0,,,,72.2,0,0,0,305.0
11,12,6,0,,,,73.5,0,0,0,253.0
11,13,6,0,,,,72.9,0,0,0,198.0
11,14,6,0,,,,73.8,0,0,0,66.0
11,15,6,0,,,,74.6,0,0,0,16.0
11,16,6,0,,,,72.9,0,0,0,0.0
11,17,6,0,,,,69.2,0,0,0,0.0
11,18,6,0,,,,61.0,0,0,0,0.0
11,19,6,0,,,,51.5,0,0,0,0.0
11,20,6,0,,,,46.1,0,0,0,0.0
11,21,6,0,,,,47.6,0,0,0,0.0
11,22,6,0,,,,44.2,0,0,0,0.0
11,23,6,0,,,,43.8,0,0,0,0.0
11,24,6,0,,,,43.1,0,0,0,0.0
11,1,7,0,,,,44.1,0,0,0,0.0
11,2,7,0,,,,42.9,0,0,0,0.0
11,3,7,0,,,,43.2,0,0,0,0.0
11,4,7,0,,,,42.8,0,0,0,0.0
11,5,7,0,,,,39.7,0,0,0,0.0
11,6,7,0,,,,39.7,0,0,0,0.0
11,7,7,0,,,,38.3,0,0,0,0.0
11,8,7,0,,,,39.6,0,0,0,30.0
11,9,7,0,,,,41.4,0,0,0,118.0
11,10,7,0,,,,39.2,0,0,0,238.0
11,11,7,0,,,,39.1,0,0,0,320.0
11,12,7,0,,,,41.4,0,0,0,646.0
11,13,7,0,,,,39.2,0,0,0,703.0
11,14,7,0,,,,40.4,0,0,0,630.0
11,15,7,0,,,,37.8,0,0,0,408.0
11,16,7,0,,,,38.3,0,0,0,24.0
11,17,7,0,,,,42.2,0,0,0,0.0
11,18,7,0,,,,41.2,0,0,0,0.0
11,19,7,0,,,,39.3,0,0,0,0.0
11,20,7,0,,,,39.4,0,0,0,0.0
11,21,7,0,,,,40.2,0,0,0,0.0
11,22,7,0,,,,42.1,0,0,0,0.0
11,23,7,0,,,,41.0,0,0,0,0.0
11,24,7,0,,,,42.6,0,0,0,0.0
11,1,1,0,,,,40.7,0,0,0,0.0
11,2,1,0,,,,41.7,0,0,0,0.0
11,3,1,0,,,,41.3,0,0,0,0.0
11,4,1,0,,,,40.9,0,0,0,0.0
11,5,1,0,,,,43.7,0,0,0,0.0
11,6,1,0,,,,43.5,0,0,0,0.0
11,7,1,0,,,,41.4,0,0,0,11.0
11,8,1,0,,,,40.5,0,0,0,77.0
11,9,1,0,,,,44.2,0,0,0,102.0
11,10,1,0,,,,39.8,0,0,0,171.0
11,11,1,0,,,,40.2,0,0,0,340.0
11,12,1,0,,,,39.9,0,0,0,469.0
11,13,1,0,,,,42.0,0,0,0,454.0
11,14,1,0,,,,41.0,0,0,0,419.0
11,15,1,0,,,,41.5,0,0,0,293.0
11,16,1,0,,,,40.6,0,0,0,24.0
11,17,1,0,,,,41.5,0,0,0,0.0
11,18,1,0,,,,43.1,0,0,0,0.0
11,19,1,0,,,,41.5,0,0,0,0.0
11,20,1,0,,,,43.4,0,0,0,0.0
11,21,1,0,,,,42.8,0,0,0,0.0
11,22,1,0,,,,42.5,0,0,0,0.0
11,23,1,0,,,,42.2,0,0,0,0.0
11,24,1,0,,,,43.1,0,0,0,0.0
11,1,2,0,,,,42.2,0,0,0,0.0
11,2,2,0,,,,41.9,0,0,0,0.0
11,3,2,0,,,,42.3,0,0,0,0.0
11,4,2,0,,,,41.7,0,0,0,0.0
11,5,2,0,,,,41.8,0,0,0,0.0
11,6,2,0,,,,40.8,0,0,0,0.0
11,7,2,0,,,,41.5,0,0,0,0.0
11,8,2,0,,,,45.8,0,0,0,8.0
11,9,2,0,,,,57.5,0,0,0,28.0
11,10,2,0,,,,74.5,0,0,0,53.0
11,11,2,0,,,,82.0,0,0,0,68.0
11,12,2,0,,,,81.0,0,0,0,59.0
11,13,2,0,,,,71.2,0,0,0,31.0
11,14,2,0,,,,77.1,0,0,0,13.0
11,15,2,0,,,,79.9,0,0,0,3.0
11,16,2,0,,,,77.8,0,0,0,0.0
11,17,2,0,,,,73.6,0,0,0,0.0
11,18,2,0,,,,67.3,0,0,0,0.0
11,19,2,0,,,,57.6,0,0,0,0.0
11,20,2,0,,,,54.7,0,0,0,0.0
11,21,2,0,,,,52.8,0,0,0,0.0
11,22,2,0,,,,51.4,0,0,0,0.0
11,23,2,0,,,,51.1,0,0,0,0.0
11,24,2,0,,,,49.7,0,0,0,0.0
11,1,3,0,,,,50.8,0,0,0,0.0
11,2,3,0,,,,48.8,0,0,0,0.0
11,3,3,0,,,,49.1,0,0,0,0.0
11,4,3,0,,,,48.6,0,0,0,0.0
11,5,3,0,,,,46.9,0,0,0,0.0
11,6,3,0,,,,46.1,0,0,0,0.0
11,7,3,0,,,,47.4,0,0,0,0.0
11,8,3,0,,,,49.9,0,0,0,18.0
11,9,3,0,,,,60.6,0,0,0,62.0
11,10,3,0,,,,67.5,0,0,0,104.0
11,11,3,0,,,,79.4,0,0,0,127.0
11,12,3,0,,,,75.9,0,0,0,125.0
11,13,3,0,,,,78.2,0,0,0,130.0
11,14,3,0,,,,81.0,0,0,0,91.0
11,15,3,0,,,,81.0,0,0,0,70.0
11,16,3,0,,,,80.6,0,0,0,1.0
11,17,3,0,,,,75.0,0,0,0,0.0
11,18,3,0,,,,63.9,0,0,0,0.0
11,19,3,0,,,,53.5,0,0,0,0.0
11,20,3,0,,,,52.4,0,0,0,0.0
11,21,3,0,,,,50.9,0,0,0,0.0
11,22,3,0,,,,50.6,0,0,0,0.0
11,23,3,0,,,,49.0,0,0,0,0.0
11,24,3,0,,,,49.2,0,0,0,0.0
11,1,4,0,,,,46.8,0,0,0,0.0
11,2,4,0,,,,48.3,0,0,0,0.0
11,3,4,0,,,,47.7,0,0,0,0.0
11,4,4,0,,,,48.6,0,0,0,0.0
11,5,4,0,,,,49.4,0,0,0,0.0
11,6,4,0,,,,48.4,0,0,0,0.0
11,7,4,0,,,,48.9,0,0,0,5.0
11,8,4,0,,,,51.2,0,0,0,162.0
11,9,4,0,,,,58.6,0,0,0,410.0
11,10,4,0,,,,68.4,0,0,0,531.0
11,11,4,0,,,,76.2,0,0,0,674.0
11,12,4,0,,,,71.9,0,0,0,669.0
11,13,4,0,,,,70.2,0,0,0,692.0
11,14,4,0,,,,66.7,0,0,0,608.0
11,15,4,0,,,,68.5,0,0,0,474.0
11,16,4,0,,,,69.6,0,0,0,24.0
11,17,4,0,,,,72.2,0,0,0,0.0
11,18,4,0,,,,66.0,0,0,0,0.0
11,19,4,0,,,,56.8,0,0,0,0.0
11,20,4,0,,,,55.8,0,0,0,0.0
11,21,4,0,,,,53.6,0,0,0,0.0
11,22,4,0,,,,55.5,0,0,0,0.0
11,23,4,0,,,,53.7,0,0,0,0.0
11,24,4,0,,,,50.8,0,0,0,0.0
11,1,5,0,,,,49.2,0,0,0,0.0
11,2,5,0,,,,49.9,0,0,0,0.0
11,3,5,0,,,,49.1,0,0,0,0.0
11,4,5,0,,,,47.4,0,0,0,0.0
11,5,5,0,,,,49.0,0,0,0,0.0
11,6,5,0,,,,48.2,0,0,0,0.0
11,7,5,0,,,,48.6,0,0,0,0.0
11,8,5,0,,,,52.9,0,0,0,1.0
11,9,5,0,,,,61.0,0,0,0,12.0
11,10,5,0,,,,69.0,0,0,0,18.0
11,11,5,0,,,,71.9,0,0,0,20.0
11,12,5,0,,,,73.3,0,0,0,46.0
11,13,5,0,,,,71.4,0,0,0,120.0
11,14,5,0,,,,70.5,0,0,0,167.0
11,15,5,0,,,,73.0,0,0,0,242.0
11,16,5,0,,,,71.0,0,0,0,5.0
11,17,5,0,,,,68.2,0,0,0,0.0
11,18,5,0,,,,62.8,0,0,0,0.0
11,19,5,0,,,,55.2,0,0,0,0.0
11,20,5,0,,,,50.1,0,0,0,0.0
11,21,5,0,,,,47.1,0,0,0,0.0
11,22,5,0,,,,47.5,0,0,0,0.0
11,23,5,0,,,,47.3,0,0,0,0.0
11,24,5,0,,,,47.1,0,0,0,0.0
11,1,6,0,,,,47.4,0,0,0,0.0
11,2,6,0,,,,46.5,0,0,0,0.0
11,3,6,0,,,,46.8,0,0,0,0.0
11,4,6,0,,,,46.5,0,0,0,0.0
11,5,6,0,,,,47.0,0,0,0,0.0
11,6,6,0,,,,47.2,0,0,0,0.0
11,7,6,0,,,,47.1,0,0,0,1.0
11,8,6,0,,,,49.6,0,0,0,85.0
11,9,6,0,,,,53.2,0,0,0,325.0
11,10,6,0,,,,62.1,0,0,0,261.0
11,11,6,0,,,,63.6,0,0,0,246.0
11,12,6,0,,,,70.8,0,0,0,307.0
11,13,6,0,,,,72.3,0,0,0,344.0
11,14,6,0,,,,68.6,0,0,0,149.0
11,15,6,0,,,,69.2,0,0,0,40.0
11,16,6,0,,,,68.3,0,0,0,1.0
11,17,6,0,,,,67.3,0,0,0,0.0
11,18,6,0,,,,56.6,0,0,0,0.0
11,19,6,0,,,,50.4,0,0,0,0.0
11,20,6,0,,,,44.9,0,0,0,0.0
11,21,6,0,,,,43.6,0,0,0,0.0
11,22,6,0,,,,45.4,0,0,0,0.0
11,23,6,0,,,,48.0,0,0,0,0.0
11,24,6,0,,,,46.7,0,0,0,0.0
11,1,7,0,,,,47.2,0,0,0,0.0
11,2,7,0,,,,46.9,0,0,0,0.0
11,3,7,0,,,,47.5,0,0,0,0.0
11,4,7,0,,,,45.6,0,0,0,0.0
11,5,7,0,,,,43.2,0,0,0,0.0
11,6,7,0,,,,43.1,0,0,0,0.0
11,7,7,0,,,,45.0,0,0,0,0.0
11,8,7,0,,,,43.7,0,0,0,6.0
11,9,7,0,,,,43.9,0,0,0,23.0
11,10,7,0,,,,44.6,0,0,0,92.0
11,11,7,0,,,,45.2,0,0,0,419.0
11,12,7,0,,,,48.4,0,0,0,738.0
11,13,7,0,,,,47.2,0,0,0,734.0
11,14,7,0,,,,45.9,0,0,0,638.0
11,15,7,0,,,,45.0,0,0,0,335.0
11,16,7,0,,,,45.6,0,0,0,1.0
11,17,7,0,,,,47.5,0,0,0,0.0
11,18,7,0,,,,49.4,0,0,0,0.0
11,19,7,0,,,,49.8,0,0,0,0.0
11,20,7,0,,,,47.0,0,0,0,0.0
11,21,7,0,,,,47.6,0,0,0,0.0
11,22,7,0,,,,45.7,0,0,0,0.0
11,23,7,0,,,,45.7,0,0,0,0.0
11,24,7,0,,,,44.6,0,0,0,0.0
11,1,1,0,,,,45.3,0,0,0,0.0
11,2,1,0,,,,46.1,0,0,0,0.0
11,3,1,0,,,,46.3,0,0,0,0.0
11,4,1,0,,,,46.0,0,0,0,0.0
11,5,1,0,,,,44.6,0,0,0,0.0
11,6,1,0,,,,45.2,0,0,0,0.0
11,7,1,0,,,,43.7,0,0,0,0.0
11,8,1,0,,,,44.7,0,0,0,23.0
11,9,1,0,,,,43.9,0,0,0,75.0
11,10,1,0,,,,43.4,0,0,0,160.0
11,11,1,0,,,,43.4,0,0,0,154.0
11,12,1,0,,,,43.1,0,0,0,168.0
11,13,1,0,,,,44.1,0,0,0,149.0
11,14,1,0,,,,46.2,0,0,0,101.0
11,15,1,0,,,,46.1,0,0,0,46.0
11,16,1,0,,,,46.4,0,0,0,0.0
11,17,1,0,,,,47.0,0,0,0,0.0
11,18,1,0,,,,48.2,0,0,0,0.0
11,19,1,0,,,,49.5,0,0,0,0.0
11,20,1,0,,,,48.0,0,0,0,0.0
11,21,1,0,,,,46.7,0,0,0,0.0
11,22,1,0,,,,45.0,0,0,0,0.0
11,23,1,0,,,,49.0,0,0,0,0.0
11,24,1,0,,,,43.9,0,0,0,0.0
11,1,2,0,,,,43.0,0,0,0,0.0
11,2,2,0,,,,44.2,0,0,0,0.0
11,3,2,0,,,,44.1,0,0,0,0.0
11,4,2,0,,,,45.2,0,0,0,0.0
11,5,2,0,,,,45.5,0,0,0,0.0
11,6,2,0,,,,45.2,0,0,0,0.0
11,7,2,0,,,,43.8,0,0,0,0.0
11,8,2,0,,,,46.4,0,0,0,30.0
11,9,2,0,,,,59.7,0,0,0,102.0
11,10,2,0,,,,73.7,0,0,0,233.0
11,11,2,0,,,,83.4,0,0,0,454.0
11,12,2,0,,,,80.2,0,0,0,535.0
11,13,2,0,,,,74.4,0,0,0,651.0
11,14,2,0,,,,72.0,0,0,0,628.0
11,15,2,0,,,,72.1,0,0,0,437.0
11,16,2,0,,,,72.5,0,0,0,9.0
11,17,2,0,,,,71.0,0,0,0,0.0
11,18,2,0,,,,64.4,0,0,0,0.0
11,19,2,0,,,,55.8,0,0,0,0.0
11,20,2,0,,,,50.6,0,0,0,0.0
11,21,2,0,,,,50.6,0,0,0,0.0
11,22,2,0,,,,51.0,0,0,0,0.0
11,23,2,0,,,,49.3,0,0,0,0.0
11,24,2,0,,,,49.2,0,0,0,0.0
11,1,3,0,,,,49.0,0,0,0,0.0
11,2,3,0,,,,47.6,0,0,0,0.0
11,3,3,0,,,,45.8,0,0,0,0.0
11,4,3,0,,,,46.2,0,0,0,0.0
11,5,3,0,,,,46.3,0,0,0,0.0
11,6,3,0,,,,46.6,0,0,0,0.0
11,7,3,0,,,,50.2,0,0,0,0.0
11,8,3,0,,,,48.9,0,0,0,9.0
11,9,3,0,,,,61.0,0,0,0,45.0
11,10,3,0,,,,71.2,0,0,0,89.0
11,11,3,0,,,,76.4,0,0,0,118.0
11,12,3,0,,,,76.3,0,0,0,154.0
11,13,3,0,,,,75.2,0,0,0,271.0
11,14,3,0,,,,74.0,0,0,0,373.0
11,15,3,0,,,,77.8,0,0,0,207.0
11,16,3,0,,,,79.0,0,0,0,2.0
11,17,3,0,,,,73.6,0,0,0,0.0
11,18,3,0,,,,63.7,0,0,0,0.0
11,19,3,0,,,,57.2,0,0,0,0.0
11,20,3,0,,,,53.7,0,0,0,0.0
11,21,3,0,,,,50.2,0,0,0,0.0
11,22,3,0,,,,48.0,0,0,0,0.0
11,23,3,0,,,,48.4,0,0,0,0.0
11,24,3,0,,,,47.2,0,0,0,0.0
11,1,4,0,,,,47.5,0,0,0,0.0
11,2,4,0,,,,47.9,0,0,0,0.0
11,3,4,0,,,,47.6,0,0,0,0.0
11,4,4,0,,,,47.4,0,0,0,0.0
11,5,4,0,,,,48.7,0,0,0,0.0
11,6,4,0,,,,48.7,0,0,0,0.0
11,7,4,0,,,,49.1,0,0,0,0.0
11,8,4,0,,,,50.2,0,0,0,4.0
11,9,4,0,,,,61.8,0,0,0,25.0
11,10,4,0,,,,74.7,0,0,0,49.0
11,11,4,0,,,,82.6,0,0,0,57.0
11,12,4,0,,,,84.0,0,0,0,47.0
11,13,4,0,,,,76.0,0,0,0,33.0
11,14,4,0,,,,78.8,0,0,0,16.0
11,15,4,0,,,,76.9,0,0,0,3.0
11,16,4,0,,,,74.8,0,0,0,0.0
11,17,4,0,,,,71.1,0,0,0,0.0
11,18,4,0,,,,64.8,0,0,0,0.0
11,19,4,0,,,,58.5,0,0,0,0.0
11,20,4,0,,,,52.5,0,0,0,0.0
11,21,4,0,,,,45.4,0,0,0,0.0
11,22,4,0,,,,45.7,0,0,0,0.0
11,23,4,0,,,,46.4,0,0,0,0.0
11,24,4,0,,,,45.3,0,0,0,0.0
11,1,5,0,,,,44.4,0,0,0,0.0
11,2,5,0,,,,45.2,0,0,0,0.0
11,3,5,0,,,,45.7,0,0,0,0.0
11,4,5,0,,,,47.0,0,0,0,0.0
11,5,5,0,,,,45.6,0,0,0,0.0
11,6,5,0,,,,45.6,0,0,0,0.0
11,7,5,0,,,,46.5,0,0,0,0.0
11,8,5,0,,,,48.8,0,0,0,44.0
11,9,5,0,,,,60.8,0,0,0,140.0
11,10,5,0,,,,71.7,0,0,0,321.0
11,11,5,0,,,,70.7,0,0,0,359.0
11,12,5,0,,,,74.3,0,0,0,341.0
11,13,5,0,,,,72.7,0,0,0,249.0
11,14,5,0,,,,70.5,0,0,0,132.0
11,15,5,0,,,,72.8,0,0,0,52.0
11,16,5,0,,,,75.1,0,0,0,0.0
11,17,5,0,,,,71.4,0,0,0,0.0
11,18,5,0,,,,65.3,0,0,0,0.0
11,19,5,0,,,,56.9,0,0,0,0.0
11,20,5,0,,,,55.3,0,0,0,0.0
11,21,5,0,,,,53.6,0,0,0,0.0
11,22,5,0,,,,52.8,0,0,0,0.0
11,23,5,0,,,,51.4,0,0,0,0.0
11,24,5,0,,,,49.8,0,0,0,0.0
11,1,6,0,,,,49.3,0,0,0,0.0
11,2,6,0,,,,49.8,0,0,0,0.0
11,3,6,0,,,,48.9,0,0,0,0.0
11,4,6,0,,,,50.0,0,0,0,0.0
11,5,6,0,,,,50.2,0,0,0,0.0
11,6,6,0,,,,51.9,0,0,0,0.0
11,7,6,0,,,,51.8,0,0,0,0.0
11,8,6,0,,,,55.6,0,0,0,51.0
11,9,6,0,,,,65.1,0,0,0,165.0
11,10,6,0,,,,67.5,0,0,0,300.0
11,11,6,0,,,,72.1,0,0,0,412.0
11,12,6,0,,,,76.2,0,0,0,512.0
11,13,6,0,,,,73.0,0,0,0,579.0
11,14,6,0,,,,73.1,0,0,0,524.0
11,15,6,0,,,,77.5,0,0,0,310.0
11,16,6,0,,,,77.2,0,0,0,0.0
11,17,6,0,,,,74.0,0,0,0,0.0
11,18,6,0,,,,69.2,0,0,0,0.0
11,19,6,0,,,,62.2,0,0,0,0.0
11,20,6,0,,,,58.1,0,0,0,0.0
11,21,6,0,,,,53.7,0,0,0,0.0
11,22,6,0,,,,55.6,0,0,0,0.0
11,23,6,0,,,,55.4,0,0,0,0.0
11,24,6,0,,,,56.0,0,0,0,0.0
11,1,7,0,,,,56.6,0,0,0,0.0
11,2,7,0,,,,57.6,0,0,0,0.0
11,3,7,0,,,,56.4,0,0,0,0.0
11,4,7,0,,,,56.3,0,0,0,0.0
11,5,7,0,,,,57.5,0,0,0,0.0
11,6,7,0,,,,55.2,0,0,0,0.0
11,7,7,0,,,,54.7,0,0,0,0.0
11,8,7,0,,,,53.2,0,0,0,6.0
11,9,7,0,,,,54.2,0,0,0,27.0
11,10,7,0,,,,54.4,0,0,0,55.0
11,11,7,0,,,,54.9,0,0,0,74.0
11,12,7,0,,,,51.0,0,0,0,73.0
11,13,7,0,,,,51.9,0,0,0,60.0
11,14,7,0,,,,53.7,0,0,0,33.0
11,15,7,0,,,,55.4,0,0,0,7.0
11,16,7,0,,,,54.3,0,0,0,0.0
11,17,7,0,,,,54.8,0,0,0,0.0
11,18,7,0,,,,55.0,0,0,0,0.0
11,19,7,0,,,,54.8,0,0,0,0.0
11,20,7,0,,,,53.7,0,0,0,0.0
11,21,7,0,,,,50.9,0,0,0,0.0
11,22,7,0,,,,50.8,0,0,0,0.0
11,23,7,0,,,,51.4,0,0,0,0.0
11,24,7,0,,,,50.2,0,0,0,0.0
11,1,1,0,,,,50.9,0,0,0,0.0
11,2,1,0,,,,49.4,0,0,0,0.0
11,3,1,0,,,,50.8,0,0,0,0.0
11,4,1,0,,,,51.5,0,0,0,0.0
11,5,1,0,,,,51.1,0,0,0,0.0
11,6,1,0,,,,50.1,0,0,0,0.0
11,7,1,0,,,,50.0,0,0,0,0.0
11,8,1,0,,,,48.6,0,0,0,18.0
11,9,1,0,,,,48.3,0,0,0,77.0
11,10,1,0,,,,49.3,0,0,0,136.0
11,11,1,0,,,,48.5,0,0,0,181.0
11,12,1,0,,,,48.8,0,0,0,208.0
11,13,1,0,,,,49.1,0,0,0,127.0
11,14,1,0,,,,50.6,0,0,0,60.0
11,15,1,0,,,,51.0,0,0,0,16.0
11,16,1,0,,,,53.5,0,0,0,0.0
11,17,1,0,,,,52.7,0,0,0,0.0
11,18,1,0,,,,53.3,0,0,0,0.0
11,19,1,0,,,,52.1,0,0,0,0.0
11,20,1,0,,,,52.5,0,0,0,0.0
11,21,1,0,,,,51.9,0,0,0,0.0
11,22,1,0,,,,51.5,0,0,0,0.0
11,23,1,0,,,,53.5,0,0,0,0.0
11,24,1,0,,,,52.2,0,0,0,0.0
11,1,2,0,,,,50.8,0,0,0,0.0
11,2,2,0,,,,50.6,0,0,0,0.0
11,3,2,0,,,,51.8,0,0,0,0.0
11,4,2,0,,,,51.2,0,0,0,0.0
11,5,2,0,,,,51.9,0,0,0,0.0
11,6,2,0,,,,50.4,0,0,0,0.0
11,7,2,0,,,,52.5,0,0,0,0.0
11,8,2,0,,,,57.0,0,0,0,33.0
11,9,2,0,,,,64.9,0,0,0,109.0
11,10,2,0,,,,75.0,0,0,0,162.0
11,11,2,0,,,,80.1,0,0,0,198.0
11,12,2,0,,,,78.9,0,0,0,216.0
11,13,2,0,,,,81.0,0,0,0,153.0
11,14,2,0,,,,80.4,0,0,0,69.0
11,15,2,0,,,,83.3,0,0,0,39.0
11,16,2,0,,,,80.7,0,0,0,0.0
11,17,2,0,,,,80.2,0,0,0,0.0
11,18,2,0,,,,71.0,0,0,0,0.0
11,19,2,0,,,,61.2,0,0,0,0.0
11,20,2,0,,,,55.0,0,0,0,0.0
11,21,2,0,,,,50.6,0,0,0,0.0
11,22,2,0,,,,50.1,0,0,0,0.0
11,23,2,0,,,,50.6,0,0,0,0.0
11,24,2,0,,,,48.8,0,0,0,0.0
11,1,3,0,,,,49.2,0,0,0,0.0
11,2,3,0,,,,49.5,0,0,0,0.0
11,3,3,0,,,,49.6,0,0,0,0.0
11,4,3,0,,,,48.9,0,0,0,0.0
11,5,3,0,,,,49.6,0,0,0,0.0
11,6,3,0,,,,50.0,0,0,0,0.0
11,7,3,0,,,,50.3,0,0,0,0.0
11,8,3,0,,,,53.5,0,0,0,8.0
11,9,3,0,,,,63.0,0,0,0,36.0
11,10,3,0,,,,71.7,0,0,0,51.0
11,11,3,0,,,,84.3,0,0,0,57.0
11,12,3,0,,,,81.8,0,0,0,84.0
11,13,3,0,,,,79.4,0,0,0,87.0
11,14,3,0,,,,82.2,0,0,0,63.0
11,15,3,0,,,,81.3,0,0,0,19.0
11,16,3,0,,,,79.0,0,0,0,0.0
11,17,3,0,,,,73.8,0,0,0,0.0
11,18,3,0,,,,65.4,0,0,0,0.0
11,19,3,0,,,,57.8,0,0,0,0.0
11,20,3,0,,,,54.9,0,0,0,0.0
11,21,3,0,,,,53.9,0,0,0,0.0
11,22,3,0,,,,50.5,0,0,0,0.0
11,23,3,0,,,,51.8,0,0,0,0.0
11,24,3,0,,,,50.6,0,0,0,0.0
11,1,4,0,,,,52.0,0,0,0,0.0
11,2,4,0,,,,52.4,0,0,0,0.0
11,3,4,0,,,,52.5,0,0,0,0.0
11,4,4,0,,,,51.1,0,0,0,0.0
11,5,4,0,,,,49.0,0,0,0,0.0
11,6,4,0,,,,49.9,0,0,0,0.0
11,7,4,0,,,,50.8,0,0,0,0.0
11,8,4,0,,,,52.8,0,0,0,7.0
11,9,4,0,,,,63.8,0,0,0,44.0
11,10,4,0,,,,75.9,0,0,0,106.0
11,11,4,0,,,,77.2,0,0,0,216.0
11,12,4,0,,,,75.2,0,0,0,311.0
11,13,4,0,,,,71.9,0,0,0,295.0
11,14,4,0,,,,74.2,0,0,0,151.0
11,15,4,0,,,,77.3,0,0,0,43.0
11,16,4,0,,,,78.0,0,0,0,0.0
11,17,4,0,,,,81.0,0,0,0,0.0
11,18,4,0,,,,76.1,0,0,0,0.0
11,19,4,0,,,,66.2,0,0,0,0.0
11,20,4,0,,,,60.2,0,0,0,0.0
11,21,4,0,,,,58.0,0,0,0,0.0
11,22,4,0,,,,55.5,0,0,0,0.0
11,23,4,0,,,,56.8,0,0,0,0.0
11,24,4,0,,,,55.8,0,0,0,0.0
11,1,5,0,,,,55.6,0,0,0,0.0
11,2,5,0,,,,55.2,0,0,0,0.0
11,3,5,0,,,,55.8,0,0,0,0.0
11,4,5,0,,,,55.0,0,0,0,0.0
11,5,5,0,,,,53.5,0,0,0,0.0
11,6,5,0,,,,55.4,0,0,0,0.0
11,7,5,0,,,,55.5,0,0,0,0.0
11,8,5,0,,,,58.9,0,0,0,11.0
11,9,5,0,,,,65.2,0,0,0,56.0
11,10,5,0,,,,73.8,0,0,0,111.0
11,11,5,0,,,,77.1,0,0,0,189.0
11,12,5,0,,,,81.9,0,0,0,216.0
11,13,5,0,,,,82.2,0,0,0,216.0
11,14,5,0,,,,74.9,0,0,0,117.0
11,15,5,0,,,,77.2,0,0,0,41.0
11,16,5,0,,,,79.5,0,0,0,0.0
11,17,5,0,,,,74.1,0,0,0,0.0
11,18,5,0,,,,72.0,0,0,0,0.0
11,19,5,0,,,,64.0,0,0,0,0.0
11,20,5,0,,,,58.4,0,0,0,0.0
11,21,5,0,,,,56.1,0,0,0,0.0
11,22,5,0,,,,56.3,0,0,0,0.0
11,23,5,0,,,,55.6,0,0,0,0.0
11,24,5,0,,,,56.2,0,0,0,0.0
11,1,6,0,,,,55.1,0,0,0,0.0
11,2,6,0,,,,57.0,0,0,0,0.0
11,3,6,0,,,,55.6,0,0,0,0.0
11,4,6,0,,,,55.9,0,0,0,0.0
11,5,6,0,,,,55.8,0,0,0,0.0
11,6,6,0,,,,58.2,0,0,0,0.0
11,7,6,0,,,,58.1,0,0,0,0.0
11,8,6,0,,,,58.1,0,0,0,17.0
11,9,6,0,,,,65.1,0,0,0,74.0
11,10,6,0,,,,67.5,0,0,0,139.0
11,11,6,0,,,,72.1,0,0,0,209.0
11,12,6,0,,,,76.2,0,0,0,256.0
11,13,6,0,,,,73.0,0,0,0,210.0
11,14,6,0,,,,73.1,0,0,0,126.0
11,15,6,0,,,,77.5,0,0,0,41.0
11,16,6,0,,,,77.2,0,0,0,0.0
11,17,6,0,,,,74.0,0,0,0,0.0
11,18,6,0,,,,69.2,0,0,0,0.0
11,19,6,0,,,,62.2,0,0,0,0.0
11,20,6,0,,,,58.1,0,0,0,0.0
11,21,6,0,,,,53.7,0,0,0,0.0
11,22,6,0,,,,55.6,0,0,0,0.0
11,23,6,0,,,,55.4,0,0,0,0.0
11,24,6,0,,,,55.0,0,0,0,0.0
11,1,7,0,,,,55.5,0,0,0,0.0
11,2,7,0,,,,55.4,0,0,0,0.0
11,3,7,0,,,,55.9,0,0,0,0.0
11,4,7,0,,,,54.7,0,0,0,0.0
11,5,7,0,,,,56.0,0,0,0,0.0
11,6,7,0,,,,55.2,0,0,0,0.0
11,7,7,0,,,,55.4,0,0,0,0.0
11,8,7,0,,,,54.3,0,0,0,8.0
11,9,7,0,,,,53.0,0,0,0,50.0
11,10,7,0,,,,53.3,0,0,0,98.0
11,11,7,0,,,,51.5,0,0,0,126.0
11,12,7,0,,,,48.0,0,0,0,114.0
11,13,7,0,,,,48.9,0,0,0,95.0
11,14,7,0,,,,53.2,0,0,0,59.0
11,15,7,0,,,,48.7,0,0,0,14.0
11,16,7,0,,,,50.7,0,0,0,0.0
11,17,7,0,,,,52.4,0,0,0,0.0
11,18,7,0,,,,54.4,0,0,0,0.0
11,19,7,0,,,,52.8,0,0,0,0.0
11,20,7,0,,,,51.6,0,0,0,0.0
11,21,7,0,,,,51.4,0,0,0,0.0
11,22,7,0,,,,50.6,0,0,0,0.0
11,23,7,0,,,,49.9,0,0,0,0.0
11,24,7,0,,,,49.6,0,0,0,0.0
11,1,1,0,,,,49.6,0,0,0,0.0
11,2,1,0,,,,49.9,0,0,0,0.0
11,3,1,0,,,,49.6,0,0,0,0.0
11,4,1,0,,,,50.9,0,0,0,0.0
11,5,1,0,,,,50.3,0,0,0,0.0
11,6,1,0,,,,50.3,0,0,0,0.0
11,7,1,0,,,,50.1,0,0,0,0.0
11,8,1,0,,,,49.0,0,0,0,34.0
11,9,1,0,,,,48.2,0,0,0,134.0
11,10,1,0,,,,48.3,0,0,0,219.0
11,11,1,0,,,,49.4,0,0,0,200.0
11,12,1,0,,,,52.8,0,0,0,161.0
11,13,1,0,,,,52.0,0,0,0,109.0
11,14,1,0,,,,52.1,0,0,0,54.0
11,15,1,0,,,,50.3,0,0,0,13.0
11,16,1,0,,,,51.6,0,0,0,0.0
11,17,1,0,,,,52.5,0,0,0,0.0
11,18,1,0,,,,56.6,0,0,0,0.0
11,19,1,0,,,,57.0,0,0,0,0.0
11,20,1,0,,,,59.5,0,0,0,0.0
11,21,1,0,,,,58.5,0,0,0,0.0
11,22,1,0,,,,55.0,0,0,0,0.0
11,23,1,0,,,,54.3,0,0,0,0.0
11,24,1,0,,,,54.1,0,0,0,0.0
11,1,2,0,,,,53.8,0,0,0,0.0
11,2,2,0,,,,53.5,0,0,0,0.0
11,3,2,0,,,,57.5,0,0,0,0.0
11,4,2,0,,,,59.2,0,0,0,0.0
11,5,2,0,,,,54.4,0,0,0,0.0
11,6,2,0,,,,53.5,0,0,0,0.0
11,7,2,0,,,,54.0,0,0,0,0.0
11,8,2,0,,,,56.0,0,0,0,9.0
11,9,2,0,,,,65.9,0,0,0,74.0
11,10,2,0,,,,73.4,0,0,0,163.0
11,11,2,0,,,,82.2,0,0,0,206.0
11,12,2,0,,,,84.5,0,0,0,153.0
11,13,2,0,,,,83.4,0,0,0,118.0
11,14,2,0,,,,81.2,0,0,0,67.0
11,15,2,0,,,,86.6,0,0,0,17.0
11,16,2,0,,,,86.9,0,0,0,0.0
11,17,2,0,,,,82.8,0,0,0,0.0
11,18,2,0,,,,71.7,0,0,0,0.0
11,19,2,0,,,,67.6,0,0,0,0.0
11,20,2,0,,,,62.6,0,0,0,0.0
11,21,2,0,,,,57.6,0,0,0,0.0
11,22,2,0,,,,56.9,0,0,0,0.0
11,23,2,0,,,,57.7,0,0,0,0.0
11,24,2,0,,,,57.4,0,0,0,0.0
11,1,3,0,,,,56.5,0,0,0,0.0
11,2,3,0,,,,57.2,0,0,0,0.0
11,3,3,0,,,,54.0,0,0,0,0.0
11,4,3,0,,,,52.5,0,0,0,0.0
11,5,3,0,,,,54.2,0,0,0,0.0
11,6,3,0,,,,55.2,0,0,0,0.0
11,7,3,0,,,,55.3,0,0,0,0.0
11,8,3,0,,,,57.0,0,0,0,4.0
11,9,3,0,,,,66.1,0,0,0,34.0
11,10,3,0,,,,75.8,0,0,0,71.0
11,11,3,0,,,,79.5,0,0,0,97.0
11,12,3,0,,,,76.1,0,0,0,101.0
11,13,3,0,,,,78.0,0,0,0,88.0
11,14,3,0,,,,78.0,0,0,0,60.0
11,15,3,0,,,,78.0,0,0,0,19.0
11,16,3,0,,,,83.0,0,0,0,0.0
11,17,3,0,,,,78.0,0,0,0,0.0
11,18,3,0,,,,72.0,0,0,0,0.0
11,19,3,0,,,,64.4,0,0,0,0.0
11,20,3,0,,,,59.4,0,0,0,0.0
11,21,3,0,,,,52.8,0,0,0,0.0
11,22,3,0,,,,51.5,0,0,0,0.0
11,23,3,0,,,,52.3,0,0,0,0.0
11,24,3,0,,,,50.9,0,0,0,0.0
12,1,4,0,,,,50.2,0,0,0,0.0
12,2,4,0,,,,50.7,0,0,0,0.0
12,3,4,0,,,,52.3,0,0,0,0.0
12,4,4,0,,,,53.8,0,0,0,0.0
12,5,4,0,,,,52.8,0,0,0,0.0
12,6,4,0,,,,51.9,0,0,0,0.0
12,7,4,0,,,,53.2,0,0,0,0.0
12,8,4,0,,,,56.1,0,0,0,74.0
12,9,4,0,,,,67.7,0,0,0,338.0
12,10,4,0,,,,80.2,0,0,0,521.0
12,11,4,0,,,,85.5,0,0,0,518.0
12,12,4,0,,,,82.3,0,0,0,444.0
12,13,4,0,,,,81.2,0,0,0,271.0
12,14,4,0,,,,78.3,0,0,0,81.0
12,15,4,0,,,,79.1,0,0,0,12.0
12,16,4,0,,,,78.5,0,0,0,0.0
12,17,4,0,,,,80.5,0,0,0,0.0
12,18,4,0,,,,69.0,0,0,0,0.0
12,19,4,0,,,,61.0,0,0,0,0.0
12,20,4,0,,,,55.2,0,0,0,0.0
12,21,4,0,,,,53.0,0,0,0,0.0
12,22,4,0,,,,52.9,0,0,0,0.0
12,23,4,0,,,,51.8,0,0,0,0.0
12,24,4,0,,,,50.0,0,0,0,0.0
12,1,5,0,,,,50.9,0,0,0,0.0
12,2,5,0,,,,51.7,0,0,0,0.0
12,3,5,0,,,,51.8,0,0,0,0.0
12,4,5,0,,,,53.0,0,0,0,0.0
12,5,5,0,,,,51.8,0,0,0,0.0
12,6,5,0,,,,53.2,0,0,0,0.0
12,7,5,0,,,,52.3,0,0,0,0.0
12,8,5,0,,,,52.9,0,0,0,5.0
12,9,5,0,,,,59.7,0,0,0,38.0
12,10,5,0,,,,75.4,0,0,0,57.0
12,11,5,0,,,,79.0,0,0,0,62.0
12,12,5,0,,,,82.6,0,0,0,59.0
12,13,5,0,,,,80.2,0,0,0,52.0
12,14,5,0,,,,80.1,0,0,0,30.0
12,15,5,0,,,,80.3,0,0,0,6.0
12,16,5,0,,,,80.4,0,0,0,0.0
12,17,5,0,,,,80.2,0,0,0,0.0
12,18,5,0,,,,71.5,0,0,0,0.0
12,19,5,0,,,,66.5,0,0,0,0.0
12,20,5,0,,,,63.1,0,0,0,0.0
12,21,5,0,,,,61.6,0,0,0,0.0
12,22,5,0,,,,61.6,0,0,0,0.0
12,23,5,0,,,,60.9,0,0,0,0.0
12,24,5,0,,,,57.8,0,0,0,0.0
12,1,6,0,,,,57.4,0,0,0,0.0
12,2,6,0,,,,58.3,0,0,0,0.0
12,3,6,0,,,,58.7,0,0,0,0.0
12,4,6,0,,,,58.8,0,0,0,0.0
12,5,6,0,,,,58.4,0,0,0,0.0
12,6,6,0,,,,57.1,0,0,0,0.0
12,7,6,0,,,,59.6,0,0,0,0.0
12,8,6,0,,,,59.4,0,0,0,16.0
12,9,6,0,,,,68.0,0,0,0,93.0
12,10,6,0,,,,73.4,0,0,0,179.0
12,11,6,0,,,,79.2,0,0,0,284.0
12,12,6,0,,,,81.3,0,0,0,391.0
12,13,6,0,,,,77.6,0,0,0,555.0
12,14,6,0,,,,80.0,0,0,0,504.0
12,15,6,0,,,,78.4,0,0,0,191.0
12,16,6,0,,,,81.9,0,0,0,0.0
12,17,6,0,,,,77.3,0,0,0,0.0
12,18,6,0,,,,65.9,0,0,0,0.0
12,19,6,0,,,,55.8,0,0,0,0.0
12,20,6,0,,,,49.9,0,0,0,0.0
12,21,6,0,,,,47.8,0,0,0,0.0
12,22,6,0,,,,47.4,0,0,0,0.0
12,23,6,0,,,,46.2,0,0,0,0.0
12,24,6,0,,,,45.9,0,0,0,0.0
12,1,7,0,,,,45.5,0,0,0,0.0
12,2,7,0,,,,44.6,0,0,0,0.0
12,3,7,0,,,,44.4,0,0,0,0.0
12,4,7,0,,,,44.6,0,0,0,0.0
12,5,7,0,,,,44.6,0,0,0,0.0
12,6,7,0,,,,44.8,0,0,0,0.0
12,7,7,0,,,,44.1,0,0,0,0.0
12,8,7,0,,,,44.0,0,0,0,0.0
12,9,7,0,,,,43.5,0,0,0,8.0
12,10,7,0,,,,43.2,0,0,0,20.0
12,11,7,0,,,,43.7,0,0,0,35.0
12,12,7,0,,,,44.8,0,0,0,41.0
12,13,7,0,,,,45.6,0,0,0,30.0
12,14,7,0,,,,46.0,0,0,0,10.0
12,15,7,0,,,,45.9,0,0,0,0.0
12,16,7,0,,,,46.7,0,0,0,0.0
12,17,7,0,,,,47.1,0,0,0,0.0
12,18,7,0,,,,43.8,0,0,0,0.0
12,19,7,0,,,,34.0,0,0,0,0.0
12,20,7,0,,,,33.0,0,0,0,0.0
12,21,7,0,,,,33.2,0,0,0,0.0
12,22,7,0,,,,33.1,0,0,0,0.0
12,23,7,0,,,,33.5,0,0,0,0.0
12,24,7,0,,,,33.4,0,0,0,0.0
12,1,1,0,,,,35.6,0,0,0,0.0
12,2,1,0,,,,36.4,0,0,0,0.0
12,3,1,0,,,,36.5,0,0,0,0.0
12,4,1,0,,,,35.5,0,0,0,0.0
12,5,1,0,,,,34.8,0,0,0,0.0
12,6,1,0,,,,34.9,0,0,0,0.0
12,7,1,0,,,,34.1,0,0,0,0.0
12,8,1,0,,,,33.6,0,0,0,11.0
12,9,1,0,,,,32.2,0,0,0,63.0
12,10,1,0,,,,33.2,0,0,0,105.0
12,11,1,0,,,,33.3,0,0,0,153.0
12,12,1,0,,,,33.2,0,0,0,207.0
12,13,1,0,,,,38.6,0,0,0,153.0
12,14,1,0,,,,40.6,0,0,0,75.0
12,15,1,0,,,,41.1,0,0,0,10.0
12,16,1,0,,,,43.2,0,0,0,0.0
12,17,1,0,,,,43.5,0,0,0,0.0
12,18,1,0,,,,45.0,0,0,0,0.0
12,19,1,0,,,,45.2,0,0,0,0.0
12,20,1,0,,,,45.6,0,0,0,0.0
12,21,1,0,,,,44.8,0,0,0,0.0
12,22,1,0,,,,43.4,0,0,0,0.0
12,23,1,0,,,,42.9,0,0,0,0.0
12,24,1,0,,,,42.5,0,0,0,0.0
12,1,2,0,,,,42.5,0,0,0,0.0
12,2,2,0,,,,42.8,0,0,0,0.0
12,3,2,0,,,,42.6,0,0,0,0.0
12,4,2,0,,,,43.0,0,0,0,0.0
12,5,2,0,,,,43.0,0,0,0,0.0
12,6,2,0,,,,43.7,0,0,0,0.0
12,7,2,0,,,,42.6,0,0,0,0.0
12,8,2,0,,,,45.9,0,0,0,31.0
12,9,2,0,,,,52.4,0,0,0,132.0
12,10,2,0,,,,62.8,0,0,0,243.0
12,11,2,0,,,,66.6,0,0,0,321.0
12,12,2,0,,,,69.0,0,0,0,358.0
12,13,2,0,,,,64.3,0,0,0,364.0
12,14,2,0,,,,67.7,0,0,0,287.0
12,15,2,0,,,,73.9,0,0,0,89.0
12,16,2,0,,,,70.8,0,0,0,0.0
12,17,2,0,,,,69.9,0,0,0,0.0
12,18,2,0,,,,70.1,0,0,0,0.0
12,19,2,0,,,,57.0,0,0,0,0.0
12,20,2,0,,,,54.1,0,0,0,0.0
12,21,2,0,,,,52.0,0,0,0,0.0
12,22,2,0,,,,51.9,0,0,0,0.0
12,23,2,0,,,,50.9,0,0,0,0.0
12,24,2,0,,,,52.0,0,0,0,0.0
12,1,3,0,,,,52.2,0,0,0,0.0
12,2,3,0,,,,50.2,0,0,0,0.0
12,3,3,0,,,,49.5,0,0,0,0.0
12,4,3,0,,,,50.0,0,0,0,0.0
12,5,3,0,,,,50.2,0,0,0,0.0
12,6,3,0,,,,50.1,0,0,0,0.0
12,7,3,0,,,,49.6,0,0,0,0.0
12,8,3,0,,,,51.9,0,0,0,60.0
12,9,3,0,,,,66.6,0,0,0,228.0
12,10,3,0,,,,77.5,0,0,0,421.0
12,11,3,0,,,,77.7,0,0,0,481.0
12,12,3,0,,,,76.2,0,0,0,434.0
12,13,3,0,,,,78.2,0,0,0,331.0
12,14,3,0,,,,70.8,0,0,0,192.0
12,15,3,0,,,,72.2,0,0,0,44.0
12,16,3,0,,,,74.2,0,0,0,0.0
12,17,3,0,,,,73.3,0,0,0,0.0
12,18,3,0,,,,63.0,0,0,0,0.0
12,19,3,0,,,,57.8,0,0,0,0.0
12,20,3,0,,,,53.9,0,0,0,0.0
12,21,3,0,,,,50.1,0,0,0,0.0
12,22,3,0,,,,49.3,0,0,0,0.0
12,23,3,0,,,,48.4,0,0,0,0.0
12,24,3,0,,,,47.0,0,0,0,0.0
12,1,4,0,,,,48.1,0,0,0,0.0
12,2,4,0,,,,46.1,0,0,0,0.0
12,3,4,0,,,,45.0,0,0,0,0.0
12,4,4,0,,,,45.1,0,0,0,0.0
12,5,4,0,,,,44.9,0,0,0,0.0
12,6,4,0,,,,45.0,0,0,0,0.0
12,7,4,0,,,,44.8,0,0,0,0.0
12,8,4,0,,,,48.0,0,0,0,5.0
12,9,4,0,,,,56.1,0,0,0,49.0
12,10,4,0,,,,64.8,0,0,0,142.0
12,11,4,0,,,,68.0,0,0,0,212.0
12,12,4,0,,,,78.1,0,0,0,229.0
12,13,4,0,,,,78.2,0,0,0,208.0
12,14,4,0,,,,77.3,0,0,0,144.0
12,15,4,0,,,,76.2,0,0,0,41.0
12,16,4,0,,,,77.0,0,0,0,0.0
12,17,4,0,,,,75.7,0,0,0,0.0
12,18,4,0,,,,69.7,0,0,0,0.0
12,19,4,0,,,,62.0,0,0,0,0.0
12,20,4,0,,,,55.1,0,0,0,0.0
12,21,4,0,,,,53.6,0,0,0,0.0
12,22,4,0,,,,53.0,0,0,0,0.0
12,23,4,0,,,,53.8,0,0,0,0.0
12,24,4,0,,,,53.8,0,0,0,0.0
12,1,5,0,,,,53.8,0,0,0,0.0
12,2,5,0,,,,54.2,0,0,0,0.0
12,3,5,0,,,,54.0,0,0,0,0.0
12,4,5,0,,,,53.2,0,0,0,0.0
12,5,5,0,,,,53.4,0,0,0,0.0
12,6,5,0,,,,52.2,0,0,0,0.0
12,7,5,0,,,,53.2,0,0,0,0.0
12,8,5,0,,,,54.9,0,0,0,51.0
12,9,5,0,,,,67.5,0,0,0,219.0
12,10,5,0,,,,70.3,0,0,0,421.0
12,11,5,0,,,,71.8,0,0,0,643.0
12,12,5,0,,,,73.8,0,0,0,665.0
12,13,5,0,,,,74.7,0,0,0,612.0
12,14,5,0,,,,75.1,0,0,0,463.0
12,15,5,0,,,,77.5,0,0,0,136.0
12,16,5,0,,,,79.9,0,0,0,0.0
12,17,5,0,,,,76.2,0,0,0,0.0
12,18,5,0,,,,66.1,0,0,0,0.0
12,19,5,0,,,,58.4,0,0,0,0.0
12,20,5,0,,,,54.9,0,0,0,0.0
12,21,5,0,,,,53.6,0,0,0,0.0
12,22,5,0,,,,54.9,0,0,0,0.0
12,23,5,0,,,,53.4,0,0,0,0.0
12,24,5,0,,,,51.1,0,0,0,0.0
12,1,6,0,,,,50.6,0,0,0,0.0
12,2,6,0,,,,51.1,0,0,0,0.0
12,3,6,0,,,,51.4,0,0,0,0.0
12,4,6,0,,,,51.0,0,0,0,0.0
12,5,6,0,,,,50.5,0,0,0,0.0
12,6,6,0,,,,50.0,0,0,0,0.0
12,7,6,0,,,,50.4,0,0,0,0.0
12,8,6,0,,,,54.2,0,0,0,0.0
12,9,6,0,,,,58.4,0,0,0,5.0
12,10,6,0,,,,71.0,0,0,0,34.0
12,11,6,0,,,,72.5,0,0,0,77.0
12,12,6,0,,,,70.8,0,0,0,123.0
12,13,6,0,,,,72.9,0,0,0,106.0
12,14,6,0,,,,72.7,0,0,0,59.0
12,15,6,0,,,,74.1,0,0,0,10.0
12,16,6,0,,,,74.0,0,0,0,0.0
12,17,6,0,,,,69.7,0,0,0,0.0
12,18,6,0,,,,62.6,0,0,0,0.0
12,19,6,0,,,,53.8,0,0,0,0.0
12,20,6,0,,,,49.8,0,0,0,0.0
12,21,6,0,,,,51.0,0,0,0,0.0
12,22,6,0,,,,48.0,0,0,0,0.0
12,23,6,0,,,,48.0,0,0,0,0.0
12,24,6,0,,,,47.1,0,0,0,0.0
12,1,7,0,,,,46.9,0,0,0,0.0
12,2,7,0,,,,47.4,0,0,0,0.0
12,3,7,0,,,,48.6,0,0,0,0.0
12,4,7,0,,,,47.5,0,0,0,0.0
12,5,7,0,,,,47.6,0,0,0,0.0
12,6,7,0,,,,46.8,0,0,0,0.0
12,7,7,0,,,,47.1,0,0,0,0.0
12,8,7,0,,,,47.6,0,0,0,1.0
12,9,7,0,,,,47.4,0,0,0,24.0
12,10,7,0,,,,48.7,0,0,0,82.0
12,11,7,0,,,,48.8,0,0,0,162.0
12,12,7,0,,,,48.4,0,0,0,254.0
12,13,7,0,,,,48.3,0,0,0,234.0
12,14,7,0,,,,45.7,0,0,0,135.0
12,15,7,0,,,,45.2,0,0,0,31.0
12,16,7,0,,,,43.9,0,0,0,0.0
12,17,7,0,,,,46.5,0,0,0,0.0
12,18,7,0,,,,47.2,0,0,0,0.0
12,19,7,0,,,,49.0,0,0,0,0.0
12,20,7,0,,,,47.8,0,0,0,0.0
12,21,7,0,,,,48.2,0,0,0,0.0
12,22,7,0,,,,47.7,0,0,0,0.0
12,23,7,0,,,,46.8,0,0,0,0.0
12,24,7,0,,,,48.6,0,0,0,0.0
12,1,1,0,,,,46.3,0,0,0,0.0
12,2,1,0,,,,48.8,0,0,0,0.0
12,3,1,0,,,,49.2,0,0,0,0.0
12,4,1,0,,,,49.4,0,0,0,0.0
12,5,1,0,,,,49.4,0,0,0,0.0
12,6,1,0,,,,49.2,0,0,0,0.0
12,7,1,0,,,,47.5,0,0,0,0.0
12,8,1,0,,,,49.8,0,0,0,17.0
12,9,1,0,,,,49.0,0,0,0,92.0
12,10,1,0,,,,48.2,0,0,0,222.0
12,11,1,0,,,,48.6,0,0,0,267.0
12,12,1,0,,,,47.5,0,0,0,254.0
12,13,1,0,,,,46.4,0,0,0,158.0
12,14,1,0,,,,48.2,0,0,0,68.0
12,15,1,0,,,,47.4,0,0,0,6.0
12,16,1,0,,,,46.6,0,0,0,0.0
12,17,1,0,,,,48.9,0,0,0,0.0
12,18,1,0,,,,47.5,0,0,0,0.0
12,19,1,0,,,,48.1,0,0,0,0.0
12,20,1,0,,,,48.2,0,0,0,0.0
12,21,1,0,,,,49.2,0,0,0,0.0
12,22,1,0,,,,47.3,0,0,0,0.0
12,23,1,0,,,,49.8,0,0,0,0.0
12,24,1,0,,,,48.0,0,0,0,0.0
12,1,2,0,,,,44.5,0,0,0,0.0
12,2,2,0,,,,45.0,0,0,0,0.0
12,3,2,0,,,,45.4,0,0,0,0.0
12,4,2,0,,,,47.3,0,0,0,0.0
12,5,2,0,,,,46.1,0,0,0,0.0
12,6,2,0,,,,46.2,0,0,0,0.0
12,7,2,0,,,,47.2,0,0,0,0.0
12,8,2,0,,,,51.2,0,0,0,17.0
12,9,2,0,,,,56.7,0,0,0,79.0
12,10,2,0,,,,61.5,0,0,0,134.0
12,11,2,0,,,,68.8,0,0,0,182.0
12,12,2,0,,,,70.7,0,0,0,253.0
12,13,2,0,,,,67.8,0,0,0,200.0
12,14,2,0,,,,71.1,0,0,0,89.0
12,15,2,0,,,,71.1,0,0,0,6.0
12,16,2,0,,,,72.6,0,0,0,0.0
12,17,2,0,,,,67.1,0,0,0,0.0
12,18,2,0,,,,61.7,0,0,0,0.0
12,19,2,0,,,,55.4,0,0,0,0.0
12,20,2,0,,,,53.4,0,0,0,0.0
12,21,2,0,,,,53.6,0,0,0,0.0
12,22,2,0,,,,53.2,0,0,0,0.0
12,23,2,0,,,,51.2,0,0,0,0.0
12,24,2,0,,,,50.7,0,0,0,0.0
12,1,3,0,,,,49.8,0,0,0,0.0
12,2,3,0,,,,50.4,0,0,0,0.0
12,3,3,0,,,,51.0,0,0,0,0.0
12,4,3,0,,,,51.9,0,0,0,0.0
12,5,3,0,,,,51.4,0,0,0,0.0
12,6,3,0,,,,51.6,0,0,0,0.0
12,7,3,0,,,,51.4,0,0,0,0.0
12,8,3,0,,,,53.9,0,0,0,21.0
12,9,3,0,,,,55.1,0,0,0,131.0
12,10,3,0,,,,65.2,0,0,0,309.0
12,11,3,0,,,,74.8,0,0,0,441.0
12,12,3,0,,,,74.7,0,0,0,458.0
12,13,3,0,,,,76.6,0,0,0,382.0
12,14,3,0,,,,75.4,0,0,0,230.0
12,15,3,0,,,,76.3,0,0,0,49.0
12,16,3,0,,,,78.3,0,0,0,0.0
12,17,3,0,,,,76.0,0,0,0,0.0
12,18,3,0,,,,70.5,0,0,0,0.0
12,19,3,0,,,,61.1,0,0,0,0.0
12,20,3,0,,,,55.8,0,0,0,0.0
12,21,3,0,,,,55.3,0,0,0,0.0
12,22,3,0,,,,50.1,0,0,0,0.0
12,23,3,0,,,,47.8,0,0,0,0.0
12,24,3,0,,,,48.5,0,0,0,0.0
12,1,4,0,,,,50.3,0,0,0,0.0
12,2,4,0,,,,49.8,0,0,0,0.0
12,3,4,0,,,,49.0,0,0,0,0.0
12,4,4,0,,,,48.1,0,0,0,0.0
12,5,4,0,,,,48.9,0,0,0,0.0
12,6,4,0,,,,48.2,0,0,0,0.0
12,7,4,0,,,,49.1,0,0,0,0.0
12,8,4,0,,,,55.2,0,0,0,4.0
12,9,4,0,,,,58.4,0,0,0,13.0
12,10,4,0,,,,65.5,0,0,0,20.0
12,11,4,0,,,,73.6,0,0,0,24.0
12,12,4,0,,,,75.6,0,0,0,33.0
12,13,4,0,,,,72.2,0,0,0,28.0
12,14,4,0,,,,74.0,0,0,0,11.0
12,15,4,0,,,,76.0,0,0,0,0.0
12,16,4,0,,,,77.7,0,0,0,0.0
12,17,4,0,,,,71.0,0,0,0,0.0
12,18,4,0,,,,60.4,0,0,0,0.0
12,19,4,0,,,,55.1,0,0,0,0.0
12,20,4,0,,,,52.4,0,0,0,0.0
12,21,4,0,,,,49.1,0,0,0,0.0
12,22,4,0,,,,47.4,0,0,0,0.0
12,23,4,0,,,,47.8,0,0,0,0.0
12,24,4,0,,,,47.2,0,0,0,0.0
12,1,5,0,,,,46.8,0,0,0,0.0
12,2,5,0,,,,46.3,0,0,0,0.0
12,3,5,0,,,,46.6,0,0,0,0.0
12,4,5,0,,,,46.7,0,0,0,0.0
12,5,5,0,,,,45.7,0,0,0,0.0
12,6,5,0,,,,46.7,0,0,0,0.0
12,7,5,0,,,,47.5,0,0,0,0.0
12,8,5,0,,,,48.7,0,0,0,0.0
12,9,5,0,,,,54.1,0,0,0,6.0
12,10,5,0,,,,66.2,0,0,0,21.0
12,11,5,0,,,,72.4,0,0,0,33.0
12,12,5,0,,,,72.2,0,0,0,44.0
12,13,5,0,,,,67.9,0,0,0,46.0
12,14,5,0,,,,72.4,0,0,0,35.0
12,15,5,0,,,,72.2,0,0,0,3.0
12,16,5,0,,,,76.1,0,0,0,0.0
12,17,5,0,,,,66.9,0,0,0,0.0
12,18,5,0,,,,60.8,0,0,0,0.0
12,19,5,0,,,,55.4,0,0,0,0.0
12,20,5,0,,,,53.4,0,0,0,0.0
12,21,5,0,,,,51.6,0,0,0,0.0
12,22,5,0,,,,54.8,0,0,0,0.0
12,23,5,0,,,,54.0,0,0,0,0.0
12,24,5,0,,,,52.5,0,0,0,0.0
12,1,6,0,,,,52.6,0,0,0,0.0
12,2,6,0,,,,53.4,0,0,0,0.0
12,3,6,0,,,,53.0,0,0,0,0.0
12,4,6,0,,,,51.9,0,0,0,0.0
12,5,6,0,,,,52.4,0,0,0,0.0
12,6,6,0,,,,52.6,0,0,0,0.0
12,7,6,0,,,,53.6,0,0,0,0.0
12,8,6,0,,,,58.6,0,0,0,19.0
12,9,6,0,,,,62.1,0,0,0,161.0
12,10,6,0,,,,70.0,0,0,0,316.0
12,11,6,0,,,,68.9,0,0,0,391.0
12,12,6,0,,,,68.5,0,0,0,346.0
12,13,6,0,,,,65.4,0,0,0,231.0
12,14,6,0,,,,64.6,0,0,0,122.0
12,15,6,0,,,,68.0,0,0,0,22.0
12,16,6,0,,,,71.1,0,0,0,0.0
12,17,6,0,,,,68.5,0,0,0,0.0
12,18,6,0,,,,62.6,0,0,0,0.0
12,19,6,0,,,,59.0,0,0,0,0.0
12,20,6,0,,,,51.9,0,0,0,0.0
12,21,6,0,,,,50.4,0,0,0,0.0
12,22,6,0,,,,48.6,0,0,0,0.0
12,23,6,0,,,,47.6,0,0,0,0.0
12,24,6,0,,,,48.3,0,0,0,0.0
12,1,7,0,,,,48.9,0,0,0,0.0
12,2,7,0,,,,49.5,0,0,0,0.0
12,3,7,0,,,,48.3,0,0,0,0.0
12,4,7,0,,,,48.6,0,0,0,0.0
12,5,7,0,,,,50.0,0,0,0,0.0
12,6,7,0,,,,45.0,0,0,0,0.0
12,7,7,0,,,,22.6,0,0,0,0.0
12,8,7,0,,,,48.6,0,0,0,28.0
12,9,7,0,,,,33.0,0,0,0,158.0
12,10,7,0,,,,42.7,0,0,0,233.0
12,11,7,0,,,,44.8,0,0,0,191.0
12,12,7,0,,,,44.0,0,0,0,123.0
12,13,7,0,,,,47.5,0,0,0,59.0
12,14,7,0,,,,44.2,0,0,0,17.0
12,15,7,0,,,,45.6,0,0,0,0.0
12,16,7,0,,,,48.9,0,0,0,0.0
12,17,7,0,,,,51.4,0,0,0,0.0
12,18,7,0,,,,46.3,0,0,0,0.0
12,19,7,0,,,,46.0,0,0,0,0.0
12,20,7,0,,,,47.8,0,0,0,0.0
12,21,7,0,,,,46.8,0,0,0,0.0
12,22,7,0,,,,45.5,0,0,0,0.0
12,23,7,0,,,,46.2,0,0,0,0.0
12,24,7,0,,,,45.9,0,0,0,0.0
12,1,1,0,,,,45.8,0,0,0,0.0
12,2,1,0,,,,47.5,0,0,0,0.0
12,3,1,0,,,,48.3,0,0,0,0.0
12,4,1,0,,,,49.1,0,0,0,0.0
12,5,1,0,,,,49.2,0,0,0,0.0
12,6,1,0,,,,46.7,0,0,0,0.0
12,7,1,0,,,,48.0,0,0,0,0.0
12,8,1,0,,,,47.6,0,0,0,42.0
12,9,1,0,,,,47.1,0,0,0,189.0
12,10,1,0,,,,48.7,0,0,0,330.0
12,11,1,0,,,,48.6,0,0,0,439.0
12,12,1,0,,,,44.8,0,0,0,368.0
12,13,1,0,,,,52.4,0,0,0,252.0
12,14,1,0,,,,55.2,0,0,0,116.0
12,15,1,0,,,,52.9,0,0,0,17.0
12,16,1,0,,,,53.2,0,0,0,0.0
12,17,1,0,,,,55.5,0,0,0,0.0
12,18,1,0,,,,54.6,0,0,0,0.0
12,19,1,0,,,,50.6,0,0,0,0.0
12,20,1,0,,,,47.4,0,0,0,0.0
12,21,1,0,,,,49.2,0,0,0,0.0
12,22,1,0,,,,50.4,0,0,0,0.0
12,23,1,0,,,,51.0,0,0,0,0.0
12,24,1,0,,,,49.1,0,0,0,0.0
12,1,2,0,,,,50.3,0,0,0,0.0
12,2,2,0,,,,50.2,0,0,0,0.0
12,3,2,0,,,,51.6,0,0,0,0.0
12,4,2,0,,,,50.8,0,0,0,0.0
12,5,2,0,,,,50.8,0,0,0,0.0
12,6,2,0,,,,50.2,0,0,0,0.0
12,7,2,0,,,,49.6,0,0,0,0.0
12,8,2,0,,,,49.1,0,0,0,5.0
12,9,2,0,,,,51.2,0,0,0,35.0
12,10,2,0,,,,60.3,0,0,0,70.0
12,11,2,0,,,,68.6,0,0,0,82.0
12,12,2,0,,,,77.5,0,0,0,86.0
12,13,2,0,,,,74.3,0,0,0,72.0
12,14,2,0,,,,73.1,0,0,0,39.0
12,15,2,0,,,,74.9,0,0,0,4.0
12,16,2,0,,,,74.0,0,0,0,0.0
12,17,2,0,,,,70.3,0,0,0,0.0
12,18,2,0,,,,66.8,0,0,0,0.0
12,19,2,0,,,,62.4,0,0,0,0.0
12,20,2,0,,,,55.9,0,0,0,0.0
12,21,2,0,,,,55.1,0,0,0,0.0
12,22,2,0,,,,56.1,0,0,0,0.0
12,23,2,0,,,,55.3,0,0,0,0.0
12,24,2,0,,,,54.5,0,0,0,0.0
12,1,3,0,,,,53.8,0,0,0,0.0
12,2,3,0,,,,57.1,0,0,0,0.0
12,3,3,0,,,,55.8,0,0,0,0.0
12,4,3,0,,,,55.3,0,0,0,0.0
12,5,3,0,,,,55.1,0,0,0,0.0
12,6,3,0,,,,55.6,0,0,0,0.0
12,7,3,0,,,,55.4,0,0,0,0.0
12,8,3,0,,,,56.8,0,0,0,45.0
12,9,3,0,,,,56.2,0,0,0,230.0
12,10,3,0,,,,61.2,0,0,0,376.0
12,11,3,0,,,,68.2,0,0,0,425.0
12,12,3,0,,,,66.4,0,0,0,389.0
12,13,3,0,,,,67.6,0,0,0,311.0
12,14,3,0,,,,66.3,0,0,0,177.0
12,15,3,0,,,,67.8,0,0,0,26.0
12,16,3,0,,,,65.5,0,0,0,0.0
12,17,3,0,,,,66.5,0,0,0,0.0
12,18,3,0,,,,64.0,0,0,0,0.0
12,19,3,0,,,,58.7,0,0,0,0.0
12,20,3,0,,,,57.8,0,0,0,0.0
12,21,3,0,,,,55.8,0,0,0,0.0
12,22,3,0,,,,53.5,0,0,0,0.0
12,23,3,0,,,,52.1,0,0,0,0.0
12,24,3,0,,,,50.7,0,0,0,0.0
12,1,4,0,,,,48.7,0,0,0,0.0
12,2,4,0,,,,49.7,0,0,0,0.0
12,3,4,0,,,,49.9,0,0,0,0.0
12,4,4,0,,,,49.8,0,0,0,0.0
12,5,4,0,,,,48.3,0,0,0,0.0
12,6,4,0,,,,49.2,0,0,0,0.0
12,7,4,0,,,,49.8,0,0,0,0.0
12,8,4,0,,,,52.6,0,0,0,2.0
12,9,4,0,,,,52.9,0,0,0,34.0
12,10,4,0,,,,55.3,0,0,0,102.0
12,11,4,0,,,,59.4,0,0,0,151.0
12,12,4,0,,,,60.8,0,0,0,207.0
12,13,4,0,,,,61.3,0,0,0,214.0
12,14,4,0,,,,58.6,0,0,0,128.0
12,15,4,0,,,,60.8,0,0,0,18.0
12,16,4,0,,,,63.2,0,0,0,0.0
12,17,4,0,,,,62.1,0,0,0,0.0
12,18,4,0,,,,57.4,0,0,0,0.0
12,19,4,0,,,,53.0,0,0,0,0.0
12,20,4,0,,,,51.5,0,0,0,0.0
12,21,4,0,,,,49.4,0,0,0,0.0
12,22,4,0,,,,46.4,0,0,0,0.0
12,23,4,0,,,,46.8,0,0,0,0.0
12,24,4,0,,,,47.5,0,0,0,0.0
12,1,5,0,,,,46.8,0,0,0,0.0
12,2,5,0,,,,47.3,0,0,0,0.0
12,3,5,0,,,,49.2,0,0,0,0.0
12,4,5,0,,,,46.7,0,0,0,0.0
12,5,5,0,,,,47.9,0,0,0,0.0
12,6,5,0,,,,45.2,0,0,0,0.0
12,7,5,0,,,,45.8,0,0,0,0.0
12,8,5,0,,,,48.8,0,0,0,18.0
12,9,5,0,,,,49.9,0,0,0,96.0
12,10,5,0,,,,53.0,0,0,0,136.0
12,11,5,0,,,,56.2,0,0,0,151.0
12,12,5,0,,,,55.5,0,0,0,166.0
12,13,5,0,,,,53.4,0,0,0,139.0
12,14,5,0,,,,53.6,0,0,0,79.0
12,15,5,0,,,,53.3,0,0,0,13.0
12,16,5,0,,,,51.8,0,0,0,0.0
12,17,5,0,,,,50.9,0,0,0,0.0
12,18,5,0,,,,48.1,0,0,0,0.0
12,19,5,0,,,,46.2,0,0,0,0.0
12,20,5,0,,,,46.5,0,0,0,0.0
12,21,5,0,,,,44.8,0,0,0,0.0
12,22,5,0,,,,44.7,0,0,0,0.0
12,23,5,0,,,,44.4,0,0,0,0.0
12,24,5,0,,,,45.0,0,0,0,0.0
12,1,6,0,,,,44.6,0,0,0,0.0
12,2,6,0,,,,45.9,0,0,0,0.0
12,3,6,0,,,,45.4,0,0,0,0.0
12,4,6,0,,,,45.9,0,0,0,0.0
12,5,6,0,,,,47.0,0,0,0,0.0
12,6,6,0,,,,46.2,0,0,0,0.0
12,7,6,0,,,,45.6,0,0,0,0.0
12,8,6,0,,,,47.3,0,0,0,13.0
12,9,6,0,,,,46.8,0,0,0,67.0
12,10,6,0,,,,45.4,0,0,0,129.0
12,11,6,0,,,,48.8,0,0,0,155.0
12,12,6,0,,,,46.8,0,0,0,158.0
12,13,6,0,,,,47.2,0,0,0,128.0
12,14,6,0,,,,45.2,0,0,0,67.0
12,15,6,0,,,,47.1,0,0,0,10.0
12,16,6,0,,,,44.6,0,0,0,0.0
12,17,6,0,,,,46.0,0,0,0,0.0
12,18,6,0,,,,45.7,0,0,0,0.0
12,19,6,0,,,,45.6,0,0,0,0.0
12,20,6,0,,,,45.4,0,0,0,0.0
12,21,6,0,,,,45.0,0,0,0,0.0
12,22,6,0,,,,45.4,0,0,0,0.0
12,23,6,0,,,,45.4,0,0,0,0.0
12,24,6,0,,,,45.6,0,0,0,0.0
12,1,7,0,,,,45.8,0,0,0,0.0
12,2,7,0,,,,46.6,0,0,0,0.0
12,3,7,0,,,,46.4,0,0,0,0.0
12,4,7,0,,,,45.4,0,0,0,0.0
12,5,7,0,,,,45.8,0,0,0,0.0
12,6,7,0,,,,48.0,0,0,0,0.0
12,7,7,0,,,,46.0,0,0,0,0.0
12,8,7,0,,,,46.3,0,0,0,9.0
12,9,7,0,,,,43.5,0,0,0,78.0
12,10,7,0,,,,44.7,0,0,0,169.0
12,11,7,0,,,,45.2,0,0,0,330.0
12,12,7,0,,,,45.1,0,0,0,392.0
12,13,7,0,,,,44.8,0,0,0,462.0
12,14,7,0,,,,45.4,0,0,0,325.0
12,15,7,0,,,,46.6,0,0,0,70.0
12,16,7,0,,,,49.8,0,0,0,0.0
12,17,7,0,,,,46.6,0,0,0,0.0
12,18,7,0,,,,46.5,0,0,0,0.0
12,19,7,0,,,,47.1,0,0,0,0.0
12,20,7,0,,,,48.2,0,0,0,0.0
12,21,7,0,,,,47.8,0,0,0,0.0
12,22,7,0,,,,47.1,0,0,0,0.0
12,23,7,0,,,,50.2,0,0,0,0.0
12,24,7,0,,,,47.7,0,0,0,0.0
12,1,1,0,,,,49.3,0,0,0,0.0
12,2,1,0,,,,48.3,0,0,0,0.0
12,3,1,0,,,,49.4,0,0,0,0.0
12,4,1,0,,,,50.2,0,0,0,0.0
12,5,1,0,,,,50.6,0,0,0,0.0
12,6,1,0,,,,49.8,0,0,0,0.0
12,7,1,0,,,,48.8,0,0,0,0.0
12,8,1,0,,,,12.3,0,0,0,24.0
12,9,1,0,,,,6.2,0,0,0,172.0
12,10,1,0,,,,4.5,0,0,0,500.0
12,11,1,0,,,,2.1,0,0,0,651.0
12,12,1,0,,,,4.0,0,0,0,544.0
12,13,1,0,,,,44.8,0,0,0,358.0
12,14,1,0,,,,43.1,0,0,0,247.0
12,15,1,0,,,,44.9,0,0,0,43.0
12,16,1,0,,,,46.5,0,0,0,0.0
12,17,1,0,,,,45.1,0,0,0,0.0
12,18,1,0,,,,46.4,0,0,0,0.0
12,19,1,0,,,,44.3,0,0,0,0.0
12,20,1,0,,,,45.4,0,0,0,0.0
12,21,1,0,,,,45.4,0,0,0,0.0
12,22,1,0,,,,45.6,0,0,0,0.0
12,23,1,0,,,,44.3,0,0,0,0.0
12,24,1,0,,,,44.5,0,0,0,0.0
12,1,2,0,,,,45.1,0,0,0,0.0
12,2,2,0,,,,43.6,0,0,0,0.0
12,3,2,0,,,,42.9,0,0,0,0.0
12,4,2,0,,,,43.4,0,0,0,0.0
12,5,2,0,,,,43.0,0,0,0,0.0
12,6,2,0,,,,44.2,0,0,0,0.0
12,7,2,0,,,,42.2,0,0,0,0.0
12,8,2,0,,,,42.3,0,0,0,4.0
12,9,2,0,,,,43.2,0,0,0,34.0
12,10,2,0,,,,46.1,0,0,0,65.0
12,11,2,0,,,,45.5,0,0,0,63.0
12,12,2,0,,,,44.2,0,0,0,65.0
12,13,2,0,,,,46.1,0,0,0,87.0
12,14,2,0,,,,46.2,0,0,0,48.0
12,15,2,0,,,,45.9,0,0,0,4.0
12,16,2,0,,,,46.6,0,0,0,0.0
12,17,2,0,,,,43.8,0,0,0,0.0
12,18,2,0,,,,42.8,0,0,0,0.0
12,19,2,0,,,,42.7,0,0,0,0.0
12,20,2,0,,,,41.8,0,0,0,0.0
12,21,2,0,,,,43.4,0,0,0,0.0
12,22,2,0,,,,42.4,0,0,0,0.0
12,23,2,0,,,,42.7,0,0,0,0.0
12,24,2,0,,,,42.5,0,0,0,0.0
12,1,3,0,,,,42.1,0,0,0,0.0
12,2,3,0,,,,45.1,0,0,0,0.0
12,3,3,0,,,,43.0,0,0,0,0.0
12,4,3,0,,,,42.5,0,0,0,0.0
12,5,3,0,,,,42.0,0,0,0,0.0
12,6,3,0,,,,43.2,0,0,0,0.0
12,7,3,0,,,,43.5,0,0,0,0.0
12,8,3,0,,,,42.6,0,0,0,0.0
12,9,3,0,,,,40.4,0,0,0,2.0
12,10,3,0,,,,47.8,0,0,0,6.0
12,11,3,0,,,,47.1,0,0,0,17.0
12,12,3,0,,,,45.5,0,0,0,23.0
12,13,3,0,,,,45.7,0,0,0,18.0
12,14,3,0,,,,44.4,0,0,0,7.0
12,15,3,0,,,,45.9,0,0,0,0.0
12,16,3,0,,,,46.8,0,0,0,0.0
12,17,3,0,,,,44.4,0,0,0,0.0
12,18,3,0,,,,42.3,0,0,0,0.0
12,19,3,0,,,,42.9,0,0,0,0.0
12,20,3,0,,,,44.1,0,0,0,0.0
12,21,3,0,,,,41.9,0,0,0,0.0
12,22,3,0,,,,41.8,0,0,0,0.0
12,23,3,0,,,,42.2,0,0,0,0.0
12,24,3,0,,,,41.5,0,0,0,0.0
12,1,4,0,,,,41.8,0,0,0,0.0
12,2,4,0,,,,41.0,0,0,0,0.0
12,3,4,0,,,,42.6,0,0,0,0.0
12,4,4,0,,,,42.2,0,0,0,0.0
12,5,4,0,,,,40.9,0,0,0,0.0
12,6,4,0,,,,40.6,0,0,0,0.0
12,7,4,0,,,,41.0,0,0,0,0.0
12,8,4,0,,,,42.4,0,0,0,0.0
12,9,4,0,,,,42.6,0,0,0,5.0
12,10,4,0,,,,43.4,0,0,0,16.0
12,11,4,0,,,,44.4,0,0,0,24.0
12,12,4,0,,,,44.4,0,0,0,22.0
12,13,4,0,,,,42.2,0,0,0,16.0
12,14,4,0,,,,42.8,0,0,0,7.0
12,15,4,0,,,,44.4,0,0,0,0.0
12,16,4,0,,,,43.4,0,0,0,0.0
12,17,4,0,,,,42.4,0,0,0,0.0
12,18,4,0,,,,41.2,0,0,0,0.0
12,19,4,0,,,,41.1,0,0,0,0.0
12,20,4,0,,,,39.1,0,0,0,0.0
12,21,4,0,,,,43.8,0,0,0,0.0
12,22,4,0,,,,42.8,0,0,0,0.0
12,23,4,0,,,,41.5,0,0,0,0.0
12,24,4,0,,,,40.3,0,0,0,0.0
12,1,5,0,,,,40.9,0,0,0,0.0
12,2,5,0,,,,40.9,0,0,0,0.0
12,3,5,0,,,,40.1,0,0,0,0.0
12,4,5,0,,,,42.4,0,0,0,0.0
12,5,5,0,,,,41.4,0,0,0,0.0
12,6,5,0,,,,41.2,0,0,0,0.0
12,7,5,0,,,,40.6,0,0,0,0.0
12,8,5,0,,,,42.2,0,0,0,0.0
12,9,5,0,,,,42.0,0,0,0,13.0
12,10,5,0,,,,47.0,0,0,0,32.0
12,11,5,0,,,,44.4,0,0,0,43.0
12,12,5,0,,,,42.8,0,0,0,41.0
12,13,5,0,,,,45.2,0,0,0,28.0
12,14,5,0,,,,44.9,0,0,0,12.0
12,15,5,0,,,,44.6,0,0,0,0.0
12,16,5,0,,,,45.2,0,0,0,0.0
12,17,5,0,,,,46.7,0,0,0,0.0
12,18,5,0,,,,43.2,0,0,0,0.0
12,19,5,0,,,,39.8,0,0,0,0.0
12,20,5,0,,,,39.2,0,0,0,0.0
12,21,5,0,,,,40.7,0,0,0,0.0
12,22,5,0,,,,42.4,0,0,0,0.0
12,23,5,0,,,,37.8,0,0,0,0.0
12,24,5,0,,,,40.7,0,0,0,0.0
12,1,6,0,,,,41.2,0,0,0,0.0
12,2,6,0,,,,39.4,0,0,0,0.0
12,3,6,0,,,,39.5,0,0,0,0.0
12,4,6,0,,,,40.2,0,0,0,0.0
12,5,6,0,,,,39.6,0,0,0,0.0
12,6,6,0,,,,41.9,0,0,0,0.0
12,7,6,0,,,,40.2,0,0,0,0.0
12,8,6,0,,,,41.1,0,0,0,1.0
12,9,6,0,,,,43.6,0,0,0,17.0
12,10,6,0,,,,45.5,0,0,0,39.0
12,11,6,0,,,,43.9,0,0,0,67.0
12,12,6,0,,,,49.7,0,0,0,83.0
12,13,6,0,,,,40.6,0,0,0,72.0
12,14,6,0,,,,43.4,0,0,0,38.0
12,15,6,0,,,,41.8,0,0,0,4.0
12,16,6,0,,,,41.4,0,0,0,0.0
12,17,6,0,,,,43.4,0,0,0,0.0
12,18,6,0,,,,42.5,0,0,0,0.0
12,19,6,0,,,,42.4,0,0,0,0.0
12,20,6,0,,,,39.2,0,0,0,0.0
12,21,6,0,,,,40.4,0,0,0,0.0
12,22,6,0,,,,39.8,0,0,0,0.0
12,23,6,0,,,,40.6,0,0,0,0.0
12,24,6,0,,,,39.4,0,0,0,0.0
1,1,7,0,,,,40.2,0,0,0,0.0
1,2,7,0,,,,40.5,0,0,0,0.0
1,3,7,0,,,,40.5,0,0,0,0.0
1,4,7,0,,,,40.2,0,0,0,0.0
1,5,7,0,,,,40.7,0,0,0,0.0
1,6,7,0,,,,39.9,0,0,0,0.0
1,7,7,0,,,,40.4,0,0,0,0.0
1,8,7,0,,,,41.2,0,0,0,0.0
1,9,7,0,,,,42.0,0,0,0,19.0
1,10,7,0,,,,40.8,0,0,0,52.0
1,11,7,0,,,,40.1,0,0,0,84.0
1,12,7,0,,,,40.3,0,0,0,104.0
1,13,7,0,,,,41.3,0,0,0,103.0
1,14,7,0,,,,40.2,0,0,0,65.0
1,15,7,0,,,,39.8,0,0,0,9.0
1,16,7,0,,,,38.0,0,0,0,0.0
1,17,7,0,,,,40.2,0,0,0,0.0
1,18,7,0,,,,39.8,0,0,0,0.0
1,19,7,0,,,,39.2,0,0,0,0.0
1,20,7,0,,,,38.4,0,0,0,0.0
1,21,7,0,,,,39.8,0,0,0,0.0
1,22,7,0,,,,40.2,0,0,0,0.0
1,23,7,0,,,,42.8,0,0,0,0.0
1,24,7,0,,,,42.2,0,0,0,0.0
1,1,1,0,,,,43.0,0,0,0,0.0
1,2,1,0,,,,42.9,0,0,0,0.0
1,3,1,0,,,,43.1,0,0,0,0.0
1,4,1,0,,,,42.8,0,0,0,0.0
1,5,1,0,,,,43.0,0,0,0,0.0
1,6,1,0,,,,43.5,0,0,0,0.0
1,7,1,0,,,,44.7,0,0,0,0.0
1,8,1,0,,,,42.7,0,0,0,45.0
1,9,1,0,,,,41.9,0,0,0,193.0
1,10,1,0,,,,41.2,0,0,0,339.0
1,11,1,0,,,,44.1,0,0,0,478.0
1,12,1,0,,,,43.2,0,0,0,480.0
1,13,1,0,,,,43.4,0,0,0,417.0
1,14,1,0,,,,44.1,0,0,0,240.0
1,15,1,0,,,,44.8,0,0,0,51.0
1,16,1,0,,,,45.8,0,0,0,0.0
1,17,1,0,,,,46.8,0,0,0,0.0
1,18,1,0,,,,47.3,0,0,0,0.0
1,19,1,0,,,,47.0,0,0,0,0.0
1,20,1,0,,,,46.3,0,0,0,0.0
1,21,1,0,,,,44.5,0,0,0,0.0
1,22,1,0,,,,46.6,0,0,0,0.0
1,23,1,0,,,,45.7,0,0,0,0.0
1,24,1,0,,,,47.3,0,0,0,0.0
1,1,2,0,,,,46.6,0,0,0,0.0
1,2,2,0,,,,46.2,0,0,0,0.0
1,3,2,0,,,,46.6,0,0,0,0.0
1,4,2,0,,,,47.2,0,0,0,0.0
1,5,2,0,,,,46.8,0,0,0,0.0
1,6,2,0,,,,46.6,0,0,0,0.0
1,7,2,0,,,,46.9,0,0,0,0.0
1,8,2,0,,,,47.8,0,0,0,28.0
1,9,2,0,,,,45.8,0,0,0,96.0
1,10,2,0,,,,45.2,0,0,0,157.0
1,11,2,0,,,,53.1,0,0,0,215.0
1,12,2,0,,,,52.6,0,0,0,270.0
1,13,2,0,,,,53.5,0,0,0,261.0
1,14,2,0,,,,51.9,0,0,0,159.0
1,15,2,0,,,,51.9,0,0,0,36.0
1,16,2,0,,,,53.1,0,0,0,0.0
1,17,2,0,,,,54.1,0,0,0,0.0
1,18,2,0,,,,53.6,0,0,0,0.0
1,19,2,0,,,,49.0,0,0,0,0.0
1,20,2,0,,,,48.6,0,0,0,0.0
1,21,2,0,,,,48.0,0,0,0,0.0
1,22,2,0,,,,46.9,0,0,0,0.0
1,23,2,0,,,,47.1,0,0,0,0.0
1,24,2,0,,,,47.3,0,0,0,0.0
1,1,3,0,,,,47.9,0,0,0,0.0
1,2,3,0,,,,47.6,0,0,0,0.0
1,3,3,0,,,,46.0,0,0,0,0.0
1,4,3,0,,,,46.8,0,0,0,0.0
1,5,3,0,,,,47.0,0,0,0,0.0
1,6,3,0,,,,46.4,0,0,0,0.0
1,7,3,0,,,,45.8,0,0,0,0.0
1,8,3,0,,,,49.0,0,0,0,0.0
1,9,3,0,,,,55.9,0,0,0,6.0
1,10,3,0,,,,63.4,0,0,0,15.0
1,11,3,0,,,,64.9,0,0,0,24.0
1,12,3,0,,,,64.8,0,0,0,34.0
1,13,3,0,,,,68.0,0,0,0,42.0
1,14,3,0,,,,63.9,0,0,0,34.0
1,15,3,0,,,,64.8,0,0,0,5.0
1,16,3,0,,,,60.9,0,0,0,0.0
1,17,3,0,,,,62.8,0,0,0,0.0
1,18,3,0,,,,57.6,0,0,0,0.0
1,19,3,0,,,,52.7,0,0,0,0.0
1,20,3,0,,,,47.1,0,0,0,0.0
1,21,3,0,,,,48.2,0,0,0,0.0
1,22,3,0,,,,47.9,0,0,0,0.0
1,23,3,0,,,,48.2,0,0,0,0.0
1,24,3,0,,,,46.0,0,0,0,0.0
1,1,4,0,,,,45.6,0,0,0,0.0
1,2,4,0,,,,46.1,0,0,0,0.0
1,3,4,0,,,,46.8,0,0,0,0.0
1,4,4,0,,,,46.3,0,0,0,0.0
1,5,4,0,,,,49.8,0,0,0,0.0
1,6,4,0,,,,44.3,0,0,0,0.0
1,7,4,0,,,,45.2,0,0,0,0.0
1,8,4,0,,,,50.0,0,0,0,14.0
1,9,4,0,,,,58.0,0,0,0,100.0
1,10,4,0,,,,64.6,0,0,0,285.0
1,11,4,0,,,,67.4,0,0,0,351.0
1,12,4,0,,,,67.0,0,0,0,270.0
1,13,4,0,,,,70.2,0,0,0,143.0
1,14,4,0,,,,70.9,0,0,0,22.0
1,15,4,0,,,,70.2,0,0,0,0.0
1,16,4,0,,,,69.3,0,0,0,0.0
1,17,4,0,,,,65.2,0,0,0,0.0
1,18,4,0,,,,58.8,0,0,0,0.0
1,19,4,0,,,,54.8,0,0,0,0.0
1,20,4,0,,,,51.7,0,0,0,0.0
1,21,4,0,,,,51.4,0,0,0,0.0
1,22,4,0,,,,51.6,0,0,0,0.0
1,23,4,0,,,,51.2,0,0,0,0.0
1,24,4,0,,,,50.1,0,0,0,0.0
1,1,5,0,,,,47.5,0,0,0,0.0
1,2,5,0,,,,48.0,0,0,0,0.0
1,3,5,0,,,,48.4,0,0,0,0.0
1,4,5,0,,,,49.3,0,0,0,0.0
1,5,5,0,,,,48.6,0,0,0,0.0
1,6,5,0,,,,49.8,0,0,0,0.0
1,7,5,0,,,,49.0,0,0,0,0.0
1,8,5,0,,,,50.2,0,0,0,4.0
1,9,5,0,,,,57.8,0,0,0,24.0
1,10,5,0,,,,65.5,0,0,0,40.0
1,11,5,0,,,,70.4,0,0,0,41.0
1,12,5,0,,,,69.7,0,0,0,35.0
1,13,5,0,,,,70.8,0,0,0,23.0
1,14,5,0,,,,69.9,0,0,0,10.0
1,15,5,0,,,,73.0,0,0,0,0.0
1,16,5,0,,,,67.4,0,0,0,0.0
1,17,5,0,,,,64.3,0,0,0,0.0
1,18,5,0,,,,57.7,0,0,0,0.0
1,19,5,0,,,,51.4,0,0,0,0.0
1,20,5,0,,,,51.2,0,0,0,0.0
1,21,5,0,,,,50.5,0,0,0,0.0
1,22,5,0,,,,50.5,0,0,0,0.0
1,23,5,0,,,,51.8,0,0,0,0.0
1,24,5,0,,,,51.8,0,0,0,0.0
1,1,6,0,,,,51.3,0,0,0,0.0
1,2,6,0,,,,51.2,0,0,0,0.0
1,3,6,0,,,,53.0,0,0,0,0.0
1,4,6,0,,,,53.0,0,0,0,0.0
1,5,6,0,,,,51.4,0,0,0,0.0
1,6,6,0,,,,49.2,0,0,0,0.0
1,7,6,0,,,,51.6,0,0,0,0.0
1,8,6,0,,,,53.0,0,0,0,0.0
1,9,6,0,,,,57.8,0,0,0,4.0
1,10,6,0,,,,64.8,0,0,0,13.0
1,11,6,0,,,,71.6,0,0,0,30.0
1,12,6,0,,,,74.3,0,0,0,50.0
1,13,6,0,,,,72.0,0,0,0,54.0
1,14,6,0,,,,69.0,0,0,0,41.0
1,15,6,0,,,,68.5,0,0,0,9.0
1,16,6,0,,,,68.5,0,0,0,0.0
1,17,6,0,,,,62.1,0,0,0,0.0
1,18,6,0,,,,55.8,0,0,0,0.0
1,19,6,0,,,,48.6,0,0,0,0.0
1,20,6,0,,,,46.4,0,0,0,0.0
1,21,6,0,,,,47.8,0,0,0,0.0
1,22,6,0,,,,47.3,0,0,0,0.0
1,23,6,0,,,,47.1,0,0,0,0.0
1,24,6,0,,,,46.8,0,0,0,0.0
1,1,7,0,,,,46.5,0,0,0,0.0
1,2,7,0,,,,46.4,0,0,0,0.0
1,3,7,0,,,,46.6,0,0,0,0.0
1,4,7,0,,,,46.5,0,0,0,0.0
1,5,7,0,,,,47.0,0,0,0,0.0
1,6,7,0,,,,46.8,0,0,0,0.0
1,7,7,0,,,,46.8,0,0,0,0.0
1,8,7,0,,,,46.6,0,0,0,0.0
1,9,7,0,,,,47.2,0,0,0,17.0
1,10,7,0,,,,47.0,0,0,0,37.0
1,11,7,0,,,,48.2,0,0,0,56.0
1,12,7,0,,,,49.1,0,0,0,92.0
1,13,7,0,,,,48.9,0,0,0,237.0
1,14,7,0,,,,47.9,0,0,0,286.0
1,15,7,0,,,,46.0,0,0,0,82.0
1,16,7,0,,,,49.3,0,0,0,0.0
1,17,7,0,,,,55.1,0,0,0,0.0
1,18,7,0,,,,55.0,0,0,0,0.0
1,19,7,0,,,,54.8,0,0,0,0.0
1,20,7,0,,,,54.8,0,0,0,0.0
1,21,7,0,,,,55.5,0,0,0,0.0
1,22,7,0,,,,57.0,0,0,0,0.0
1,23,7,0,,,,56.0,0,0,0,0.0
1,24,7,0,,,,55.6,0,0,0,0.0
1,1,1,0,,,,55.1,0,0,0,0.0
1,2,1,0,,,,54.9,0,0,0,0.0
1,3,1,0,,,,54.9,0,0,0,0.0
1,4,1,0,,,,54.9,0,0,0,0.0
1,5,1,0,,,,55.0,0,0,0,0.0
1,6,1,0,,,,55.4,0,0,0,0.0
1,7,1,0,,,,56.6,0,0,0,0.0
1,8,1,0,,,,55.2,0,0,0,51.0
1,9,1,0,,,,53.9,0,0,0,258.0
1,10,1,0,,,,53.9,0,0,0,608.0
1,11,1,0,,,,52.9,0,0,0,680.0
1,12,1,0,,,,52.1,0,0,0,689.0
1,13,1,0,,,,50.9,0,0,0,627.0
1,14,1,0,,,,51.9,0,0,0,446.0
1,15,1,0,,,,52.6,0,0,0,141.0
1,16,1,0,,,,54.2,0,0,0,0.0
1,17,1,0,,,,54.0,0,0,0,0.0
1,18,1,0,,,,54.8,0,0,0,0.0
1,19,1,0,,,,56.0,0,0,0,0.0
1,20,1,0,,,,55.7,0,0,0,0.0
1,21,1,0,,,,54.9,0,0,0,0.0
1,22,1,0,,,,56.1,0,0,0,0.0
1,23,1,0,,,,56.0,0,0,0,0.0
1,24,1,0,,,,57.5,0,0,0,0.0
1,1,2,0,,,,55.7,0,0,0,0.0
1,2,2,0,,,,56.2,0,0,0,0.0
1,3,2,0,,,,57.4,0,0,0,0.0
1,4,2,0,,,,57.0,0,0,0,0.0
1,5,2,0,,,,55.1,0,0,0,0.0
1,6,2,0,,,,54.5,0,0,0,0.0
1,7,2,0,,,,55.2,0,0,0,0.0
1,8,2,0,,,,54.8,0,0,0,1.0
1,9,2,0,,,,61.8,0,0,0,25.0
1,10,2,0,,,,71.5,0,0,0,92.0
1,11,2,0,,,,74.0,0,0,0,155.0
1,12,2,0,,,,78.2,0,0,0,180.0
1,13,2,0,,,,75.9,0,0,0,136.0
1,14,2,0,,,,74.7,0,0,0,62.0
1,15,2,0,,,,72.8,0,0,0,12.0
1,16,2,0,,,,75.7,0,0,0,0.0
1,17,2,0,,,,73.0,0,0,0,0.0
1,18,2,0,,,,65.4,0,0,0,0.0
1,19,2,0,,,,57.6,0,0,0,0.0
1,20,2,0,,,,52.9,0,0,0,0.0
1,21,2,0,,,,50.2,0,0,0,0.0
1,22,2,0,,,,55.4,0,0,0,0.0
1,23,2,0,,,,53.0,0,0,0,0.0
1,24,2,0,,,,53.1,0,0,0,0.0
1,1,3,0,,,,51.7,0,0,0,0.0
1,2,3,0,,,,49.6,0,0,0,0.0
1,3,3,0,,,,49.4,0,0,0,0.0
1,4,3,0,,,,50.6,0,0,0,0.0
1,5,3,0,,,,47.9,0,0,0,0.0
1,6,3,0,,,,48.2,0,0,0,0.0
1,7,3,0,,,,48.6,0,0,0,0.0
1,8,3,0,,,,52.6,0,0,0,2.0
1,9,3,0,,,,60.1,0,0,0,10.0
1,10,3,0,,,,67.0,0,0,0,20.0
1,11,3,0,,,,77.0,0,0,0,63.0
1,12,3,0,,,,74.5,0,0,0,93.0
1,13,3,0,,,,74.0,0,0,0,93.0
1,14,3,0,,,,75.0,0,0,0,50.0
1,15,3,0,,,,74.5,0,0,0,6.0
1,16,3,0,,,,72.7,0,0,0,0.0
1,17,3,0,,,,70.6,0,0,0,0.0
1,18,3,0,,,,61.9,0,0,0,0.0
1,19,3,0,,,,56.6,0,0,0,0.0
1,20,3,0,,,,49.9,0,0,0,0.0
1,21,3,0,,,,49.4,0,0,0,0.0
1,22,3,0,,,,50.0,0,0,0,0.0
1,23,3,0,,,,49.8,0,0,0,0.0
1,24,3,0,,,,50.8,0,0,0,0.0
1,1,4,0,,,,51.7,0,0,0,0.0
1,2,4,0,,,,51.8,0,0,0,0.0
1,3,4,0,,,,51.3,0,0,0,0.0
1,4,4,0,,,,51.5,0,0,0,0.0
1,5,4,0,,,,48.8,0,0,0,0.0
1,6,4,0,,,,49.7,0,0,0,0.0
1,7,4,0,,,,50.9,0,0,0,0.0
1,8,4,0,,,,52.2,0,0,0,0.0
1,9,4,0,,,,58.5,0,0,0,9.0
1,10,4,0,,,,70.7,0,0,0,22.0
1,11,4,0,,,,77.6,0,0,0,30.0
1,12,4,0,,,,74.2,0,0,0,29.0
1,13,4,0,,,,74.1,0,0,0,37.0
1,14,4,0,,,,72.8,0,0,0,25.0
1,15,4,0,,,,71.8,0,0,0,1.0
1,16,4,0,,,,72.4,0,0,0,0.0
1,17,4,0,,,,71.2,0,0,0,0.0
1,18,4,0,,,,63.2,0,0,0,0.0
1,19,4,0,,,,57.8,0,0,0,0.0
1,20,4,0,,,,54.5,0,0,0,0.0
1,21,4,0,,,,56.2,0,0,0,0.0
1,22,4,0,,,,51.7,0,0,0,0.0
1,23,4,0,,,,49.2,0,0,0,0.0
1,24,4,0,,,,48.7,0,0,0,0.0
1,1,5,0,,,,48.9,0,0,0,0.0
1,2,5,0,,,,48.9,0,0,0,0.0
1,3,5,0,,,,48.4,0,0,0,0.0
1,4,5,0,,,,47.6,0,0,0,0.0
1,5,5,0,,,,45.4,0,0,0,0.0
1,6,5,0,,,,49.6,0,0,0,0.0
1,7,5,0,,,,48.9,0,0,0,0.0
1,8,5,0,,,,53.8,0,0,0,5.0
1,9,5,0,,,,58.5,0,0,0,45.0
1,10,5,0,,,,62.4,0,0,0,212.0
1,11,5,0,,,,68.9,0,0,0,261.0
1,12,5,0,,,,68.5,0,0,0,176.0
1,13,5,0,,,,70.9,0,0,0,116.0
1,14,5,0,,,,72.1,0,0,0,38.0
1,15,5,0,,,,71.8,0,0,0,4.0
1,16,5,0,,,,71.5,0,0,0,0.0
1,17,5,0,,,,70.1,0,0,0,0.0
1,18,5,0,,,,61.5,0,0,0,0.0
1,19,5,0,,,,53.6,0,0,0,0.0
1,20,5,0,,,,49.1,0,0,0,0.0
1,21,5,0,,,,48.0,0,0,0,0.0
1,22,5,0,,,,44.6,0,0,0,0.0
1,23,5,0,,,,42.5,0,0,0,0.0
1,24,5,0,,,,42.8,0,0,0,0.0
1,1,6,0,,,,42.2,0,0,0,0.0
1,2,6,0,,,,43.0,0,0,0,0.0
1,3,6,0,,,,43.0,0,0,0,0.0
1,4,6,0,,,,43.4,0,0,0,0.0
1,5,6,0,,,,43.2,0,0,0,0.0
1,6,6,0,,,,42.7,0,0,0,0.0
1,7,6,0,,,,43.2,0,0,0,0.0
1,8,6,0,,,,47.2,0,0,0,12.0
1,9,6,0,,,,54.7,0,0,0,70.0
1,10,6,0,,,,62.9,0,0,0,105.0
1,11,6,0,,,,67.8,0,0,0,84.0
1,12,6,0,,,,70.6,0,0,0,50.0
1,13,6,0,,,,71.5,0,0,0,39.0
1,14,6,0,,,,71.5,0,0,0,41.0
1,15,6,0,,,,72.5,0,0,0,28.0
1,16,6,0,,,,70.8,0,0,0,0.0
1,17,6,0,,,,67.4,0,0,0,0.0
1,18,6,0,,,,64.0,0,0,0,0.0
1,19,6,0,,,,57.4,0,0,0,0.0
1,20,6,0,,,,49.6,0,0,0,0.0
1,21,6,0,,,,49.2,0,0,0,0.0
1,22,6,0,,,,49.8,0,0,0,0.0
1,23,6,0,,,,51.6,0,0,0,0.0
1,24,6,0,,,,51.4,0,0,0,0.0
1,1,7,0,,,,51.4,0,0,0,0.0
1,2,7,0,,,,48.1,0,0,0,0.0
1,3,7,0,,,,50.8,0,0,0,0.0
1,4,7,0,,,,50.3,0,0,0,0.0
1,5,7,0,,,,50.2,0,0,0,0.0
1,6,7,0,,,,49.9,0,0,0,0.0
1,7,7,0,,,,49.0,0,0,0,0.0
1,8,7,0,,,,50.3,0,0,0,3.0
1,9,7,0,,,,49.5,0,0,0,24.0
1,10,7,0,,,,51.0,0,0,0,47.0
1,11,7,0,,,,49.9,0,0,0,53.0
1,12,7,0,,,,49.8,0,0,0,31.0
1,13,7,0,,,,49.7,0,0,0,27.0
1,14,7,0,,,,48.8,0,0,0,41.0
1,15,7,0,,,,47.9,0,0,0,4.0
1,16,7,0,,,,48.8,0,0,0,0.0
1,17,7,0,,,,49.6,0,0,0,0.0
1,18,7,0,,,,46.5,0,0,0,0.0
1,19,7,0,,,,45.9,0,0,0,0.0
1,20,7,0,,,,47.9,0,0,0,0.0
1,21,7,0,,,,47.5,0,0,0,0.0
1,22,7,0,,,,47.4,0,0,0,0.0
1,23,7,0,,,,47.2,0,0,0,0.0
1,24,7,0,,,,44.6,0,0,0,0.0
1,1,1,0,,,,44.3,0,0,0,0.0
1,2,1,0,,,,44.1,0,0,0,0.0
1,3,1,0,,,,44.5,0,0,0,0.0
1,4,1,0,,,,44.4,0,0,0,0.0
1,5,1,0,,,,44.6,0,0,0,0.0
1,6,1,0,,,,44.4,0,0,0,0.0
1,7,1,0,,,,44.0,0,0,0,0.0
1,8,1,0,,,,43.3,0,0,0,32.0
1,9,1,0,,,,42.5,0,0,0,106.0
1,10,1,0,,,,42.1,0,0,0,213.0
1,11,1,0,,,,42.8,0,0,0,292.0
1,12,1,0,,,,43.6,0,0,0,279.0
1,13,1,0,,,,44.0,0,0,0,162.0
1,14,1,0,,,,44.8,0,0,0,63.0
1,15,1,0,,,,46.5,0,0,0,7.0
1,16,1,0,,,,48.1,0,0,0,0.0
1,17,1,0,,,,50.4,0,0,0,0.0
1,18,1,0,,,,47.0,0,0,0,0.0
1,19,1,0,,,,45.5,0,0,0,0.0
1,20,1,0,,,,45.5,0,0,0,0.0
1,21,1,0,,,,46.6,0,0,0,0.0
1,22,1,0,,,,47.2,0,0,0,0.0
1,23,1,0,,,,47.4,0,0,0,0.0
1,24,1,0,,,,47.1,0,0,0,0.0
1,1,2,0,,,,47.2,0,0,0,0.0
1,2,2,0,,,,49.4,0,0,0,0.0
1,3,2,0,,,,48.4,0,0,0,0.0
1,4,2,0,,,,48.4,0,0,0,0.0
1,5,2,0,,,,48.5,0,0,0,0.0
1,6,2,0,,,,48.8,0,0,0,0.0
1,7,2,0,,,,48.9,0,0,0,0.0
1,8,2,0,,,,52.8,0,0,0,0.0
1,9,2,0,,,,60.6,0,0,0,6.0
1,10,2,0,,,,67.2,0,0,0,13.0
1,11,2,0,,,,75.6,0,0,0,26.0
1,12,2,0,,,,74.4,0,0,0,41.0
1,13,2,0,,,,76.6,0,0,0,44.0
1,14,2,0,,,,75.1,0,0,0,32.0
1,15,2,0,,,,74.7,0,0,0,10.0
1,16,2,0,,,,71.5,0,0,0,0.0
1,17,2,0,,,,72.5,0,0,0,0.0
1,18,2,0,,,,63.0,0,0,0,0.0
1,19,2,0,,,,56.2,0,0,0,0.0
1,20,2,0,,,,53.5,0,0,0,0.0
1,21,2,0,,,,51.0,0,0,0,0.0
1,22,2,0,,,,49.3,0,0,0,0.0
1,23,2,0,,,,49.4,0,0,0,0.0
1,24,2,0,,,,46.8,0,0,0,0.0
1,1,3,0,,,,47.8,0,0,0,0.0
1,2,3,0,,,,47.2,0,0,0,0.0
1,3,3,0,,,,46.3,0,0,0,0.0
1,4,3,0,,,,47.4,0,0,0,0.0
1,5,3,0,,,,46.6,0,0,0,0.0
1,6,3,0,,,,48.5,0,0,0,0.0
1,7,3,0,,,,47.5,0,0,0,0.0
1,8,3,0,,,,53.8,0,0,0,6.0
1,9,3,0,,,,60.5,0,0,0,36.0
1,10,3,0,,,,70.3,0,0,0,79.0
1,11,3,0,,,,73.6,0,0,0,101.0
1,12,3,0,,,,75.3,0,0,0,91.0
1,13,3,0,,,,78.8,0,0,0,69.0
1,14,3,0,,,,79.1,0,0,0,35.0
1,15,3,0,,,,77.0,0,0,0,6.0
1,16,3,0,,,,77.8,0,0,0,0.0
1,17,3,0,,,,72.0,0,0,0,0.0
1,18,3,0,,,,66.6,0,0,0,0.0
1,19,3,0,,,,55.0,0,0,0,0.0
1,20,3,0,,,,51.3,0,0,0,0.0
1,21,3,0,,,,51.8,0,0,0,0.0
1,22,3,0,,,,49.0,0,0,0,0.0
1,23,3,0,,,,50.3,0,0,0,0.0
1,24,3,0,,,,50.9,0,0,0,0.0
1,1,4,0,,,,50.7,0,0,0,0.0
1,2,4,0,,,,50.3,0,0,0,0.0
1,3,4,0,,,,51.6,0,0,0,0.0
1,4,4,0,,,,50.6,0,0,0,0.0
1,5,4,0,,,,49.6,0,0,0,0.0
1,6,4,0,,,,51.3,0,0,0,0.0
1,7,4,0,,,,50.9,0,0,0,0.0
1,8,4,0,,,,53.4,0,0,0,2.0
1,9,4,0,,,,62.1,0,0,0,15.0
1,10,4,0,,,,72.0,0,0,0,30.0
1,11,4,0,,,,77.5,0,0,0,41.0
1,12,4,0,,,,78.3,0,0,0,86.0
1,13,4,0,,,,75.2,0,0,0,93.0
1,14,4,0,,,,73.4,0,0,0,79.0
1,15,4,0,,,,75.1,0,0,0,29.0
1,16,4,0,,,,76.3,0,0,0,0.0
1,17,4,0,,,,69.8,0,0,0,0.0
1,18,4,0,,,,63.9,0,0,0,0.0
1,19,4,0,,,,56.8,0,0,0,0.0
1,20,4,0,,,,50.2,0,0,0,0.0
1,21,4,0,,,,48.5,0,0,0,0.0
1,22,4,0,,,,48.4,0,0,0,0.0
1,23,4,0,,,,46.8,0,0,0,0.0
1,24,4,0,,,,45.3,0,0,0,0.0
1,1,5,0,,,,46.5,0,0,0,0.0
1,2,5,0,,,,47.0,0,0,0,0.0
1,3,5,0,,,,46.2,0,0,0,0.0
1,4,5,0,,,,47.0,0,0,0,0.0
1,5,5,0,,,,47.4,0,0,0,0.0
1,6,5,0,,,,47.6,0,0,0,0.0
1,7,5,0,,,,49.1,0,0,0,0.0
1,8,5,0,,,,49.6,0,0,0,13.0
1,9,5,0,,,,58.6,0,0,0,38.0
1,10,5,0,,,,71.5,0,0,0,62.0
1,11,5,0,,,,76.3,0,0,0,91.0
1,12,5,0,,,,76.5,0,0,0,106.0
1,13,5,0,,,,77.1,0,0,0,73.0
1,14,5,0,,,,75.3,0,0,0,39.0
1,15,5,0,,,,79.2,0,0,0,7.0
1,16,5,0,,,,74.8,0,0,0,0.0
1,17,5,0,,,,71.8,0,0,0,0.0
1,18,5,0,,,,69.2,0,0,0,0.0
1,19,5,0,,,,59.1,0,0,0,0.0
1,20,5,0,,,,55.7,0,0,0,0.0
1,21,5,0,,,,54.0,0,0,0,0.0
1,22,5,0,,,,53.4,0,0,0,0.0
1,23,5,0,,,,50.9,0,0,0,0.0
1,24,5,0,,,,49.2,0,0,0,0.0
1,1,6,0,,,,50.6,0,0,0,0.0
1,2,6,0,,,,50.3,0,0,0,0.0
1,3,6,0,,,,52.0,0,0,0,0.0
1,4,6,0,,,,51.2,0,0,0,0.0
1,5,6,0,,,,51.9,0,0,0,0.0
1,6,6,0,,,,51.3,0,0,0,0.0
1,7,6,0,,,,52.1,0,0,0,0.0
1,8,6,0,,,,54.6,0,0,0,144.0
1,9,6,0,,,,65.5,0,0,0,428.0
1,10,6,0,,,,73.6,0,0,0,565.0
1,11,6,0,,,,82.2,0,0,0,670.0
1,12,6,0,,,,79.5,0,0,0,726.0
1,13,6,0,,,,80.4,0,0,0,673.0
1,14,6,0,,,,75.8,0,0,0,499.0
1,15,6,0,,,,77.8,0,0,0,173.0
1,16,6,0,,,,77.1,0,0,0,0.0
1,17,6,0,,,,70.0,0,0,0,0.0
1,18,6,0,,,,65.8,0,0,0,0.0
1,19,6,0,,,,55.7,0,0,0,0.0
1,20,6,0,,,,53.3,0,0,0,0.0
1,21,6,0,,,,52.4,0,0,0,0.0
1,22,6,0,,,,51.6,0,0,0,0.0
1,23,6,0,,,,51.4,0,0,0,0.0
1,24,6,0,,,,50.6,0,0,0,0.0
1,1,7,0,,,,50.2,0,0,0,0.0
1,2,7,0,,,,50.4,0,0,0,0.0
1,3,7,0,,,,50.8,0,0,0,0.0
1,4,7,0,,,,49.8,0,0,0,0.0
1,5,7,0,,,,49.8,0,0,0,0.0
1,6,7,0,,,,50.2,0,0,0,0.0
1,7,7,0,,,,49.0,0,0,0,0.0
1,8,7,0,,,,48.6,0,0,0,6.0
1,9,7,0,,,,48.2,0,0,0,30.0
1,10,7,0,,,,47.7,0,0,0,60.0
1,11,7,0,,,,46.2,0,0,0,77.0
1,12,7,0,,,,44.0,0,0,0,68.0
1,13,7,0,,,,44.4,0,0,0,49.0
1,14,7,0,,,,44.1,0,0,0,25.0
1,15,7,0,,,,43.4,0,0,0,6.0
1,16,7,0,,,,48.4,0,0,0,0.0
1,17,7,0,,,,48.1,0,0,0,0.0
1,18,7,0,,,,46.5,0,0,0,0.0
1,19,7,0,,,,43.6,0,0,0,0.0
1,20,7,0,,,,43.0,0,0,0,0.0
1,21,7,0,,,,42.4,0,0,0,0.0
1,22,7,0,,,,42.6,0,0,0,0.0
1,23,7,0,,,,43.1,0,0,0,0.0
1,24,7,0,,,,42.7,0,0,0,0.0
1,1,1,0,,,,42.4,0,0,0,0.0
1,2,1,0,,,,42.6,0,0,0,0.0
1,3,1,0,,,,43.3,0,0,0,0.0
1,4,1,0,,,,42.3,0,0,0,0.0
1,5,1,0,,,,42.8,0,0,0,0.0
1,6,1,0,,,,41.8,0,0,0,0.0
1,7,1,0,,,,42.6,0,0,0,0.0
1,8,1,0,,,,41.7,0,0,0,8.0
1,9,1,0,,,,40.6,0,0,0,26.0
1,10,1,0,,,,42.1,0,0,0,59.0
1,11,1,0,,,,43.6,0,0,0,141.0
1,12,1,0,,,,42.1,0,0,0,196.0
1,13,1,0,,,,40.8,0,0,0,173.0
1,14,1,0,,,,40.8,0,0,0,93.0
1,15,1,0,,,,41.9,0,0,0,30.0
1,16,1,0,,,,43.2,0,0,0,0.0
1,17,1,0,,,,46.7,0,0,0,0.0
1,18,1,0,,,,46.0,0,0,0,0.0
1,19,1,0,,,,44.2,0,0,0,0.0
1,20,1,0,,,,43.8,0,0,0,0.0
1,21,1,0,,,,44.8,0,0,0,0.0
1,22,1,0,,,,43.3,0,0,0,0.0
1,23,1,0,,,,44.0,0,0,0,0.0
1,24,1,0,,,,43.4,0,0,0,0.0
1,1,2,0,,,,44.6,0,0,0,0.0
1,2,2,0,,,,45.5,0,0,0,0.0
1,3,2,0,,,,45.0,0,0,0,0.0
1,4,2,0,,,,45.6,0,0,0,0.0
1,5,2,0,,,,45.8,0,0,0,0.0
1,6,2,0,,,,46.1,0,0,0,0.0
1,7,2,0,,,,50.0,0,0,0,0.0
1,8,2,0,,,,52.8,0,0,0,21.0
1,9,2,0,,,,65.6,0,0,0,51.0
1,10,2,0,,,,74.5,0,0,0,89.0
1,11,2,0,,,,82.6,0,0,0,170.0
1,12,2,0,,,,81.6,0,0,0,304.0
1,13,2,0,,,,84.6,0,0,0,282.0
1,14,2,0,,,,85.2,0,0,0,225.0
1,15,2,0,,,,86.0,0,0,0,78.0
1,16,2,0,,,,84.0,0,0,0,0.0
1,17,2,0,,,,74.8,0,0,0,0.0
1,18,2,0,,,,69.5,0,0,0,0.0
1,19,2,0,,,,57.4,0,0,0,0.0
1,20,2,0,,,,53.9,0,0,0,0.0
1,21,2,0,,,,49.8,0,0,0,0.0
1,22,2,0,,,,50.4,0,0,0,0.0
1,23,2,0,,,,48.6,0,0,0,0.0
1,24,2,0,,,,48.9,0,0,0,0.0
1,1,3,0,,,,47.7,0,0,0,0.0
1,2,3,0,,,,48.4,0,0,0,0.0
1,3,3,0,,,,45.7,0,0,0,0.0
1,4,3,0,,,,46.8,0,0,0,0.0
1,5,3,0,,,,46.3,0,0,0,0.0
1,6,3,0,,,,46.8,0,0,0,0.0
1,7,3,0,,,,46.8,0,0,0,0.0
1,8,3,0,,,,51.8,0,0,0,5.0
1,9,3,0,,,,61.0,0,0,0,17.0
1,10,3,0,,,,72.9,0,0,0,23.0
1,11,3,0,,,,79.4,0,0,0,42.0
1,12,3,0,,,,77.4,0,0,0,58.0
1,13,3,0,,,,74.7,0,0,0,50.0
1,14,3,0,,,,77.0,0,0,0,25.0
1,15,3,0,,,,78.3,0,0,0,5.0
1,16,3,0,,,,80.3,0,0,0,0.0
1,17,3,0,,,,75.3,0,0,0,0.0
1,18,3,0,,,,64.8,0,0,0,0.0
1,19,3,0,,,,53.4,0,0,0,0.0
1,20,3,0,,,,50.8,0,0,0,0.0
1,21,3,0,,,,47.5,0,0,0,0.0
1,22,3,0,,,,44.0,0,0,0,0.0
1,23,3,0,,,,44.6,0,0,0,0.0
1,24,3,0,,,,43.2,0,0,0,0.0
1,1,4,0,,,,43.8,0,0,0,0.0
1,2,4,0,,,,43.4,0,0,0,0.0
1,3,4,0,,,,43.0,0,0,0,0.0
1,4,4,0,,,,43.8,0,0,0,0.0
1,5,4,0,,,,44.8,0,0,0,0.0
1,6,4,0,,,,43.7,0,0,0,0.0
1,7,4,0,,,,46.2,0,0,0,0.0
1,8,4,0,,,,51.4,0,0,0,6.0
1,9,4,0,,,,62.9,0,0,0,19.0
1,10,4,0,,,,71.5,0,0,0,43.0
1,11,4,0,,,,76.6,0,0,0,62.0
1,12,4,0,,,,82.3,0,0,0,98.0
1,13,4,0,,,,81.6,0,0,0,189.0
1,14,4,0,,,,83.0,0,0,0,175.0
1,15,4,0,,,,83.5,0,0,0,35.0
1,16,4,0,,,,84.1,0,0,0,0.0
1,17,4,0,,,,80.0,0,0,0,0.0
1,18,4,0,,,,69.6,0,0,0,0.0
1,19,4,0,,,,61.8,0,0,0,0.0
1,20,4,0,,,,59.0,0,0,0,0.0
1,21,4,0,,,,55.6,0,0,0,0.0
1,22,4,0,,,,51.8,0,0,0,0.0
1,23,4,0,,,,50.3,0,0,0,0.0
1,24,4,0,,,,48.8,0,0,0,0.0
1,1,5,0,,,,50.5,0,0,0,0.0
1,2,5,0,,,,49.6,0,0,0,0.0
1,3,5,0,,,,49.0,0,0,0,0.0
1,4,5,0,,,,49.7,0,0,0,0.0
1,5,5,0,,,,49.4,0,0,0,0.0
1,6,5,0,,,,50.1,0,0,0,0.0
1,7,5,0,,,,49.7,0,0,0,0.0
1,8,5,0,,,,54.3,0,0,0,101.0
1,9,5,0,,,,66.8,0,0,0,256.0
1,10,5,0,,,,78.9,0,0,0,387.0
1,11,5,0,,,,82.2,0,0,0,417.0
1,12,5,0,,,,82.5,0,0,0,369.0
1,13,5,0,,,,81.2,0,0,0,296.0
1,14,5,0,,,,78.5,0,0,0,149.0
1,15,5,0,,,,83.2,0,0,0,69.0
1,16,5,0,,,,82.3,0,0,0,0.0
1,17,5,0,,,,76.8,0,0,0,0.0
1,18,5,0,,,,62.7,0,0,0,0.0
1,19,5,0,,,,56.8,0,0,0,0.0
1,20,5,0,,,,53.4,0,0,0,0.0
1,21,5,0,,,,52.6,0,0,0,0.0
1,22,5,0,,,,51.2,0,0,0,0.0
1,23,5,0,,,,53.5,0,0,0,0.0
1,24,5,0,,,,51.0,0,0,0,0.0
1,1,6,0,,,,51.0,0,0,0,0.0
1,2,6,0,,,,51.6,0,0,0,0.0
1,3,6,0,,,,50.3,0,0,0,0.0
1,4,6,0,,,,51.8,0,0,0,0.0
1,5,6,0,,,,52.5,0,0,0,0.0
1,6,6,0,,,,53.1,0,0,0,0.0
1,7,6,0,,,,52.0,0,0,0,10.0
1,8,6,0,,,,57.1,0,0,0,559.0
1,9,6,0,,,,65.8,0,0,0,772.0
1,10,6,0,,,,75.8,0,0,0,855.0
1,11,6,0,,,,83.6,0,0,0,872.0
1,12,6,0,,,,80.2,0,0,0,847.0
1,13,6,0,,,,82.1,0,0,0,786.0
1,14,6,0,,,,81.7,0,0,0,653.0
1,15,6,0,,,,79.8,0,0,0,356.0
1,16,6,0,,,,79.2,0,0,0,5.0
1,17,6,0,,,,73.9,0,0,0,0.0
1,18,6,0,,,,68.7,0,0,0,0.0
1,19,6,0,,,,62.7,0,0,0,0.0
1,20,6,0,,,,63.2,0,0,0,0.0
1,21,6,0,,,,59.3,0,0,0,0.0
1,22,6,0,,,,57.3,0,0,0,0.0
1,23,6,0,,,,58.5,0,0,0,0.0
1,24,6,0,,,,56.1,0,0,0,0.0
1,1,7,0,,,,53.8,0,0,0,0.0
1,2,7,0,,,,55.9,0,0,0,0.0
1,3,7,0,,,,56.9,0,0,0,0.0
1,4,7,0,,,,55.1,0,0,0,0.0
1,5,7,0,,,,56.1,0,0,0,0.0
1,6,7,0,,,,53.8,0,0,0,0.0
1,7,7,0,,,,53.1,0,0,0,0.0
1,8,7,0,,,,52.8,0,0,0,110.0
1,9,7,0,,,,52.5,0,0,0,245.0
1,10,7,0,,,,52.9,0,0,0,387.0
1,11,7,0,,,,48.7,0,0,0,571.0
1,12,7,0,,,,48.8,0,0,0,737.0
1,13,7,0,,,,47.8,0,0,0,696.0
1,14,7,0,,,,47.4,0,0,0,527.0
1,15,7,0,,,,50.7,0,0,0,235.0
1,16,7,0,,,,53.0,0,0,0,3.0
1,17,7,0,,,,54.0,0,0,0,0.0
1,18,7,0,,,,52.4,0,0,0,0.0
1,19,7,0,,,,50.8,0,0,0,0.0
1,20,7,0,,,,49.2,0,0,0,0.0
1,21,7,0,,,,48.9,0,0,0,0.0
1,22,7,0,,,,50.5,0,0,0,0.0
1,23,7,0,,,,48.8,0,0,0,0.0
1,24,7,0,,,,48.0,0,0,0,0.0
1,1,1,0,,,,48.8,0,0,0,0.0
1,2,1,0,,,,47.4,0,0,0,0.0
1,3,1,0,,,,48.4,0,0,0,0.0
1,4,1,0,,,,48.5,0,0,0,0.0
1,5,1,0,,,,48.6,0,0,0,0.0
1,6,1,0,,,,47.7,0,0,0,0.0
1,7,1,0,,,,47.2,0,0,0,1.0
1,8,1,0,,,,46.1,0,0,0,126.0
1,9,1,0,,,,46.4,0,0,0,265.0
1,10,1,0,,,,46.4,0,0,0,389.0
1,11,1,0,,,,46.2,0,0,0,423.0
1,12,1,0,,,,49.6,0,0,0,517.0
1,13,1,0,,,,50.3,0,0,0,439.0
1,14,1,0,,,,50.7,0,0,0,232.0
1,15,1,0,,,,51.9,0,0,0,70.0
1,16,1,0,,,,53.6,0,0,0,0.0
1,17,1,0,,,,49.1,0,0,0,0.0
1,18,1,0,,,,48.5,0,0,0,0.0
1,19,1,0,,,,49.0,0,0,0,0.0
1,20,1,0,,,,48.0,0,0,0,0.0
1,21,1,0,,,,47.6,0,0,0,0.0
1,22,1,0,,,,47.4,0,0,0,0.0
1,23,1,0,,,,46.3,0,0,0,0.0
1,24,1,0,,,,46.0,0,0,0,0.0
1,1,2,0,,,,46.2,0,0,0,0.0
1,2,2,0,,,,47.0,0,0,0,0.0
1,3,2,0,,,,46.0,0,0,0,0.0
1,4,2,0,,,,47.4,0,0,0,0.0
1,5,2,0,,,,47.3,0,0,0,0.0
1,6,2,0,,,,49.6,0,0,0,0.0
1,7,2,0,,,,51.2,0,0,0,6.0
1,8,2,0,,,,56.4,0,0,0,258.0
1,9,2,0,,,,64.1,0,0,0,464.0
1,10,2,0,,,,69.3,0,0,0,670.0
1,11,2,0,,,,77.3,0,0,0,756.0
1,12,2,0,,,,80.4,0,0,0,764.0
1,13,2,0,,,,81.2,0,0,0,724.0
1,14,2,0,,,,81.5,0,0,0,609.0
1,15,2,0,,,,82.7,0,0,0,330.0
1,16,2,0,,,,79.7,0,0,0,12.0
1,17,2,0,,,,76.5,0,0,0,0.0
1,18,2,0,,,,71.0,0,0,0,0.0
1,19,2,0,,,,61.2,0,0,0,0.0
1,20,2,0,,,,58.8,0,0,0,0.0
1,21,2,0,,,,55.6,0,0,0,0.0
1,22,2,0,,,,54.8,0,0,0,0.0
1,23,2,0,,,,56.5,0,0,0,0.0
1,24,2,0,,,,55.5,0,0,0,0.0
2,1,3,0,,,,55.1,0,0,0,0.0
2,2,3,0,,,,53.8,0,0,0,0.0
2,3,3,0,,,,53.8,0,0,0,0.0
2,4,3,0,,,,52.2,0,0,0,0.0
2,5,3,0,,,,51.6,0,0,0,0.0
2,6,3,0,,,,52.2,0,0,0,0.0
2,7,3,0,,,,52.1,0,0,0,0.0
2,8,3,0,,,,56.4,0,0,0,8.0
2,9,3,0,,,,65.4,0,0,0,26.0
2,10,3,0,,,,78.0,0,0,0,35.0
2,11,3,0,,,,81.1,0,0,0,28.0
2,12,3,0,,,,79.0,0,0,0,55.0
2,13,3,0,,,,77.3,0,0,0,110.0
2,14,3,0,,,,77.2,0,0,0,153.0
2,15,3,0,,,,75.6,0,0,0,92.0
2,16,3,0,,,,80.2,0,0,0,1.0
2,17,3,0,,,,78.5,0,0,0,0.0
2,18,3,0,,,,70.6,0,0,0,0.0
2,19,3,0,,,,61.0,0,0,0,0.0
2,20,3,0,,,,51.3,0,0,0,0.0
2,21,3,0,,,,48.0,0,0,0,0.0
2,22,3,0,,,,46.8,0,0,0,0.0
2,23,3,0,,,,48.7,0,0,0,0.0
2,24,3,0,,,,49.9,0,0,0,0.0
2,1,4,0,,,,51.0,0,0,0,0.0
2,2,4,0,,,,49.7,0,0,0,0.0
2,3,4,0,,,,51.1,0,0,0,0.0
2,4,4,0,,,,50.8,0,0,0,0.0
2,5,4,0,,,,51.9,0,0,0,0.0
2,6,4,0,,,,49.9,0,0,0,0.0
2,7,4,0,,,,51.2,0,0,0,0.0
2,8,4,0,,,,56.0,0,0,0,27.0
2,9,4,0,,,,62.8,0,0,0,142.0
2,10,4,0,,,,70.9,0,0,0,276.0
2,11,4,0,,,,84.3,0,0,0,249.0
2,12,4,0,,,,82.0,0,0,0,116.0
2,13,4,0,,,,82.2,0,0,0,46.0
2,14,4,0,,,,83.1,0,0,0,19.0
2,15,4,0,,,,83.2,0,0,0,3.0
2,16,4,0,,,,81.1,0,0,0,0.0
2,17,4,0,,,,76.7,0,0,0,0.0
2,18,4,0,,,,66.5,0,0,0,0.0
2,19,4,0,,,,58.8,0,0,0,0.0
2,20,4,0,,,,54.5,0,0,0,0.0
2,21,4,0,,,,54.1,0,0,0,0.0
2,22,4,0,,,,53.1,0,0,0,0.0
2,23,4,0,,,,52.1,0,0,0,0.0
2,24,4,0,,,,51.4,0,0,0,0.0
2,1,5,0,,,,51.2,0,0,0,0.0
2,2,5,0,,,,52.8,0,0,0,0.0
2,3,5,0,,,,51.8,0,0,0,0.0
2,4,5,0,,,,51.1,0,0,0,0.0
2,5,5,0,,,,51.2,0,0,0,0.0
2,6,5,0,,,,51.3,0,0,0,0.0
2,7,5,0,,,,53.3,0,0,0,0.0
2,8,5,0,,,,56.5,0,0,0,36.0
2,9,5,0,,,,65.4,0,0,0,184.0
2,10,5,0,,,,73.6,0,0,0,331.0
2,11,5,0,,,,77.5,0,0,0,672.0
2,12,5,0,,,,76.5,0,0,0,727.0
2,13,5,0,,,,73.5,0,0,0,678.0
2,14,5,0,,,,72.8,0,0,0,497.0
2,15,5,0,,,,72.7,0,0,0,133.0
2,16,5,0,,,,72.2,0,0,0,1.0
2,17,5,0,,,,71.2,0,0,0,0.0
2,18,5,0,,,,64.9,0,0,0,0.0
2,19,5,0,,,,59.3,0,0,0,0.0
2,20,5,0,,,,49.1,0,0,0,0.0
2,21,5,0,,,,48.0,0,0,0,0.0
2,22,5,0,,,,47.3,0,0,0,0.0
2,23,5,0,,,,46.9,0,0,0,0.0
2,24,5,0,,,,47.2,0,0,0,0.0
2,1,6,0,,,,47.0,0,0,0,0.0
2,2,6,0,,,,46.4,0,0,0,0.0
2,3,6,0,,,,46.8,0,0,0,0.0
2,4,6,0,,,,47.4,0,0,0,0.0
2,5,6,0,,,,49.6,0,0,0,0.0
2,6,6,0,,,,48.6,0,0,0,0.0
2,7,6,0,,,,48.1,0,0,0,0.0
2,8,6,0,,,,51.5,0,0,0,6.0
2,9,6,0,,,,59.0,0,0,0,43.0
2,10,6,0,,,,68.2,0,0,0,85.0
2,11,6,0,,,,73.7,0,0,0,73.0
2,12,6,0,,,,74.7,0,0,0,178.0
2,13,6,0,,,,79.5,0,0,0,103.0
2,14,6,0,,,,79.2,0,0,0,33.0
2,15,6,0,,,,80.0,0,0,0,22.0
2,16,6,0,,,,78.4,0,0,0,1.0
2,17,6,0,,,,75.0,0,0,0,0.0
2,18,6,0,,,,67.0,0,0,0,0.0
2,19,6,0,,,,54.5,0,0,0,0.0
2,20,6,0,,,,49.9,0,0,0,0.0
2,21,6,0,,,,48.0,0,0,0,0.0
2,22,6,0,,,,46.9,0,0,0,0.0
2,23,6,0,,,,46.6,0,0,0,0.0
2,24,6,0,,,,46.6,0,0,0,0.0
2,1,7,0,,,,45.8,0,0,0,0.0
2,2,7,0,,,,46.1,0,0,0,0.0
2,3,7,0,,,,46.0,0,0,0,0.0
2,4,7,0,,,,46.8,0,0,0,0.0
2,5,7,0,,,,46.4,0,0,0,0.0
2,6,7,0,,,,45.8,0,0,0,0.0
2,7,7,0,,,,46.1,0,0,0,0.0
2,8,7,0,,,,46.7,0,0,0,19.0
2,9,7,0,,,,47.0,0,0,0,50.0
2,10,7,0,,,,45.7,0,0,0,99.0
2,11,7,0,,,,45.2,0,0,0,172.0
2,12,7,0,,,,45.1,0,0,0,212.0
2,13,7,0,,,,43.8,0,0,0,121.0
2,14,7,0,,,,43.2,0,0,0,39.0
2,15,7,0,,,,45.8,0,0,0,8.0
2,16,7,0,,,,47.3,0,0,0,0.0
2,17,7,0,,,,48.9,0,0,0,0.0
2,18,7,0,,,,48.8,0,0,0,0.0
2,19,7,0,,,,46.8,0,0,0,0.0
2,20,7,0,,,,45.5,0,0,0,0.0
2,21,7,0,,,,46.1,0,0,0,0.0
2,22,7,0,,,,46.3,0,0,0,0.0
2,23,7,0,,,,46.1,0,0,0,0.0
2,24,7,0,,,,46.3,0,0,0,0.0
2,1,1,0,,,,45.8,0,0,0,0.0
2,2,1,0,,,,45.4,0,0,0,0.0
2,3,1,0,,,,45.2,0,0,0,0.0
2,4,1,0,,,,46.0,0,0,0,0.0
2,5,1,0,,,,46.5,0,0,0,0.0
2,6,1,0,,,,46.6,0,0,0,0.0
2,7,1,0,,,,45.4,0,0,0,0.0
2,8,1,0,,,,44.6,0,0,0,20.0
2,9,1,0,,,,44.3,0,0,0,55.0
2,10,1,0,,,,44.8,0,0,0,107.0
2,11,1,0,,,,45.4,0,0,0,281.0
2,12,1,0,,,,45.5,0,0,0,376.0
2,13,1,0,,,,45.6,0,0,0,309.0
2,14,1,0,,,,46.4,0,0,0,135.0
2,15,1,0,,,,45.3,0,0,0,14.0
2,16,1,0,,,,47.2,0,0,0,0.0
2,17,1,0,,,,47.4,0,0,0,0.0
2,18,1,0,,,,49.1,0,0,0,0.0
2,19,1,0,,,,49.9,0,0,0,0.0
2,20,1,0,,,,49.2,0,0,0,0.0
2,21,1,0,,,,48.3,0,0,0,0.0
2,22,1,0,,,,47.6,0,0,0,0.0
2,23,1,0,,,,47.6,0,0,0,0.0
2,24,1,0,,,,48.0,0,0,0,0.0
2,1,2,0,,,,47.4,0,0,0,0.0
2,2,2,0,,,,46.7,0,0,0,0.0
2,3,2,0,,,,47.2,0,0,0,0.0
2,4,2,0,,,,48.0,0,0,0,0.0
2,5,2,0,,,,48.2,0,0,0,0.0
2,6,2,0,,,,48.1,0,0,0,0.0
2,7,2,0,,,,49.3,0,0,0,0.0
2,8,2,0,,,,57.0,0,0,0,13.0
2,9,2,0,,,,64.9,0,0,0,38.0
2,10,2,0,,,,77.8,0,0,0,66.0
2,11,2,0,,,,81.5,0,0,0,103.0
2,12,2,0,,,,82.1,0,0,0,192.0
2,13,2,0,,,,79.1,0,0,0,182.0
2,14,2,0,,,,74.9,0,0,0,99.0
2,15,2,0,,,,76.2,0,0,0,48.0
2,16,2,0,,,,75.7,0,0,0,4.0
2,17,2,0,,,,70.9,0,0,0,0.0
2,18,2,0,,,,63.1,0,0,0,0.0
2,19,2,0,,,,59.7,0,0,0,0.0
2,20,2,0,,,,51.7,0,0,0,0.0
2,21,2,0,,,,49.4,0,0,0,0.0
2,22,2,0,,,,49.5,0,0,0,0.0
2,23,2,0,,,,47.2,0,0,0,0.0
2,24,2,0,,,,47.8,0,0,0,0.0
2,1,3,0,,,,47.3,0,0,0,0.0
2,2,3,0,,,,48.2,0,0,0,0.0
2,3,3,0,,,,47.2,0,0,0,0.0
2,4,3,0,,,,49.8,0,0,0,0.0
2,5,3,0,,,,51.1,0,0,0,0.0
2,6,3,0,,,,52.4,0,0,0,0.0
2,7,3,0,,,,53.5,0,0,0,3.0
2,8,3,0,,,,53.8,0,0,0,45.0
2,9,3,0,,,,60.6,0,0,0,103.0
2,10,3,0,,,,69.8,0,0,0,345.0
2,11,3,0,,,,75.3,0,0,0,841.0
2,12,3,0,,,,73.7,0,0,0,847.0
2,13,3,0,,,,73.5,0,0,0,800.0
2,14,3,0,,,,72.6,0,0,0,693.0
2,15,3,0,,,,76.6,0,0,0,463.0
2,16,3,0,,,,76.2,0,0,0,98.0
2,17,3,0,,,,67.5,0,0,0,0.0
2,18,3,0,,,,63.4,0,0,0,0.0
2,19,3,0,,,,55.0,0,0,0,0.0
2,20,3,0,,,,53.6,0,0,0,0.0
2,21,3,0,,,,52.2,0,0,0,0.0
2,22,3,0,,,,49.4,0,0,0,0.0
2,23,3,0,,,,46.8,0,0,0,0.0
2,24,3,0,,,,48.0,0,0,0,0.0
2,1,4,0,,,,46.9,0,0,0,0.0
2,2,4,0,,,,47.4,0,0,0,0.0
2,3,4,0,,,,45.6,0,0,0,0.0
2,4,4,0,,,,47.4,0,0,0,0.0
2,5,4,0,,,,47.2,0,0,0,0.0
2,6,4,0,,,,48.0,0,0,0,0.0
2,7,4,0,,,,48.1,0,0,0,0.0
2,8,4,0,,,,53.4,0,0,0,16.0
2,9,4,0,,,,63.0,0,0,0,54.0
2,10,4,0,,,,70.2,0,0,0,131.0
2,11,4,0,,,,78.5,0,0,0,389.0
2,12,4,0,,,,77.9,0,0,0,674.0
2,13,4,0,,,,70.5,0,0,0,657.0
2,14,4,0,,,,71.9,0,0,0,515.0
2,15,4,0,,,,76.1,0,0,0,295.0
2,16,4,0,,,,79.2,0,0,0,50.0
2,17,4,0,,,,71.8,0,0,0,0.0
2,18,4,0,,,,64.9,0,0,0,0.0
2,19,4,0,,,,57.7,0,0,0,0.0
2,20,4,0,,,,52.3,0,0,0,0.0
2,21,4,0,,,,49.2,0,0,0,0.0
2,22,4,0,,,,49.0,0,0,0,0.0
2,23,4,0,,,,48.0,0,0,0,0.0
2,24,4,0,,,,47.7,0,0,0,0.0
2,1,5,0,,,,47.6,0,0,0,0.0
2,2,5,0,,,,48.4,0,0,0,0.0
2,3,5,0,,,,45.4,0,0,0,0.0
2,4,5,0,,,,46.0,0,0,0,0.0
2,5,5,0,,,,44.2,0,0,0,0.0
2,6,5,0,,,,44.9,0,0,0,0.0
2,7,5,0,,,,44.5,0,0,0,0.0
2,8,5,0,,,,49.0,0,0,0,10.0
2,9,5,0,,,,60.5,0,0,0,19.0
2,10,5,0,,,,71.8,0,0,0,37.0
2,11,5,0,,,,76.0,0,0,0,40.0
2,12,5,0,,,,80.1,0,0,0,36.0
2,13,5,0,,,,82.0,0,0,0,33.0
2,14,5,0,,,,78.1,0,0,0,21.0
2,15,5,0,,,,83.7,0,0,0,8.0
2,16,5,0,,,,81.1,0,0,0,0.0
2,17,5,0,,,,75.5,0,0,0,0.0
2,18,5,0,,,,66.4,0,0,0,0.0
2,19,5,0,,,,59.4,0,0,0,0.0
2,20,5,0,,,,53.9,0,0,0,0.0
2,21,5,0,,,,52.0,0,0,0,0.0
2,22,5,0,,,,50.3,0,0,0,0.0
2,23,5,0,,,,49.6,0,0,0,0.0
2,24,5,0,,,,49.0,0,0,0,0.0
2,1,6,0,,,,48.4,0,0,0,0.0
2,2,6,0,,,,48.0,0,0,0,0.0
2,3,6,0,,,,48.3,0,0,0,0.0
2,4,6,0,,,,48.3,0,0,0,0.0
2,5,6,0,,,,48.0,0,0,0,0.0
2,6,6,0,,,,49.1,0,0,0,0.0
2,7,6,0,,,,49.8,0,0,0,1.0
2,8,6,0,,,,53.4,0,0,0,23.0
2,9,6,0,,,,61.5,0,0,0,58.0
2,10,6,0,,,,64.2,0,0,0,122.0
2,11,6,0,,,,72.5,0,0,0,188.0
2,12,6,0,,,,72.5,0,0,0,159.0
2,13,6,0,,,,74.1,0,0,0,105.0
2,14,6,0,,,,74.9,0,0,0,83.0
2,15,6,0,,,,74.1,0,0,0,39.0
2,16,6,0,,,,73.8,0,0,0,1.0
2,17,6,0,,,,68.9,0,0,0,0.0
2,18,6,0,,,,62.3,0,0,0,0.0
2,19,6,0,,,,55.1,0,0,0,0.0
2,20,6,0,,,,51.8,0,0,0,0.0
2,21,6,0,,,,47.0,0,0,0,0.0
2,22,6,0,,,,47.1,0,0,0,0.0
2,23,6,0,,,,47.6,0,0,0,0.0
2,24,6,0,,,,46.1,0,0,0,0.0
2,1,7,0,,,,46.5,0,0,0,0.0
2,2,7,0,,,,45.8,0,0,0,0.0
2,3,7,0,,,,45.9,0,0,0,0.0
2,4,7,0,,,,46.2,0,0,0,0.0
2,5,7,0,,,,46.2,0,0,0,0.0
2,6,7,0,,,,46.0,0,0,0,0.0
2,7,7,0,,,,46.1,0,0,0,0.0
2,8,7,0,,,,45.9,0,0,0,14.0
2,9,7,0,,,,45.4,0,0,0,49.0
2,10,7,0,,,,45.0,0,0,0,152.0
2,11,7,0,,,,46.1,0,0,0,398.0
2,12,7,0,,,,46.4,0,0,0,584.0
2,13,7,0,,,,45.8,0,0,0,612.0
2,14,7,0,,,,45.5,0,0,0,509.0
2,15,7,0,,,,45.4,0,0,0,304.0
2,16,7,0,,,,45.6,0,0,0,50.0
2,17,7,0,,,,46.8,0,0,0,0.0
2,18,7,0,,,,48.9,0,0,0,0.0
2,19,7,0,,,,47.0,0,0,0,0.0
2,20,7,0,,,,49.8,0,0,0,0.0
2,21,7,0,,,,49.2,0,0,0,0.0
2,22,7,0,,,,47.2,0,0,0,0.0
2,23,7,0,,,,48.4,0,0,0,0.0
2,24,7,0,,,,48.1,0,0,0,0.0
2,1,1,0,,,,46.8,0,0,0,0.0
2,2,1,0,,,,48.0,0,0,0,0.0
2,3,1,0,,,,48.0,0,0,0,0.0
2,4,1,0,,,,47.2,0,0,0,0.0
2,5,1,0,,,,47.4,0,0,0,0.0
2,6,1,0,,,,46.6,0,0,0,0.0
2,7,1,0,,,,47.9,0,0,0,2.0
2,8,1,0,,,,45.4,0,0,0,21.0
2,9,1,0,,,,46.5,0,0,0,31.0
2,10,1,0,,,,47.8,0,0,0,61.0
2,11,1,0,,,,49.5,0,0,0,95.0
2,12,1,0,,,,47.8,0,0,0,69.0
2,13,1,0,,,,47.0,0,0,0,53.0
2,14,1,0,,,,47.3,0,0,0,37.0
2,15,1,0,,,,48.8,0,0,0,14.0
2,16,1,0,,,,48.9,0,0,0,0.0
2,17,1,0,,,,50.2,0,0,0,0.0
2,18,1,0,,,,51.6,0,0,0,0.0
2,19,1,0,,,,50.6,0,0,0,0.0
2,20,1,0,,,,49.1,0,0,0,0.0
2,21,1,0,,,,46.5,0,0,0,0.0
2,22,1,0,,,,48.5,0,0,0,0.0
2,23,1,0,,,,48.4,0,0,0,0.0
2,24,1,0,,,,46.8,0,0,0,0.0
2,1,2,0,,,,46.5,0,0,0,0.0
2,2,2,0,,,,48.2,0,0,0,0.0
2,3,2,0,,,,47.1,0,0,0,0.0
2,4,2,0,,,,50.1,0,0,0,0.0
2,5,2,0,,,,52.0,0,0,0,0.0
2,6,2,0,,,,52.9,0,0,0,0.0
2,7,2,0,,,,50.2,0,0,0,5.0
2,8,2,0,,,,53.5,0,0,0,89.0
2,9,2,0,,,,61.8,0,0,0,451.0
2,10,2,0,,,,67.2,0,0,0,644.0
2,11,2,0,,,,75.5,0,0,0,645.0
2,12,2,0,,,,77.8,0,0,0,622.0
2,13,2,0,,,,76.0,0,0,0,511.0
2,14,2,0,,,,72.5,0,0,0,343.0
2,15,2,0,,,,71.6,0,0,0,116.0
2,16,2,0,,,,70.5,0,0,0,11.0
2,17,2,0,,,,69.3,0,0,0,0.0
2,18,2,0,,,,64.0,0,0,0,0.0
2,19,2,0,,,,55.8,0,0,0,0.0
2,20,2,0,,,,52.4,0,0,0,0.0
2,21,2,0,,,,49.3,0,0,0,0.0
2,22,2,0,,,,48.5,0,0,0,0.0
2,23,2,0,,,,48.0,0,0,0,0.0
2,24,2,0,,,,48.0,0,0,0,0.0
2,1,3,0,,,,48.8,0,0,0,0.0
2,2,3,0,,,,48.4,0,0,0,0.0
2,3,3,0,,,,47.2,0,0,0,0.0
2,4,3,0,,,,49.4,0,0,0,0.0
2,5,3,0,,,,48.3,0,0,0,0.0
2,6,3,0,,,,50.1,0,0,0,0.0
2,7,3,0,,,,48.8,0,0,0,2.0
2,8,3,0,,,,53.6,0,0,0,35.0
2,9,3,0,,,,60.9,0,0,0,128.0
2,10,3,0,,,,68.7,0,0,0,388.0
2,11,3,0,,,,79.0,0,0,0,500.0
2,12,3,0,,,,83.2,0,0,0,352.0
2,13,3,0,,,,82.2,0,0,0,174.0
2,14,3,0,,,,81.7,0,0,0,53.0
2,15,3,0,,,,76.3,0,0,0,12.0
2,16,3,0,,,,76.0,0,0,0,0.0
2,17,3,0,,,,71.5,0,0,0,0.0
2,18,3,0,,,,64.8,0,0,0,0.0
2,19,3,0,,,,56.9,0,0,0,0.0
2,20,3,0,,,,50.8,0,0,0,0.0
2,21,3,0,,,,48.6,0,0,0,0.0
2,22,3,0,,,,48.9,0,0,0,0.0
2,23,3,0,,,,50.7,0,0,0,0.0
2,24,3,0,,,,50.0,0,0,0,0.0
2,1,4,0,,,,51.4,0,0,0,0.0
2,2,4,0,,,,48.2,0,0,0,0.0
2,3,4,0,,,,46.1,0,0,0,0.0
2,4,4,0,,,,47.4,0,0,0,0.0
2,5,4,0,,,,47.2,0,0,0,0.0
2,6,4,0,,,,48.2,0,0,0,0.0
2,7,4,0,,,,50.6,0,0,0,4.0
2,8,4,0,,,,53.7,0,0,0,33.0
2,9,4,0,,,,61.3,0,0,0,82.0
2,10,4,0,,,,69.2,0,0,0,166.0
2,11,4,0,,,,74.1,0,0,0,229.0
2,12,4,0,,,,77.7,0,0,0,580.0
2,13,4,0,,,,74.9,0,0,0,563.0
2,14,4,0,,,,72.6,0,0,0,387.0
2,15,4,0,,,,72.5,0,0,0,158.0
2,16,4,0,,,,74.2,0,0,0,38.0
2,17,4,0,,,,72.1,0,0,0,0.0
2,18,4,0,,,,68.1,0,0,0,0.0
2,19,4,0,,,,61.4,0,0,0,0.0
2,20,4,0,,,,60.5,0,0,0,0.0
2,21,4,0,,,,54.5,0,0,0,0.0
2,22,4,0,,,,52.3,0,0,0,0.0
2,23,4,0,,,,51.6,0,0,0,0.0
2,24,4,0,,,,51.5,0,0,0,0.0
2,1,5,0,,,,52.3,0,0,0,0.0
2,2,5,0,,,,52.1,0,0,0,0.0
2,3,5,0,,,,52.5,0,0,0,0.0
2,4,5,0,,,,52.0,0,0,0,0.0
2,5,5,0,,,,52.1,0,0,0,0.0
2,6,5,0,,,,54.2,0,0,0,0.0
2,7,5,0,,,,53.9,0,0,0,9.0
2,8,5,0,,,,57.8,0,0,0,46.0
2,9,5,0,,,,64.8,0,0,0,96.0
2,10,5,0,,,,70.5,0,0,0,237.0
2,11,5,0,,,,75.1,0,0,0,372.0
2,12,5,0,,,,74.4,0,0,0,506.0
2,13,5,0,,,,76.7,0,0,0,533.0
2,14,5,0,,,,78.7,0,0,0,400.0
2,15,5,0,,,,78.2,0,0,0,207.0
2,16,5,0,,,,78.0,0,0,0,47.0
2,17,5,0,,,,74.5,0,0,0,0.0
2,18,5,0,,,,70.0,0,0,0,0.0
2,19,5,0,,,,63.0,0,0,0,0.0
2,20,5,0,,,,51.4,0,0,0,0.0
2,21,5,0,,,,50.7,0,0,0,0.0
2,22,5,0,,,,49.1,0,0,0,0.0
2,23,5,0,,,,46.9,0,0,0,0.0
2,24,5,0,,,,49.0,0,0,0,0.0
2,1,6,0,,,,48.8,0,0,0,0.0
2,2,6,0,,,,47.8,0,0,0,0.0
2,3,6,0,,,,46.8,0,0,0,0.0
2,4,6,0,,,,47.8,0,0,0,0.0
2,5,6,0,,,,48.0,0,0,0,0.0
2,6,6,0,,,,50.5,0,0,0,0.0
2,7,6,0,,,,50.5,0,0,0,19.0
2,8,6,0,,,,55.9,0,0,0,95.0
2,9,6,0,,,,63.2,0,0,0,292.0
2,10,6,0,,,,73.7,0,0,0,448.0
2,11,6,0,,,,78.4,0,0,0,711.0
2,12,6,0,,,,79.8,0,0,0,731.0
2,13,6,0,,,,79.6,0,0,0,606.0
2,14,6,0,,,,78.4,0,0,0,392.0
2,15,6,0,,,,80.2,0,0,0,240.0
2,16,6,0,,,,79.5,0,0,0,51.0
2,17,6,0,,,,72.8,0,0,0,0.0
2,18,6,0,,,,69.5,0,0,0,0.0
2,19,6,0,,,,62.2,0,0,0,0.0
2,20,6,0,,,,58.3,0,0,0,0.0
2,21,6,0,,,,57.2,0,0,0,0.0
2,22,6,0,,,,55.2,0,0,0,0.0
2,23,6,0,,,,55.4,0,0,0,0.0
2,24,6,0,,,,52.9,0,0,0,0.0
2,1,7,0,,,,54.4,0,0,0,0.0
2,2,7,0,,,,51.2,0,0,0,0.0
2,3,7,0,,,,51.9,0,0,0,0.0
2,4,7,0,,,,51.2,0,0,0,0.0
2,5,7,0,,,,51.8,0,0,0,0.0
2,6,7,0,,,,51.8,0,0,0,0.0
2,7,7,0,,,,52.0,0,0,0,3.0
2,8,7,0,,,,50.8,0,0,0,31.0
2,9,7,0,,,,51.0,0,0,0,68.0
2,10,7,0,,,,50.6,0,0,0,98.0
2,11,7,0,,,,51.1,0,0,0,94.0
2,12,7,0,,,,51.9,0,0,0,77.0
2,13,7,0,,,,51.9,0,0,0,55.0
2,14,7,0,,,,49.2,0,0,0,37.0
2,15,7,0,,,,52.8,0,0,0,17.0
2,16,7,0,,,,54.2,0,0,0,1.0
2,17,7,0,,,,55.2,0,0,0,0.0
2,18,7,0,,,,52.4,0,0,0,0.0
2,19,7,0,,,,54.4,0,0,0,0.0
2,20,7,0,,,,51.0,0,0,0,0.0
2,21,7,0,,,,47.2,0,0,0,0.0
2,22,7,0,,,,48.5,0,0,0,0.0
2,23,7,0,,,,47.6,0,0,0,0.0
2,24,7,0,,,,49.2,0,0,0,0.0
2,1,1,0,,,,49.1,0,0,0,0.0
2,2,1,0,,,,47.6,0,0,0,0.0
2,3,1,0,,,,47.4,0,0,0,0.0
2,4,1,0,,,,50.5,0,0,0,0.0
2,5,1,0,,,,49.7,0,0,0,0.0
2,6,1,0,,,,48.6,0,0,0,0.0
2,7,1,0,,,,48.4,0,0,0,32.0
2,8,1,0,,,,47.4,0,0,0,119.0
2,9,1,0,,,,47.2,0,0,0,215.0
2,10,1,0,,,,49.5,0,0,0,189.0
2,11,1,0,,,,49.1,0,0,0,238.0
2,12,1,0,,,,49.1,0,0,0,224.0
2,13,1,0,,,,48.6,0,0,0,222.0
2,14,1,0,,,,48.9,0,0,0,157.0
2,15,1,0,,,,47.1,0,0,0,77.0
2,16,1,0,,,,48.4,0,0,0,13.0
2,17,1,0,,,,49.6,0,0,0,0.0
2,18,1,0,,,,49.9,0,0,0,0.0
2,19,1,0,,,,50.4,0,0,0,0.0
2,20,1,0,,,,49.8,0,0,0,0.0
2,21,1,0,,,,50.3,0,0,0,0.0
2,22,1,0,,,,50.5,0,0,0,0.0
2,23,1,0,,,,51.4,0,0,0,0.0
2,24,1,0,,,,50.0,0,0,0,0.0
2,1,2,0,,,,51.1,0,0,0,0.0
2,2,2,0,,,,51.5,0,0,0,0.0
2,3,2,0,,,,51.7,0,0,0,0.0
2,4,2,0,,,,51.8,0,0,0,0.0
2,5,2,0,,,,51.0,0,0,0,0.0
2,6,2,0,,,,52.6,0,0,0,0.0
2,7,2,0,,,,52.7,0,0,0,42.0
2,8,2,0,,,,57.6,0,0,0,141.0
2,9,2,0,,,,65.2,0,0,0,249.0
2,10,2,0,,,,77.5,0,0,0,288.0
2,11,2,0,,,,87.1,0,0,0,327.0
2,12,2,0,,,,84.0,0,0,0,266.0
2,13,2,0,,,,83.5,0,0,0,179.0
2,14,2,0,,,,88.8,0,0,0,112.0
2,15,2,0,,,,86.7,0,0,0,47.0
2,16,2,0,,,,89.4,0,0,0,7.0
2,17,2,0,,,,82.0,0,0,0,0.0
2,18,2,0,,,,77.2,0,0,0,0.0
2,19,2,0,,,,67.1,0,0,0,0.0
2,20,2,0,,,,60.1,0,0,0,0.0
2,21,2,0,,,,58.6,0,0,0,0.0
2,22,2,0,,,,58.2,0,0,0,0.0
2,23,2,0,,,,58.8,0,0,0,0.0
2,24,2,0,,,,58.8,0,0,0,0.0
2,1,3,0,,,,58.5,0,0,0,0.0
2,2,3,0,,,,55.9,0,0,0,0.0
2,3,3,0,,,,56.7,0,0,0,0.0
2,4,3,0,,,,57.4,0,0,0,0.0
2,5,3,0,,,,57.3,0,0,0,0.0
2,6,3,0,,,,57.1,0,0,0,0.0
2,7,3,0,,,,57.1,0,0,0,23.0
2,8,3,0,,,,60.6,0,0,0,74.0
2,9,3,0,,,,67.9,0,0,0,133.0
2,10,3,0,,,,79.2,0,0,0,202.0
2,11,3,0,,,,82.4,0,0,0,247.0
2,12,3,0,,,,78.8,0,0,0,340.0
2,13,3,0,,,,75.7,0,0,0,342.0
2,14,3,0,,,,75.1,0,0,0,220.0
2,15,3,0,,,,74.2,0,0,0,86.0
2,16,3,0,,,,75.4,0,0,0,13.0
2,17,3,0,,,,72.3,0,0,0,0.0
2,18,3,0,,,,66.3,0,0,0,0.0
2,19,3,0,,,,57.8,0,0,0,0.0
2,20,3,0,,,,53.8,0,0,0,0.0
2,21,3,0,,,,52.2,0,0,0,0.0
2,22,3,0,,,,48.8,0,0,0,0.0
2,23,3,0,,,,51.3,0,0,0,0.0
2,24,3,0,,,,49.8,0,0,0,0.0
2,1,4,0,,,,49.8,0,0,0,0.0
2,2,4,0,,,,50.3,0,0,0,0.0
2,3,4,0,,,,48.9,0,0,0,0.0
2,4,4,0,,,,50.9,0,0,0,0.0
2,5,4,0,,,,50.7,0,0,0,0.0
2,6,4,0,,,,50.8,0,0,0,0.0
2,7,4,0,,,,51.7,0,0,0,2.0
2,8,4,0,,,,56.0,0,0,0,10.0
2,9,4,0,,,,62.1,0,0,0,18.0
2,10,4,0,,,,70.2,0,0,0,23.0
2,11,4,0,,,,76.7,0,0,0,40.0
2,12,4,0,,,,77.1,0,0,0,55.0
2,13,4,0,,,,78.3,0,0,0,54.0
2,14,4,0,,,,76.9,0,0,0,35.0
2,15,4,0,,,,76.2,0,0,0,16.0
2,16,4,0,,,,74.8,0,0,0,2.0
2,17,4,0,,,,71.2,0,0,0,0.0
2,18,4,0,,,,58.8,0,0,0,0.0
2,19,4,0,,,,56.4,0,0,0,0.0
2,20,4,0,,,,52.4,0,0,0,0.0
2,21,4,0,,,,48.8,0,0,0,0.0
2,22,4,0,,,,44.2,0,0,0,0.0
2,23,4,0,,,,41.8,0,0,0,0.0
2,24,4,0,,,,42.2,0,0,0,0.0
2,1,5,0,,,,42.2,0,0,0,0.0
2,2,5,0,,,,42.1,0,0,0,0.0
2,3,5,0,,,,42.5,0,0,0,0.0
2,4,5,0,,,,43.3,0,0,0,0.0
2,5,5,0,,,,42.4,0,0,0,0.0
2,6,5,0,,,,45.4,0,0,0,0.0
2,7,5,0,,,,45.0,0,0,0,13.0
2,8,5,0,,,,49.0,0,0,0,57.0
2,9,5,0,,,,55.0,0,0,0,172.0
2,10,5,0,,,,64.7,0,0,0,324.0
2,11,5,0,,,,71.2,0,0,0,390.0
2,12,5,0,,,,70.2,0,0,0,473.0
2,13,5,0,,,,66.4,0,0,0,572.0
2,14,5,0,,,,63.6,0,0,0,587.0
2,15,5,0,,,,66.7,0,0,0,471.0
2,16,5,0,,,,67.2,0,0,0,185.0
2,17,5,0,,,,63.5,0,0,0,0.0
2,18,5,0,,,,59.6,0,0,0,0.0
2,19,5,0,,,,54.5,0,0,0,0.0
2,20,5,0,,,,49.9,0,0,0,0.0
2,21,5,0,,,,46.8,0,0,0,0.0
2,22,5,0,,,,47.0,0,0,0,0.0
2,23,5,0,,,,46.8,0,0,0,0.0
2,24,5,0,,,,43.2,0,0,0,0.0
2,1,6,0,,,,44.4,0,0,0,0.0
2,2,6,0,,,,42.9,0,0,0,0.0
2,3,6,0,,,,41.6,0,0,0,0.0
2,4,6,0,,,,42.3,0,0,0,0.0
2,5,6,0,,,,41.7,0,0,0,0.0
2,6,6,0,,,,42.7,0,0,0,0.0
2,7,6,0,,,,42.7,0,0,0,24.0
2,8,6,0,,,,47.0,0,0,0,47.0
2,9,6,0,,,,54.0,0,0,0,143.0
2,10,6,0,,,,59.6,0,0,0,553.0
2,11,6,0,,,,62.3,0,0,0,599.0
2,12,6,0,,,,65.9,0,0,0,208.0
2,13,6,0,,,,68.0,0,0,0,51.0
2,14,6,0,,,,67.2,0,0,0,59.0
2,15,6,0,,,,71.7,0,0,0,53.0
2,16,6,0,,,,72.7,0,0,0,7.0
2,17,6,0,,,,65.9,0,0,0,0.0
2,18,6,0,,,,61.5,0,0,0,0.0
2,19,6,0,,,,54.1,0,0,0,0.0
2,20,6,0,,,,51.4,0,0,0,0.0
2,21,6,0,,,,45.5,0,0,0,0.0
2,22,6,0,,,,44.9,0,0,0,0.0
2,23,6,0,,,,44.4,0,0,0,0.0
2,24,6,0,,,,42.3,0,0,0,0.0
2,1,7,0,,,,41.0,0,0,0,0.0
2,2,7,0,,,,40.8,0,0,0,0.0
2,3,7,0,,,,41.0,0,0,0,0.0
2,4,7,0,,,,41.5,0,0,0,0.0
2,5,7,0,,,,40.7,0,0,0,0.0
2,6,7,0,,,,41.1,0,0,0,0.0
2,7,7,0,,,,41.6,0,0,0,25.0
2,8,7,0,,,,41.4,0,0,0,232.0
2,9,7,0,,,,42.6,0,0,0,491.0
2,10,7,0,,,,41.6,0,0,0,422.0
2,11,7,0,,,,42.8,0,0,0,229.0
2,12,7,0,,,,42.9,0,0,0,159.0
2,13,7,0,,,,43.4,0,0,0,97.0
2,14,7,0,,,,45.0,0,0,0,52.0
2,15,7,0,,,,44.9,0,0,0,32.0
2,16,7,0,,,,48.1,0,0,0,8.0
2,17,7,0,,,,44.7,0,0,0,0.0
2,18,7,0,,,,45.1,0,0,0,0.0
2,19,7,0,,,,46.5,0,0,0,0.0
2,20,7,0,,,,41.4,0,0,0,0.0
2,21,7,0,,,,42.0,0,0,0,0.0
2,22,7,0,,,,42.2,0,0,0,0.0
2,23,7,0,,,,41.2,0,0,0,0.0
2,24,7,0,,,,41.8,0,0,0,0.0
2,1,1,0,,,,41.1,0,0,0,0.0
2,2,1,0,,,,41.4,0,0,0,0.0
2,3,1,0,,,,41.5,0,0,0,0.0
2,4,1,0,,,,40.9,0,0,0,0.0
2,5,1,0,,,,42.1,0,0,0,0.0
2,6,1,0,,,,43.4,0,0,0,0.0
2,7,1,0,,,,41.4,0,0,0,6.0
2,8,1,0,,,,40.1,0,0,0,35.0
2,9,1,0,,,,41.6,0,0,0,147.0
2,10,1,0,,,,40.8,0,0,0,533.0
2,11,1,0,,,,40.2,0,0,0,581.0
2,12,1,0,,,,44.0,0,0,0,327.0
2,13,1,0,,,,43.8,0,0,0,159.0
2,14,1,0,,,,44.7,0,0,0,87.0
2,15,1,0,,,,45.4,0,0,0,63.0
2,16,1,0,,,,42.5,0,0,0,20.0
2,17,1,0,,,,43.0,0,0,0,0.0
2,18,1,0,,,,43.5,0,0,0,0.0
2,19,1,0,,,,42.5,0,0,0,0.0
2,20,1,0,,,,43.7,0,0,0,0.0
2,21,1,0,,,,41.9,0,0,0,0.0
2,22,1,0,,,,43.0,0,0,0,0.0
2,23,1,0,,,,42.4,0,0,0,0.0
2,24,1,0,,,,43.7,0,0,0,0.0
2,1,2,0,,,,40.2,0,0,0,0.0
2,2,2,0,,,,42.0,0,0,0,0.0
2,3,2,0,,,,40.4,0,0,0,0.0
2,4,2,0,,,,40.5,0,0,0,0.0
2,5,2,0,,,,44.0,0,0,0,0.0
2,6,2,0,,,,45.1,0,0,0,0.0
2,7,2,0,,,,43.8,0,0,0,81.0
2,8,2,0,,,,49.6,0,0,0,195.0
2,9,2,0,,,,57.6,0,0,0,266.0
2,10,2,0,,,,71.4,0,0,0,326.0
2,11,2,0,,,,77.1,0,0,0,379.0
2,12,2,0,,,,81.4,0,0,0,380.0
2,13,2,0,,,,79.1,0,0,0,289.0
2,14,2,0,,,,83.6,0,0,0,204.0
2,15,2,0,,,,76.9,0,0,0,117.0
2,16,2,0,,,,76.5,0,0,0,38.0
2,17,2,0,,,,74.8,0,0,0,0.0
2,18,2,0,,,,68.8,0,0,0,0.0
2,19,2,0,,,,56.6,0,0,0,0.0
2,20,2,0,,,,50.0,0,0,0,0.0
2,21,2,0,,,,48.2,0,0,0,0.0
2,22,2,0,,,,46.0,0,0,0,0.0
2,23,2,0,,,,45.6,0,0,0,0.0
2,24,2,0,,,,45.2,0,0,0,0.0
3,1,3,0,,,,45.5,0,0,0,0.0
3,2,3,0,,,,45.6,0,0,0,0.0
3,3,3,0,,,,43.6,0,0,0,0.0
3,4,3,0,,,,45.2,0,0,0,0.0
3,5,3,0,,,,45.4,0,0,0,0.0
3,6,3,0,,,,46.9,0,0,0,0.0
3,7,3,0,,,,46.9,0,0,0,95.0
3,8,3,0,,,,53.1,0,0,0,241.0
3,9,3,0,,,,60.3,0,0,0,436.0
3,10,3,0,,,,69.5,0,0,0,422.0
3,11,3,0,,,,77.9,0,0,0,564.0
3,12,3,0,,,,81.7,0,0,0,519.0
3,13,3,0,,,,78.3,0,0,0,524.0
3,14,3,0,,,,84.1,0,0,0,406.0
3,15,3,0,,,,79.9,0,0,0,240.0
3,16,3,0,,,,79.8,0,0,0,72.0
3,17,3,0,,,,75.3,0,0,0,0.0
3,18,3,0,,,,67.6,0,0,0,0.0
3,19,3,0,,,,61.7,0,0,0,0.0
3,20,3,0,,,,57.6,0,0,0,0.0
3,21,3,0,,,,52.4,0,0,0,0.0
3,22,3,0,,,,51.3,0,0,0,0.0
3,23,3,0,,,,49.4,0,0,0,0.0
3,24,3,0,,,,50.2,0,0,0,0.0
3,1,4,0,,,,52.1,0,0,0,0.0
3,2,4,0,,,,49.8,0,0,0,0.0
3,3,4,0,,,,51.2,0,0,0,0.0
3,4,4,0,,,,52.3,0,0,0,0.0
3,5,4,0,,,,51.1,0,0,0,0.0
3,6,4,0,,,,50.6,0,0,0,0.0
3,7,4,0,,,,50.5,0,0,0,93.0
3,8,4,0,,,,55.0,0,0,0,230.0
3,9,4,0,,,,62.1,0,0,0,394.0
3,10,4,0,,,,67.5,0,0,0,653.0
3,11,4,0,,,,77.2,0,0,0,797.0
3,12,4,0,,,,79.8,0,0,0,831.0
3,13,4,0,,,,80.6,0,0,0,835.0
3,14,4,0,,,,73.0,0,0,0,765.0
3,15,4,0,,,,70.2,0,0,0,605.0
3,16,4,0,,,,72.2,0,0,0,300.0
3,17,4,0,,,,69.0,0,0,0,5.0
3,18,4,0,,,,65.8,0,0,0,0.0
3,19,4,0,,,,58.7,0,0,0,0.0
3,20,4,0,,,,55.9,0,0,0,0.0
3,21,4,0,,,,54.8,0,0,0,0.0
3,22,4,0,,,,55.5,0,0,0,0.0
3,23,4,0,,,,50.4,0,0,0,0.0
3,24,4,0,,,,49.3,0,0,0,0.0
3,1,5,0,,,,49.8,0,0,0,0.0
3,2,5,0,,,,49.4,0,0,0,0.0
3,3,5,0,,,,49.7,0,0,0,0.0
3,4,5,0,,,,50.5,0,0,0,0.0
3,5,5,0,,,,48.9,0,0,0,0.0
3,6,5,0,,,,49.1,0,0,0,0.0
3,7,5,0,,,,49.5,0,0,0,70.0
3,8,5,0,,,,51.1,0,0,0,242.0
3,9,5,0,,,,63.2,0,0,0,593.0
3,10,5,0,,,,72.5,0,0,0,673.0
3,11,5,0,,,,75.3,0,0,0,862.0
3,12,5,0,,,,72.5,0,0,0,908.0
3,13,5,0,,,,76.2,0,0,0,871.0
3,14,5,0,,,,75.3,0,0,0,801.0
3,15,5,0,,,,80.5,0,0,0,655.0
3,16,5,0,,,,77.6,0,0,0,350.0
3,17,5,0,,,,75.2,0,0,0,9.0
3,18,5,0,,,,70.2,0,0,0,0.0
3,19,5,0,,,,59.4,0,0,0,0.0
3,20,5,0,,,,52.1,0,0,0,0.0
3,21,5,0,,,,51.8,0,0,0,0.0
3,22,5,0,,,,49.8,0,0,0,0.0
3,23,5,0,,,,48.7,0,0,0,0.0
3,24,5,0,,,,46.9,0,0,0,0.0
3,1,6,0,,,,47.2,0,0,0,0.0
3,2,6,0,,,,48.4,0,0,0,0.0
3,3,6,0,,,,48.8,0,0,0,0.0
3,4,6,0,,,,48.2,0,0,0,0.0
3,5,6,0,,,,49.4,0,0,0,0.0
3,6,6,0,,,,48.2,0,0,0,6.0
3,7,6,0,,,,47.8,0,0,0,274.0
3,8,6,0,,,,55.4,0,0,0,617.0
3,9,6,0,,,,62.1,0,0,0,810.0
3,10,6,0,,,,68.8,0,0,0,905.0
3,11,6,0,,,,72.5,0,0,0,912.0
3,12,6,0,,,,70.4,0,0,0,899.0
3,13,6,0,,,,73.2,0,0,0,863.0
3,14,6,0,,,,71.0,0,0,0,793.0
3,15,6,0,,,,65.2,0,0,0,642.0
3,16,6,0,,,,67.3,0,0,0,348.0
3,17,6,0,,,,62.2,0,0,0,14.0
3,18,6,0,,,,58.2,0,0,0,0.0
3,19,6,0,,,,52.7,0,0,0,0.0
3,20,6,0,,,,49.6,0,0,0,0.0
3,21,6,0,,,,48.0,0,0,0,0.0
3,22,6,0,,,,47.2,0,0,0,0.0
3,23,6,0,,,,49.0,0,0,0,0.0
3,24,6,0,,,,45.5,0,0,0,0.0
3,1,7,0,,,,47.0,0,0,0,0.0
3,2,7,0,,,,47.5,0,0,0,0.0
3,3,7,0,,,,45.6,0,0,0,0.0
3,4,7,0,,,,47.0,0,0,0,0.0
3,5,7,0,,,,45.9,0,0,0,0.0
3,6,7,0,,,,46.6,0,0,0,0.0
3,7,7,0,,,,47.7,0,0,0,32.0
3,8,7,0,,,,46.1,0,0,0,97.0
3,9,7,0,,,,45.6,0,0,0,199.0
3,10,7,0,,,,45.5,0,0,0,255.0
3,11,7,0,,,,44.6,0,0,0,244.0
3,12,7,0,,,,43.5,0,0,0,205.0
3,13,7,0,,,,43.0,0,0,0,170.0
3,14,7,0,,,,43.0,0,0,0,126.0
3,15,7,0,,,,41.8,0,0,0,66.0
3,16,7,0,,,,41.4,0,0,0,20.0
3,17,7,0,,,,43.9,0,0,0,0.0
3,18,7,0,,,,43.1,0,0,0,0.0
3,19,7,0,,,,41.7,0,0,0,0.0
3,20,7,0,,,,40.3,0,0,0,0.0
3,21,7,0,,,,40.9,0,0,0,0.0
3,22,7,0,,,,42.6,0,0,0,0.0
3,23,7,0,,,,43.2,0,0,0,0.0
3,24,7,0,,,,45.8,0,0,0,0.0
3,1,1,0,,,,46.2,0,0,0,0.0
3,2,1,0,,,,43.8,0,0,0,0.0
3,3,1,0,,,,45.1,0,0,0,0.0
3,4,1,0,,,,45.0,0,0,0,0.0
3,5,1,0,,,,44.6,0,0,0,0.0
3,6,1,0,,,,43.1,0,0,0,10.0
3,7,1,0,,,,42.9,0,0,0,250.0
3,8,1,0,,,,41.9,0,0,0,495.0
3,9,1,0,,,,41.4,0,0,0,716.0
3,10,1,0,,,,44.2,0,0,0,883.0
3,11,1,0,,,,41.6,0,0,0,937.0
3,12,1,0,,,,41.3,0,0,0,915.0
3,13,1,0,,,,40.0,0,0,0,883.0
3,14,1,0,,,,39.3,0,0,0,821.0
3,15,1,0,,,,41.7,0,0,0,694.0
3,16,1,0,,,,41.4,0,0,0,412.0
3,17,1,0,,,,41.9,0,0,0,32.0
3,18,1,0,,,,45.5,0,0,0,0.0
3,19,1,0,,,,44.5,0,0,0,0.0
3,20,1,0,,,,42.4,0,0,0,0.0
3,21,1,0,,,,42.0,0,0,0,0.0
3,22,1,0,,,,43.9,0,0,0,0.0
3,23,1,0,,,,42.5,0,0,0,0.0
3,24,1,0,,,,42.0,0,0,0,0.0
3,1,2,0,,,,41.9,0,0,0,0.0
3,2,2,0,,,,45.6,0,0,0,0.0
3,3,2,0,,,,44.9,0,0,0,0.0
3,4,2,0,,,,44.4,0,0,0,0.0
3,5,2,0,,,,45.9,0,0,0,0.0
3,6,2,0,,,,45.7,0,0,0,58.0
3,7,2,0,,,,46.8,0,0,0,609.0
3,8,2,0,,,,50.0,0,0,0,833.0
3,9,2,0,,,,59.3,0,0,0,892.0
3,10,2,0,,,,66.1,0,0,0,919.0
3,11,2,0,,,,74.8,0,0,0,921.0
3,12,2,0,,,,73.2,0,0,0,906.0
3,13,2,0,,,,70.8,0,0,0,876.0
3,14,2,0,,,,70.7,0,0,0,820.0
3,15,2,0,,,,74.0,0,0,0,690.0
3,16,2,0,,,,75.5,0,0,0,432.0
3,17,2,0,,,,72.0,0,0,0,44.0
3,18,2,0,,,,67.9,0,0,0,0.0
3,19,2,0,,,,56.9,0,0,0,0.0
3,20,2,0,,,,57.6,0,0,0,0.0
3,21,2,0,,,,52.2,0,0,0,0.0
3,22,2,0,,,,49.9,0,0,0,0.0
3,23,2,0,,,,45.9,0,0,0,0.0
3,24,2,0,,,,47.3,0,0,0,0.0
3,1,3,0,,,,46.3,0,0,0,0.0
3,2,3,0,,,,47.3,0,0,0,0.0
3,3,3,0,,,,47.7,0,0,0,0.0
3,4,3,0,,,,50.1,0,0,0,0.0
3,5,3,0,,,,49.6,0,0,0,0.0
3,6,3,0,,,,48.4,0,0,0,23.0
3,7,3,0,,,,49.3,0,0,0,226.0
3,8,3,0,,,,52.6,0,0,0,747.0
3,9,3,0,,,,57.2,0,0,0,902.0
3,10,3,0,,,,63.5,0,0,0,924.0
3,11,3,0,,,,68.4,0,0,0,922.0
3,12,3,0,,,,72.1,0,0,0,898.0
3,13,3,0,,,,69.7,0,0,0,859.0
3,14,3,0,,,,68.8,0,0,0,786.0
3,15,3,0,,,,69.2,0,0,0,632.0
3,16,3,0,,,,66.4,0,0,0,327.0
3,17,3,0,,,,63.8,0,0,0,24.0
3,18,3,0,,,,58.8,0,0,0,0.0
3,19,3,0,,,,54.9,0,0,0,0.0
3,20,3,0,,,,49.7,0,0,0,0.0
3,21,3,0,,,,52.3,0,0,0,0.0
3,22,3,0,,,,48.7,0,0,0,0.0
3,23,3,0,,,,43.2,0,0,0,0.0
3,24,3,0,,,,43.6,0,0,0,0.0
3,1,4,0,,,,43.1,0,0,0,0.0
3,2,4,0,,,,44.0,0,0,0,0.0
3,3,4,0,,,,41.4,0,0,0,0.0
3,4,4,0,,,,43.0,0,0,0,0.0
3,5,4,0,,,,42.4,0,0,0,0.0
3,6,4,0,,,,44.2,0,0,0,1.0
3,7,4,0,,,,41.0,0,0,0,176.0
3,8,4,0,,,,46.7,0,0,0,562.0
3,9,4,0,,,,56.0,0,0,0,705.0
3,10,4,0,,,,67.0,0,0,0,665.0
3,11,4,0,,,,74.5,0,0,0,621.0
3,12,4,0,,,,75.3,0,0,0,504.0
3,13,4,0,,,,75.1,0,0,0,350.0
3,14,4,0,,,,73.9,0,0,0,248.0
3,15,4,0,,,,75.8,0,0,0,141.0
3,16,4,0,,,,75.4,0,0,0,97.0
3,17,4,0,,,,70.3,0,0,0,12.0
3,18,4,0,,,,61.2,0,0,0,0.0
3,19,4,0,,,,55.0,0,0,0,0.0
3,20,4,0,,,,50.8,0,0,0,0.0
3,21,4,0,,,,47.6,0,0,0,0.0
3,22,4,0,,,,44.2,0,0,0,0.0
3,23,4,0,,,,44.5,0,0,0,0.0
3,24,4,0,,,,44.9,0,0,0,0.0
3,1,5,0,,,,43.6,0,0,0,0.0
3,2,5,0,,,,41.9,0,0,0,0.0
3,3,5,0,,,,43.4,0,0,0,0.0
3,4,5,0,,,,43.7,0,0,0,0.0
3,5,5,0,,,,42.3,0,0,0,0.0
3,6,5,0,,,,44.2,0,0,0,0.0
3,7,5,0,,,,42.1,0,0,0,36.0
3,8,5,0,,,,50.1,0,0,0,136.0
3,9,5,0,,,,58.4,0,0,0,213.0
3,10,5,0,,,,62.4,0,0,0,406.0
3,11,5,0,,,,69.5,0,0,0,492.0
3,12,5,0,,,,69.8,0,0,0,461.0
3,13,5,0,,,,73.7,0,0,0,506.0
3,14,5,0,,,,68.0,0,0,0,515.0
3,15,5,0,,,,69.2,0,0,0,283.0
3,16,5,0,,,,67.6,0,0,0,109.0
3,17,5,0,,,,64.4,0,0,0,10.0
3,18,5,0,,,,55.9,0,0,0,0.0
3,19,5,0,,,,50.0,0,0,0,0.0
3,20,5,0,,,,51.3,0,0,0,0.0
3,21,5,0,,,,50.5,0,0,0,0.0
3,22,5,0,,,,46.6,0,0,0,0.0
3,23,5,0,,,,45.9,0,0,0,0.0
3,24,5,0,,,,44.2,0,0,0,0.0
3,1,6,0,,,,45.0,0,0,0,0.0
3,2,6,0,,,,45.7,0,0,0,0.0
3,3,6,0,,,,47.2,0,0,0,0.0
3,4,6,0,,,,47.2,0,0,0,0.0
3,5,6,0,,,,46.5,0,0,0,0.0
3,6,6,0,,,,48.8,0,0,0,4.0
3,7,6,0,,,,48.2,0,0,0,100.0
3,8,6,0,,,,51.3,0,0,0,479.0
3,9,6,0,,,,52.5,0,0,0,769.0
3,10,6,0,,,,57.2,0,0,0,754.0
3,11,6,0,,,,59.3,0,0,0,781.0
3,12,6,0,,,,60.9,0,0,0,781.0
3,13,6,0,,,,60.0,0,0,0,738.0
3,14,6,0,,,,64.8,0,0,0,655.0
3,15,6,0,,,,64.5,0,0,0,426.0
3,16,6,0,,,,64.5,0,0,0,140.0
3,17,6,0,,,,62.8,0,0,0,5.0
3,18,6,0,,,,63.2,0,0,0,0.0
3,19,6,0,,,,52.9,0,0,0,0.0
3,20,6,0,,,,49.1,0,0,0,0.0
3,21,6,0,,,,47.2,0,0,0,0.0
3,22,6,0,,,,44.6,0,0,0,0.0
3,23,6,0,,,,45.2,0,0,0,0.0
3,24,6,0,,,,42.8,0,0,0,0.0
3,1,7,0,,,,40.4,0,0,0,0.0
3,2,7,0,,,,41.1,0,0,0,0.0
3,3,7,0,,,,42.8,0,0,0,0.0
3,4,7,0,,,,42.1,0,0,0,0.0
3,5,7,0,,,,42.8,0,0,0,0.0
3,6,7,0,,,,41.2,0,0,0,3.0
3,7,7,0,,,,39.3,0,0,0,45.0
3,8,7,0,,,,43.2,0,0,0,135.0
3,9,7,0,,,,41.6,0,0,0,202.0
3,10,7,0,,,,42.9,0,0,0,257.0
3,11,7,0,,,,44.0,0,0,0,292.0
3,12,7,0,,,,42.5,0,0,0,411.0
3,13,7,0,,,,40.8,0,0,0,597.0
3,14,7,0,,,,40.3,0,0,0,599.0
3,15,7,0,,,,43.9,0,0,0,364.0
3,16,7,0,,,,42.6,0,0,0,80.0
3,17,7,0,,,,43.1,0,0,0,2.0
3,18,7,0,,,,47.0,0,0,0,0.0
3,19,7,0,,,,44.6,0,0,0,0.0
3,20,7,0,,,,42.6,0,0,0,0.0
3,21,7,0,,,,43.9,0,0,0,0.0
3,22,7,0,,,,42.6,0,0,0,0.0
3,23,7,0,,,,40.9,0,0,0,0.0
3,24,7,0,,,,39.2,0,0,0,0.0
3,1,1,0,,,,38.9,0,0,0,0.0
3,2,1,0,,,,39.2,0,0,0,0.0
3,3,1,0,,,,38.9,0,0,0,0.0
3,4,1,0,,,,39.0,0,0,0,0.0
3,5,1,0,,,,38.9,0,0,0,0.0
3,6,1,0,,,,40.5,0,0,0,2.0
3,7,1,0,,,,37.2,0,0,0,31.0
3,8,1,0,,,,36.9,0,0,0,70.0
3,9,1,0,,,,38.9,0,0,0,109.0
3,10,1,0,,,,38.1,0,0,0,178.0
3,11,1,0,,,,39.4,0,0,0,337.0
3,12,1,0,,,,41.9,0,0,0,235.0
3,13,1,0,,,,42.2,0,0,0,119.0
3,14,1,0,,,,41.3,0,0,0,87.0
3,15,1,0,,,,42.8,0,0,0,74.0
3,16,1,0,,,,44.4,0,0,0,44.0
3,17,1,0,,,,43.7,0,0,0,8.0
3,18,1,0,,,,43.4,0,0,0,0.0
3,19,1,0,,,,44.8,0,0,0,0.0
3,20,1,0,,,,43.2,0,0,0,0.0
3,21,1,0,,,,41.3,0,0,0,0.0
3,22,1,0,,,,40.9,0,0,0,0.0
3,23,1,0,,,,42.6,0,0,0,0.0
3,24,1,0,,,,40.6,0,0,0,0.0
3,1,2,0,,,,40.9,0,0,0,0.0
3,2,2,0,,,,40.3,0,0,0,0.0
3,3,2,0,,,,41.8,0,0,0,0.0
3,4,2,0,,,,43.5,0,0,0,0.0
3,5,2,0,,,,45.5,0,0,0,0.0
3,6,2,0,,,,46.4,0,0,0,178.0
3,7,2,0,,,,45.6,0,0,0,587.0
3,8,2,0,,,,50.6,0,0,0,793.0
3,9,2,0,,,,56.6,0,0,0,884.0
3,10,2,0,,,,69.0,0,0,0,878.0
3,11,2,0,,,,71.0,0,0,0,783.0
3,12,2,0,,,,68.1,0,0,0,660.0
3,13,2,0,,,,66.2,0,0,0,558.0
3,14,2,0,,,,67.7,0,0,0,472.0
3,15,2,0,,,,70.3,0,0,0,369.0
3,16,2,0,,,,71.6,0,0,0,174.0
3,17,2,0,,,,64.6,0,0,0,23.0
3,18,2,0,,,,62.8,0,0,0,0.0
3,19,2,0,,,,56.2,0,0,0,0.0
3,20,2,0,,,,49.2,0,0,0,0.0
3,21,2,0,,,,47.4,0,0,0,0.0
3,22,2,0,,,,43.8,0,0,0,0.0
3,23,2,0,,,,43.5,0,0,0,0.0
3,24,2,0,,,,42.2,0,0,0,0.0
3,1,3,0,,,,41.2,0,0,0,0.0
3,2,3,0,,,,42.6,0,0,0,0.0
3,3,3,0,,,,40.4,0,0,0,0.0
3,4,3,0,,,,39.5,0,0,0,0.0
3,5,3,0,,,,40.3,0,0,0,0.0
3,6,3,0,,,,41.9,0,0,0,1.0
3,7,3,0,,,,43.0,0,0,0,24.0
3,8,3,0,,,,45.8,0,0,0,75.0
3,9,3,0,,,,53.0,0,0,0,146.0
3,10,3,0,,,,58.1,0,0,0,210.0
3,11,3,0,,,,65.8,0,0,0,367.0
3,12,3,0,,,,68.2,0,0,0,690.0
3,13,3,0,,,,69.4,0,0,0,712.0
3,14,3,0,,,,69.1,0,0,0,623.0
3,15,3,0,,,,71.1,0,0,0,463.0
3,16,3,0,,,,70.4,0,0,0,212.0
3,17,3,0,,,,65.2,0,0,0,29.0
3,18,3,0,,,,59.5,0,0,0,0.0
3,19,3,0,,,,52.0,0,0,0,0.0
3,20,3,0,,,,46.9,0,0,0,0.0
3,21,3,0,,,,45.1,0,0,0,0.0
3,22,3,0,,,,44.6,0,0,0,0.0
3,23,3,0,,,,42.4,0,0,0,0.0
3,24,3,0,,,,40.0,0,0,0,0.0
3,1,4,0,,,,40.0,0,0,0,0.0
3,2,4,0,,,,40.3,0,0,0,0.0
3,3,4,0,,,,40.5,0,0,0,0.0
3,4,4,0,,,,40.1,0,0,0,0.0
3,5,4,0,,,,40.1,0,0,0,0.0
3,6,4,0,,,,42.2,0,0,0,1.0
3,7,4,0,,,,44.4,0,0,0,27.0
3,8,4,0,,,,47.2,0,0,0,79.0
3,9,4,0,,,,56.2,0,0,0,146.0
3,10,4,0,,,,66.7,0,0,0,223.0
3,11,4,0,,,,69.9,0,0,0,305.0
3,12,4,0,,,,71.4,0,0,0,307.0
3,13,4,0,,,,71.2,0,0,0,287.0
3,14,4,0,,,,71.5,0,0,0,238.0
3,15,4,0,,,,71.4,0,0,0,153.0
3,16,4,0,,,,71.4,0,0,0,62.0
3,17,4,0,,,,66.0,0,0,0,5.0
3,18,4,0,,,,58.9,0,0,0,0.0
3,19,4,0,,,,52.0,0,0,0,0.0
3,20,4,0,,,,47.0,0,0,0,0.0
3,21,4,0,,,,48.1,0,0,0,0.0
3,22,4,0,,,,46.2,0,0,0,0.0
3,23,4,0,,,,42.4,0,0,0,0.0
3,24,4,0,,,,42.5,0,0,0,0.0
3,1,5,0,,,,41.9,0,0,0,0.0
3,2,5,0,,,,41.6,0,0,0,0.0
3,3,5,0,,,,41.8,0,0,0,0.0
3,4,5,0,,,,43.1,0,0,0,0.0
3,5,5,0,,,,44.0,0,0,0,0.0
3,6,5,0,,,,43.8,0,0,0,6.0
3,7,5,0,,,,43.1,0,0,0,54.0
3,8,5,0,,,,48.5,0,0,0,141.0
3,9,5,0,,,,58.6,0,0,0,231.0
3,10,5,0,,,,69.8,0,0,0,295.0
3,11,5,0,,,,76.0,0,0,0,378.0
3,12,5,0,,,,75.4,0,0,0,314.0
3,13,5,0,,,,74.5,0,0,0,266.0
3,14,5,0,,,,72.9,0,0,0,230.0
3,15,5,0,,,,74.9,0,0,0,215.0
3,16,5,0,,,,67.4,0,0,0,117.0
3,17,5,0,,,,64.2,0,0,0,21.0
3,18,5,0,,,,60.2,0,0,0,0.0
3,19,5,0,,,,49.8,0,0,0,0.0
3,20,5,0,,,,46.5,0,0,0,0.0
3,21,5,0,,,,42.4,0,0,0,0.0
3,22,5,0,,,,43.2,0,0,0,0.0
3,23,5,0,,,,40.2,0,0,0,0.0
3,24,5,0,,,,41.9,0,0,0,0.0
3,1,6,0,,,,40.0,0,0,0,0.0
3,2,6,0,,,,40.2,0,0,0,0.0
3,3,6,0,,,,39.8,0,0,0,0.0
3,4,6,0,,,,41.5,0,0,0,0.0
3,5,6,0,,,,41.0,0,0,0,0.0
3,6,6,0,,,,42.0,0,0,0,2.0
3,7,6,0,,,,43.3,0,0,0,20.0
3,8,6,0,,,,43.4,0,0,0,47.0
3,9,6,0,,,,50.2,0,0,0,85.0
3,10,6,0,,,,63.1,0,0,0,157.0
3,11,6,0,,,,67.6,0,0,0,269.0
3,12,6,0,,,,67.5,0,0,0,421.0
3,13,6,0,,,,70.5,0,0,0,632.0
3,14,6,0,,,,67.6,0,0,0,726.0
3,15,6,0,,,,67.8,0,0,0,680.0
3,16,6,0,,,,67.0,0,0,0,515.0
3,17,6,0,,,,63.6,0,0,0,175.0
3,18,6,0,,,,56.1,0,0,0,0.0
3,19,6,0,,,,43.2,0,0,0,0.0
3,20,6,0,,,,40.3,0,0,0,0.0
3,21,6,0,,,,39.5,0,0,0,0.0
3,22,6,0,,,,40.2,0,0,0,0.0
3,23,6,0,,,,39.0,0,0,0,0.0
3,24,6,0,,,,42.6,0,0,0,0.0
3,1,7,0,,,,43.4,0,0,0,0.0
3,2,7,0,,,,44.6,0,0,0,0.0
3,3,7,0,,,,44.7,0,0,0,0.0
3,4,7,0,,,,44.0,0,0,0,0.0
3,5,7,0,,,,45.4,0,0,0,0.0
3,6,7,0,,,,44.2,0,0,0,213.0
3,7,7,0,,,,45.5,0,0,0,530.0
3,8,7,0,,,,42.2,0,0,0,798.0
3,9,7,0,,,,40.2,0,0,0,890.0
3,10,7,0,,,,40.3,0,0,0,916.0
3,11,7,0,,,,41.9,0,0,0,923.0
3,12,7,0,,,,47.1,0,0,0,914.0
3,13,7,0,,,,39.2,0,0,0,890.0
3,14,7,0,,,,41.1,0,0,0,845.0
3,15,7,0,,,,40.0,0,0,0,757.0
3,16,7,0,,,,40.1,0,0,0,573.0
3,17,7,0,,,,39.2,0,0,0,221.0
3,18,7,0,,,,40.6,0,0,0,0.0
3,19,7,0,,,,41.6,0,0,0,0.0
3,20,7,0,,,,41.1,0,0,0,0.0
3,21,7,0,,,,38.2,0,0,0,0.0
3,22,7,0,,,,39.3,0,0,0,0.0
3,23,7,0,,,,41.0,0,0,0,0.0
3,24,7,0,,,,39.2,0,0,0,0.0
3,1,1,0,,,,40.2,0,0,0,0.0
3,2,1,0,,,,40.1,0,0,0,0.0
3,3,1,0,,,,40.8,0,0,0,0.0
3,4,1,0,,,,38.8,0,0,0,0.0
3,5,1,0,,,,40.5,0,0,0,0.0
3,6,1,0,,,,38.8,0,0,0,26.0
3,7,1,0,,,,38.8,0,0,0,152.0
3,8,1,0,,,,36.8,0,0,0,467.0
3,9,1,0,,,,37.6,0,0,0,686.0
3,10,1,0,,,,37.2,0,0,0,673.0
3,11,1,0,,,,36.8,0,0,0,616.0
3,12,1,0,,,,36.0,0,0,0,462.0
3,13,1,0,,,,40.2,0,0,0,276.0
3,14,1,0,,,,39.3,0,0,0,173.0
3,15,1,0,,,,40.4,0,0,0,94.0
3,16,1,0,,,,39.8,0,0,0,37.0
3,17,1,0,,,,39.2,0,0,0,5.0
3,18,1,0,,,,38.9,0,0,0,0.0
3,19,1,0,,,,39.4,0,0,0,0.0
3,20,1,0,,,,39.6,0,0,0,0.0
3,21,1,0,,,,39.7,0,0,0,0.0
3,22,1,0,,,,37.7,0,0,0,0.0
3,23,1,0,,,,36.5,0,0,0,0.0
3,24,1,0,,,,36.2,0,0,0,0.0
3,1,2,0,,,,39.4,0,0,0,0.0
3,2,2,0,,,,38.1,0,0,0,0.0
3,3,2,0,,,,38.0,0,0,0,0.0
3,4,2,0,,,,39.6,0,0,0,0.0
3,5,2,0,,,,40.1,0,0,0,0.0
3,6,2,0,,,,38.5,0,0,0,7.0
3,7,2,0,,,,37.8,0,0,0,39.0
3,8,2,0,,,,47.0,0,0,0,95.0
3,9,2,0,,,,52.7,0,0,0,162.0
3,10,2,0,,,,61.0,0,0,0,281.0
3,11,2,0,,,,61.2,0,0,0,288.0
3,12,2,0,,,,66.9,0,0,0,218.0
3,13,2,0,,,,68.2,0,0,0,181.0
3,14,2,0,,,,64.9,0,0,0,144.0
3,15,2,0,,,,65.6,0,0,0,108.0
3,16,2,0,,,,67.0,0,0,0,55.0
3,17,2,0,,,,62.4,0,0,0,9.0
3,18,2,0,,,,56.0,0,0,0,0.0
3,19,2,0,,,,49.5,0,0,0,0.0
3,20,2,0,,,,41.6,0,0,0,0.0
3,21,2,0,,,,39.4,0,0,0,0.0
3,22,2,0,,,,38.5,0,0,0,0.0
3,23,2,0,,,,36.8,0,0,0,0.0
3,24,2,0,,,,36.9,0,0,0,0.0
3,1,3,0,,,,37.3,0,0,0,0.0
3,2,3,0,,,,37.7,0,0,0,0.0
3,3,3,0,,,,38.5,0,0,0,0.0
3,4,3,0,,,,37.6,0,0,0,0.0
3,5,3,0,,,,38.4,0,0,0,0.0
3,6,3,0,,,,40.3,0,0,0,46.0
3,7,3,0,,,,38.0,0,0,0,185.0
3,8,3,0,,,,42.7,0,0,0,390.0
3,9,3,0,,,,47.5,0,0,0,492.0
3,10,3,0,,,,57.2,0,0,0,461.0
3,11,3,0,,,,65.8,0,0,0,517.0
3,12,3,0,,,,64.8,0,0,0,534.0
3,13,3,0,,,,64.7,0,0,0,538.0
3,14,3,0,,,,63.5,0,0,0,589.0
3,15,3,0,,,,62.9,0,0,0,516.0
3,16,3,0,,,,61.6,0,0,0,266.0
3,17,3,0,,,,57.6,0,0,0,57.0
3,18,3,0,,,,50.4,0,0,0,0.0
3,19,3,0,,,,46.5,0,0,0,0.0
3,20,3,0,,,,43.6,0,0,0,0.0
3,21,3,0,,,,41.0,0,0,0,0.0
3,22,3,0,,,,42.0,0,0,0,0.0
3,23,3,0,,,,40.4,0,0,0,0.0
3,24,3,0,,,,36.3,0,0,0,0.0
3,1,4,0,,,,37.1,0,0,0,0.0
3,2,4,0,,,,39.6,0,0,0,0.0
3,3,4,0,,,,38.1,0,0,0,0.0
3,4,4,0,,,,40.6,0,0,0,0.0
3,5,4,0,,,,42.5,0,0,0,0.0
3,6,4,0,,,,42.9,0,0,0,258.0
3,7,4,0,,,,41.7,0,0,0,577.0
3,8,4,0,,,,46.1,0,0,0,758.0
3,9,4,0,,,,51.6,0,0,0,817.0
3,10,4,0,,,,57.7,0,0,0,850.0
3,11,4,0,,,,63.7,0,0,0,861.0
3,12,4,0,,,,71.7,0,0,0,860.0
3,13,4,0,,,,62.8,0,0,0,832.0
3,14,4,0,,,,63.8,0,0,0,792.0
3,15,4,0,,,,62.1,0,0,0,701.0
3,16,4,0,,,,64.5,0,0,0,527.0
3,17,4,0,,,,60.1,0,0,0,198.0
3,18,4,0,,,,52.6,0,0,0,0.0
3,19,4,0,,,,49.8,0,0,0,0.0
3,20,4,0,,,,47.2,0,0,0,0.0
3,21,4,0,,,,46.1,0,0,0,0.0
3,22,4,0,,,,40.8,0,0,0,0.0
3,23,4,0,,,,40.5,0,0,0,0.0
3,24,4,0,,,,40.5,0,0,0,0.0
3,1,5,0,,,,43.0,0,0,0,0.0
3,2,5,0,,,,41.0,0,0,0,0.0
3,3,5,0,,,,38.5,0,0,0,0.0
3,4,5,0,,,,42.6,0,0,0,0.0
3,5,5,0,,,,40.2,0,0,0,0.0
3,6,5,0,,,,42.4,0,0,0,30.0
3,7,5,0,,,,41.2,0,0,0,110.0
3,8,5,0,,,,43.0,0,0,0,332.0
3,9,5,0,,,,47.5,0,0,0,800.0
3,10,5,0,,,,51.4,0,0,0,831.0
3,11,5,0,,,,63.8,0,0,0,820.0
3,12,5,0,,,,68.1,0,0,0,773.0
3,13,5,0,,,,67.8,0,0,0,697.0
3,14,5,0,,,,58.2,0,0,0,584.0
3,15,5,0,,,,57.0,0,0,0,408.0
3,16,5,0,,,,58.8,0,0,0,210.0
3,17,5,0,,,,57.1,0,0,0,58.0
3,18,5,0,,,,51.2,0,0,0,0.0
3,19,5,0,,,,47.2,0,0,0,0.0
3,20,5,0,,,,42.4,0,0,0,0.0
3,21,5,0,,,,42.1,0,0,0,0.0
3,22,5,0,,,,40.6,0,0,0,0.0
3,23,5,0,,,,40.9,0,0,0,0.0
3,24,5,0,,,,43.5,0,0,0,0.0
3,1,6,0,,,,41.5,0,0,0,0.0
3,2,6,0,,,,40.8,0,0,0,0.0
3,3,6,0,,,,41.0,0,0,0,0.0
3,4,6,0,,,,43.6,0,0,0,0.0
3,5,6,0,,,,46.5,0,0,0,0.0
3,6,6,0,,,,40.3,0,0,0,79.0
3,7,6,0,,,,40.1,0,0,0,242.0
3,8,6,0,,,,42.6,0,0,0,497.0
3,9,6,0,,,,48.4,0,0,0,704.0
3,10,6,0,,,,50.9,0,0,0,782.0
3,11,6,0,,,,61.4,0,0,0,814.0
3,12,6,0,,,,62.4,0,0,0,785.0
3,13,6,0,,,,62.2,0,0,0,740.0
3,14,6,0,,,,58.6,0,0,0,666.0
3,15,6,0,,,,57.9,0,0,0,589.0
3,16,6,0,,,,57.3,0,0,0,423.0
3,17,6,0,,,,51.7,0,0,0,135.0
3,18,6,0,,,,48.2,0,0,0,0.0
3,19,6,0,,,,45.6,0,0,0,0.0
3,20,6,0,,,,44.4,0,0,0,0.0
3,21,6,0,,,,39.4,0,0,0,0.0
3,22,6,0,,,,39.8,0,0,0,0.0
3,23,6,0,,,,39.8,0,0,0,0.0
3,24,6,0,,,,39.4,0,0,0,0.0
3,1,7,0,,,,40.9,0,0,0,0.0
3,2,7,0,,,,40.5,0,0,0,0.0
3,3,7,0,,,,38.5,0,0,0,0.0
3,4,7,0,,,,38.1,0,0,0,0.0
3,5,7,0,,,,37.2,0,0,0,0.0
3,6,7,0,,,,38.3,0,0,0,12.0
3,7,7,0,,,,39.2,0,0,0,54.0
3,8,7,0,,,,40.6,0,0,0,121.0
3,9,7,0,,,,39.9,0,0,0,228.0
3,10,7,0,,,,39.8,0,0,0,347.0
3,11,7,0,,,,38.0,0,0,0,355.0
3,12,7,0,,,,37.8,0,0,0,294.0
3,13,7,0,,,,39.0,0,0,0,214.0
3,14,7,0,,,,36.4,0,0,0,128.0
3,15,7,0,,,,36.2,0,0,0,63.0
3,16,7,0,,,,38.6,0,0,0,25.0
3,17,7,0,,,,38.6,0,0,0,4.0
3,18,7,0,,,,39.1,0,0,0,0.0
3,19,7,0,,,,40.5,0,0,0,0.0
3,20,7,0,,,,38.3,0,0,0,0.0
3,21,7,0,,,,38.0,0,0,0,0.0
3,22,7,0,,,,40.2,0,0,0,0.0
3,23,7,0,,,,40.7,0,0,0,0.0
3,24,7,0,,,,38.6,0,0,0,0.0
3,1,1,1,,,,40.0,0,0,0,0.0
3,2,1,1,,,,38.4,0,0,0,0.0
3,3,1,1,,,,40.4,0,0,0,0.0
3,4,1,1,,,,40.0,0,0,0,0.0
3,5,1,1,,,,39.3,0,0,0,0.0
3,6,1,1,,,,39.5,0,0,0,12.0
3,7,1,1,,,,39.2,0,0,0,68.0
3,8,1,1,,,,39.6,0,0,0,179.0
3,9,1,1,,,,39.7,0,0,0,325.0
3,10,1,1,,,,39.5,0,0,0,496.0
3,11,1,1,,,,36.8,0,0,0,604.0
3,12,1,1,,,,39.8,0,0,0,573.0
3,13,1,1,,,,37.0,0,0,0,543.0
3,14,1,1,,,,38.8,0,0,0,443.0
3,15,1,1,,,,40.8,0,0,0,302.0
3,16,1,1,,,,37.2,0,0,0,102.0
3,17,1,1,,,,36.2,0,0,0,18.0
3,18,1,1,,,,37.5,0,0,0,0.0
3,19,1,1,,,,40.6,0,0,0,0.0
3,20,1,1,,,,42.6,0,0,0,0.0
3,21,1,1,,,,39.0,0,0,0,0.0
3,22,1,1,,,,39.9,0,0,0,0.0
3,23,1,1,,,,39.2,0,0,0,0.0
3,24,1,1,,,,38.2,0,0,0,0.0
3,1,2,1,,,,38.0,0,0,0,0.0
3,2,2,1,,,,40.1,0,0,0,0.0
3,3,2,1,,,,41.0,0,0,0,0.0
3,4,2,1,,,,39.4,0,0,0,0.0
3,5,2,1,,,,42.4,0,0,0,0.0
3,6,2,1,,,,40.0,0,0,0,83.0
3,7,2,1,,,,44.8,0,0,0,175.0
3,8,2,1,,,,54.1,0,0,0,460.0
3,9,2,1,,,,61.6,0,0,0,819.0
3,10,2,1,,,,63.6,0,0,0,864.0
3,11,2,1,,,,61.4,0,0,0,884.0
3,12,2,1,,,,64.2,0,0,0,870.0
3,13,2,1,,,,67.0,0,0,0,848.0
3,14,2,1,,,,64.8,0,0,0,802.0
3,15,2,1,,,,66.8,0,0,0,715.0
3,16,2,1,,,,63.8,0,0,0,530.0
3,17,2,1,,,,57.8,0,0,0,197.0
3,18,2,1,,,,47.0,0,0,0,0.0
3,19,2,1,,,,45.8,0,0,0,0.0
3,20,2,1,,,,42.7,0,0,0,0.0
3,21,2,1,,,,41.4,0,0,0,0.0
3,22,2,1,,,,41.8,0,0,0,0.0
3,23,2,1,,,,39.9,0,0,0,0.0
3,24,2,1,,,,40.4,0,0,0,0.0
3,1,3,1,,,,40.5,0,0,0,0.0
3,2,3,1,,,,41.3,0,0,0,0.0
3,3,3,1,,,,41.0,0,0,0,0.0
3,4,3,1,,,,42.8,0,0,0,0.0
3,5,3,1,,,,43.2,0,0,0,0.0
3,6,3,1,,,,42.1,0,0,0,52.0
3,7,3,1,,,,43.4,0,0,0,241.0
3,8,3,1,,,,49.2,0,0,0,502.0
3,9,3,1,,,,50.9,0,0,0,684.0
3,10,3,1,,,,56.7,0,0,0,762.0
3,11,3,1,,,,65.0,0,0,0,784.0
3,12,3,1,,,,68.3,0,0,0,766.0
3,13,3,1,,,,60.0,0,0,0,691.0
3,14,3,1,,,,61.0,0,0,0,552.0
3,15,3,1,,,,63.3,0,0,0,287.0
3,16,3,1,,,,58.8,0,0,0,137.0
3,17,3,1,,,,52.6,0,0,0,39.0
3,18,3,1,,,,45.7,0,0,0,0.0
3,19,3,1,,,,45.6,0,0,0,0.0
3,20,3,1,,,,42.8,0,0,0,0.0
3,21,3,1,,,,40.8,0,0,0,0.0
3,22,3,1,,,,41.4,0,0,0,0.0
3,23,3,1,,,,40.2,0,0,0,0.0
3,24,3,1,,,,41.6,0,0,0,0.0
3,1,4,1,,,,40.6,0,0,0,0.0
3,2,4,1,,,,41.0,0,0,0,0.0
3,3,4,1,,,,39.6,0,0,0,0.0
3,4,4,1,,,,39.7,0,0,0,0.0
3,5,4,1,,,,43.4,0,0,0,0.0
3,6,4,1,,,,40.7,0,0,0,101.0
3,7,4,1,,,,44.0,0,0,0,273.0
3,8,4,1,,,,47.8,0,0,0,320.0
3,9,4,1,,,,55.4,0,0,0,232.0
3,10,4,1,,,,62.4,0,0,0,145.0
3,11,4,1,,,,65.7,0,0,0,128.0
3,12,4,1,,,,63.8,0,0,0,192.0
3,13,4,1,,,,65.6,0,0,0,283.0
3,14,4,1,,,,63.3,0,0,0,230.0
3,15,4,1,,,,63.1,0,0,0,127.0
3,16,4,1,,,,60.8,0,0,0,31.0
3,17,4,1,,,,57.1,0,0,0,7.0
3,18,4,1,,,,48.2,0,0,0,0.0
3,19,4,1,,,,43.4,0,0,0,0.0
3,20,4,1,,,,41.8,0,0,0,0.0
3,21,4,1,,,,40.9,0,0,0,0.0
3,22,4,1,,,,37.9,0,0,0,0.0
3,23,4,1,,,,37.2,0,0,0,0.0
3,24,4,1,,,,38.8,0,0,0,0.0
3,1,5,1,,,,37.5,0,0,0,0.0
3,2,5,1,,,,38.2,0,0,0,0.0
3,3,5,1,,,,38.4,0,0,0,0.0
3,4,5,1,,,,40.0,0,0,0,0.0
3,5,5,1,,,,39.7,0,0,0,0.0
3,6,5,1,,,,39.0,0,0,0,9.0
3,7,5,1,,,,40.3,0,0,0,48.0
3,8,5,1,,,,46.3,0,0,0,148.0
3,9,5,1,,,,60.5,0,0,0,199.0
3,10,5,1,,,,62.1,0,0,0,327.0
3,11,5,1,,,,61.5,0,0,0,470.0
3,12,5,1,,,,61.9,0,0,0,706.0
3,13,5,1,,,,57.1,0,0,0,805.0
3,14,5,1,,,,59.5,0,0,0,702.0
3,15,5,1,,,,56.4,0,0,0,532.0
3,16,5,1,,,,57.0,0,0,0,310.0
3,17,5,1,,,,51.8,0,0,0,120.0
3,18,5,1,,,,44.0,0,0,0,0.0
3,19,5,1,,,,41.2,0,0,0,0.0
3,20,5,1,,,,41.0,0,0,0,0.0
3,21,5,1,,,,39.1,0,0,0,0.0
3,22,5,1,,,,39.6,0,0,0,0.0
3,23,5,1,,,,38.9,0,0,0,0.0
3,24,5,1,,,,37.8,0,0,0,0.0
4,1,6,1,,,,37.4,0,0,0,0.0
4,2,6,1,,,,37.7,0,0,0,0.0
4,3,6,1,,,,38.2,0,0,0,0.0
4,4,6,1,,,,39.4,0,0,0,0.0
4,5,6,1,,,,39.6,0,0,0,0.0
4,6,6,1,,,,39.9,0,0,0,51.0
4,7,6,1,,,,42.9,0,0,0,139.0
4,8,6,1,,,,50.2,0,0,0,210.0
4,9,6,1,,,,54.5,0,0,0,241.0
4,10,6,1,,,,62.0,0,0,0,423.0
4,11,6,1,,,,60.1,0,0,0,634.0
4,12,6,1,,,,61.2,0,0,0,721.0
4,13,6,1,,,,56.7,0,0,0,657.0
4,14,6,1,,,,59.0,0,0,0,553.0
4,15,6,1,,,,54.0,0,0,0,387.0
4,16,6,1,,,,53.8,0,0,0,270.0
4,17,6,1,,,,50.4,0,0,0,73.0
4,18,6,1,,,,43.7,0,0,0,0.0
4,19,6,1,,,,42.3,0,0,0,0.0
4,20,6,1,,,,41.6,0,0,0,0.0
4,21,6,1,,,,40.0,0,0,0,0.0
4,22,6,1,,,,38.8,0,0,0,0.0
4,23,6,1,,,,37.6,0,0,0,0.0
4,24,6,1,,,,38.4,0,0,0,0.0
4,1,7,1,,,,38.4,0,0,0,0.0
4,2,7,1,,,,37.6,0,0,0,0.0
4,3,7,1,,,,40.2,0,0,0,0.0
4,4,7,1,,,,40.1,0,0,0,0.0
4,5,7,1,,,,41.3,0,0,0,3.0
4,6,7,1,,,,39.6,0,0,0,198.0
4,7,7,1,,,,40.0,0,0,0,532.0
4,8,7,1,,,,40.2,0,0,0,593.0
4,9,7,1,,,,40.5,0,0,0,623.0
4,10,7,1,,,,39.5,0,0,0,539.0
4,11,7,1,,,,39.5,0,0,0,377.0
4,12,7,1,,,,39.2,0,0,0,301.0
4,13,7,1,,,,36.8,0,0,0,240.0
4,14,7,1,,,,41.8,0,0,0,155.0
4,15,7,1,,,,37.1,0,0,0,160.0
4,16,7,1,,,,37.4,0,0,0,126.0
4,17,7,1,,,,35.6,0,0,0,23.0
4,18,7,1,,,,35.0,0,0,0,0.0
4,19,7,1,,,,36.5,0,0,0,0.0
4,20,7,1,,,,36.8,0,0,0,0.0
4,21,7,1,,,,38.5,0,0,0,0.0
4,22,7,1,,,,37.2,0,0,0,0.0
4,23,7,1,,,,37.4,0,0,0,0.0
4,24,7,1,,,,38.0,0,0,0,0.0
4,1,1,1,,,,37.8,0,0,0,0.0
4,2,1,1,,,,37.9,0,0,0,0.0
4,3,1,1,,,,40.6,0,0,0,0.0
4,4,1,1,,,,39.0,0,0,0,0.0
4,5,1,1,,,,39.0,0,0,0,1.0
4,6,1,1,,,,38.7,0,0,0,79.0
4,7,1,1,,,,37.2,0,0,0,232.0
4,8,1,1,,,,37.2,0,0,0,359.0
4,9,1,1,,,,35.6,0,0,0,401.0
4,10,1,1,,,,36.8,0,0,0,420.0
4,11,1,1,,,,36.5,0,0,0,476.0
4,12,1,1,,,,37.8,0,0,0,500.0
4,13,1,1,,,,36.6,0,0,0,530.0
4,14,1,1,,,,37.5,0,0,0,461.0
4,15,1,1,,,,35.5,0,0,0,200.0
4,16,1,1,,,,36.6,0,0,0,60.0
4,17,1,1,,,,36.8,0,0,0,18.0
4,18,1,1,,,,38.3,0,0,0,0.0
4,19,1,1,,,,39.4,0,0,0,0.0
4,20,1,1,,,,38.2,0,0,0,0.0
4,21,1,1,,,,39.4,0,0,0,0.0
4,22,1,1,,,,40.1,0,0,0,0.0
4,23,1,1,,,,42.0,0,0,0,0.0
4,24,1,1,,,,40.5,0,0,0,0.0
4,1,2,1,,,,41.0,0,0,0,0.0
4,2,2,1,,,,41.8,0,0,0,0.0
4,3,2,1,,,,41.9,0,0,0,0.0
4,4,2,1,,,,39.2,0,0,0,0.0
4,5,2,1,,,,40.1,0,0,0,0.0
4,6,2,1,,,,42.1,0,0,0,23.0
4,7,2,1,,,,44.7,0,0,0,172.0
4,8,2,1,,,,48.4,0,0,0,738.0
4,9,2,1,,,,52.5,0,0,0,829.0
4,10,2,1,,,,59.4,0,0,0,607.0
4,11,2,1,,,,59.9,0,0,0,248.0
4,12,2,1,,,,62.5,0,0,0,181.0
4,13,2,1,,,,59.5,0,0,0,331.0
4,14,2,1,,,,63.0,0,0,0,428.0
4,15,2,1,,,,63.2,0,0,0,499.0
4,16,2,1,,,,61.8,0,0,0,240.0
4,17,2,1,,,,56.6,0,0,0,92.0
4,18,2,1,,,,47.6,0,0,0,3.0
4,19,2,1,,,,43.1,0,0,0,0.0
4,20,2,1,,,,43.6,0,0,0,0.0
4,21,2,1,,,,38.0,0,0,0,0.0
4,22,2,1,,,,37.4,0,0,0,0.0
4,23,2,1,,,,37.7,0,0,0,0.0
4,24,2,1,,,,37.6,0,0,0,0.0
4,1,3,1,,,,37.9,0,0,0,0.0
4,2,3,1,,,,38.4,0,0,0,0.0
4,3,3,1,,,,38.4,0,0,0,0.0
4,4,3,1,,,,37.8,0,0,0,0.0
4,5,3,1,,,,38.2,0,0,0,0.0
4,6,3,1,,,,38.5,0,0,0,10.0
4,7,3,1,,,,46.2,0,0,0,22.0
4,8,3,1,,,,53.1,0,0,0,53.0
4,9,3,1,,,,58.4,0,0,0,172.0
4,10,3,1,,,,64.0,0,0,0,254.0
4,11,3,1,,,,66.9,0,0,0,315.0
4,12,3,1,,,,67.4,0,0,0,380.0
4,13,3,1,,,,65.6,0,0,0,322.0
4,14,3,1,,,,66.1,0,0,0,218.0
4,15,3,1,,,,63.0,0,0,0,98.0
4,16,3,1,,,,63.3,0,0,0,48.0
4,17,3,1,,,,55.4,0,0,0,41.0
4,18,3,1,,,,48.6,0,0,0,2.0
4,19,3,1,,,,43.5,0,0,0,0.0
4,20,3,1,,,,42.2,0,0,0,0.0
4,21,3,1,,,,37.0,0,0,0,0.0
4,22,3,1,,,,38.2,0,0,0,0.0
4,23,3,1,,,,36.4,0,0,0,0.0
4,24,3,1,,,,37.4,0,0,0,0.0
4,1,4,1,,,,37.1,0,0,0,0.0
4,2,4,1,,,,38.4,0,0,0,0.0
4,3,4,1,,,,38.8,0,0,0,0.0
4,4,4,1,,,,39.0,0,0,0,0.0
4,5,4,1,,,,40.1,0,0,0,3.0
4,6,4,1,,,,39.2,0,0,0,59.0
4,7,4,1,,,,44.9,0,0,0,181.0
4,8,4,1,,,,44.8,0,0,0,399.0
4,9,4,1,,,,51.6,0,0,0,640.0
4,10,4,1,,,,54.1,0,0,0,771.0
4,11,4,1,,,,53.0,0,0,0,806.0
4,12,4,1,,,,55.6,0,0,0,795.0
4,13,4,1,,,,53.2,0,0,0,783.0
4,14,4,1,,,,53.0,0,0,0,717.0
4,15,4,1,,,,52.6,0,0,0,575.0
4,16,4,1,,,,51.2,0,0,0,472.0
4,17,4,1,,,,45.9,0,0,0,261.0
4,18,4,1,,,,45.1,0,0,0,30.0
4,19,4,1,,,,40.2,0,0,0,0.0
4,20,4,1,,,,40.6,0,0,0,0.0
4,21,4,1,,,,37.6,0,0,0,0.0
4,22,4,1,,,,38.2,0,0,0,0.0
4,23,4,1,,,,39.1,0,0,0,0.0
4,24,4,1,,,,40.1,0,0,0,0.0
4,1,5,1,,,,37.6,0,0,0,0.0
4,2,5,1,,,,37.2,0,0,0,0.0
4,3,5,1,,,,37.5,0,0,0,0.0
4,4,5,1,,,,37.2,0,0,0,0.0
4,5,5,1,,,,39.1,0,0,0,22.0
4,6,5,1,,,,36.9,0,0,0,212.0
4,7,5,1,,,,40.0,0,0,0,639.0
4,8,5,1,,,,48.2,0,0,0,758.0
4,9,5,1,,,,52.4,0,0,0,817.0
4,10,5,1,,,,56.6,0,0,0,774.0
4,11,5,1,,,,52.6,0,0,0,595.0
4,12,5,1,,,,58.0,0,0,0,424.0
4,13,5,1,,,,55.0,0,0,0,278.0
4,14,5,1,,,,58.9,0,0,0,190.0
4,15,5,1,,,,60.3,0,0,0,122.0
4,16,5,1,,,,58.1,0,0,0,88.0
4,17,5,1,,,,49.4,0,0,0,44.0
4,18,5,1,,,,46.0,0,0,0,4.0
4,19,5,1,,,,43.4,0,0,0,0.0
4,20,5,1,,,,42.7,0,0,0,0.0
4,21,5,1,,,,40.1,0,0,0,0.0
4,22,5,1,,,,39.0,0,0,0,0.0
4,23,5,1,,,,37.8,0,0,0,0.0
4,24,5,1,,,,37.6,0,0,0,0.0
4,1,6,1,,,,38.2,0,0,0,0.0
4,2,6,1,,,,39.7,0,0,0,0.0
4,3,6,1,,,,38.6,0,0,0,0.0
4,4,6,1,,,,40.0,0,0,0,0.0
4,5,6,1,,,,39.8,0,0,0,54.0
4,6,6,1,,,,39.8,0,0,0,411.0
4,7,6,1,,,,43.5,0,0,0,704.0
4,8,6,1,,,,46.4,0,0,0,808.0
4,9,6,1,,,,49.9,0,0,0,860.0
4,10,6,1,,,,57.7,0,0,0,882.0
4,11,6,1,,,,56.1,0,0,0,889.0
4,12,6,1,,,,54.9,0,0,0,885.0
4,13,6,1,,,,52.3,0,0,0,869.0
4,14,6,1,,,,56.0,0,0,0,836.0
4,15,6,1,,,,55.9,0,0,0,777.0
4,16,6,1,,,,50.5,0,0,0,660.0
4,17,6,1,,,,47.0,0,0,0,403.0
4,18,6,1,,,,41.7,0,0,0,48.0
4,19,6,1,,,,40.9,0,0,0,0.0
4,20,6,1,,,,38.3,0,0,0,0.0
4,21,6,1,,,,37.9,0,0,0,0.0
4,22,6,1,,,,38.8,0,0,0,0.0
4,23,6,1,,,,38.4,0,0,0,0.0
4,24,6,1,,,,38.5,0,0,0,0.0
4,1,7,1,,,,40.0,0,0,0,0.0
4,2,7,1,,,,41.3,0,0,0,0.0
4,3,7,1,,,,39.2,0,0,0,0.0
4,4,7,1,,,,38.2,0,0,0,0.0
4,5,7,1,,,,38.0,0,0,0,73.0
4,6,7,1,,,,37.4,0,0,0,493.0
4,7,7,1,,,,38.3,0,0,0,719.0
4,8,7,1,,,,39.9,0,0,0,812.0
4,9,7,1,,,,39.3,0,0,0,856.0
4,10,7,1,,,,41.2,0,0,0,876.0
4,11,7,1,,,,39.0,0,0,0,882.0
4,12,7,1,,,,37.6,0,0,0,879.0
4,13,7,1,,,,37.1,0,0,0,864.0
4,14,7,1,,,,35.0,0,0,0,830.0
4,15,7,1,,,,38.5,0,0,0,762.0
4,16,7,1,,,,35.0,0,0,0,608.0
4,17,7,1,,,,37.6,0,0,0,333.0
4,18,7,1,,,,34.4,0,0,0,44.0
4,19,7,1,,,,37.7,0,0,0,0.0
4,20,7,1,,,,36.9,0,0,0,0.0
4,21,7,1,,,,37.0,0,0,0,0.0
4,22,7,1,,,,37.6,0,0,0,0.0
4,23,7,1,,,,37.8,0,0,0,0.0
4,24,7,1,,,,38.2,0,0,0,0.0
4,1,1,1,,,,38.7,0,0,0,0.0
4,2,1,1,,,,39.0,0,0,0,0.0
4,3,1,1,,,,39.2,0,0,0,0.0
4,4,1,1,,,,38.3,0,0,0,0.0
4,5,1,1,,,,38.8,0,0,0,18.0
4,6,1,1,,,,39.6,0,0,0,144.0
4,7,1,1,,,,39.1,0,0,0,389.0
4,8,1,1,,,,37.1,0,0,0,519.0
4,9,1,1,,,,36.2,0,0,0,638.0
4,10,1,1,,,,37.3,0,0,0,748.0
4,11,1,1,,,,36.8,0,0,0,823.0
4,12,1,1,,,,36.2,0,0,0,858.0
4,13,1,1,,,,36.8,0,0,0,864.0
4,14,1,1,,,,35.5,0,0,0,840.0
4,15,1,1,,,,37.9,0,0,0,777.0
4,16,1,1,,,,36.2,0,0,0,659.0
4,17,1,1,,,,35.6,0,0,0,417.0
4,18,1,1,,,,34.6,0,0,0,71.0
4,19,1,1,,,,37.6,0,0,0,0.0
4,20,1,1,,,,37.5,0,0,0,0.0
4,21,1,1,,,,36.8,0,0,0,0.0
4,22,1,1,,,,37.4,0,0,0,0.0
4,23,1,1,,,,38.4,0,0,0,0.0
4,24,1,1,,,,37.5,0,0,0,0.0
4,1,2,1,,,,37.6,0,0,0,0.0
4,2,2,1,,,,38.3,0,0,0,0.0
4,3,2,1,,,,40.3,0,0,0,0.0
4,4,2,1,,,,37.9,0,0,0,0.0
4,5,2,1,,,,38.6,0,0,0,27.0
4,6,2,1,,,,38.8,0,0,0,155.0
4,7,2,1,,,,40.6,0,0,0,449.0
4,8,2,1,,,,46.9,0,0,0,674.0
4,9,2,1,,,,55.6,0,0,0,747.0
4,10,2,1,,,,60.6,0,0,0,805.0
4,11,2,1,,,,59.5,0,0,0,762.0
4,12,2,1,,,,57.6,0,0,0,499.0
4,13,2,1,,,,59.0,0,0,0,454.0
4,14,2,1,,,,60.4,0,0,0,683.0
4,15,2,1,,,,60.5,0,0,0,414.0
4,16,2,1,,,,59.9,0,0,0,103.0
4,17,2,1,,,,54.3,0,0,0,105.0
4,18,2,1,,,,46.8,0,0,0,43.0
4,19,2,1,,,,42.5,0,0,0,0.0
4,20,2,1,,,,41.0,0,0,0,0.0
4,21,2,1,,,,40.2,0,0,0,0.0
4,22,2,1,,,,42.4,0,0,0,0.0
4,23,2,1,,,,41.2,0,0,0,0.0
4,24,2,1,,,,42.2,0,0,0,0.0
4,1,3,1,,,,42.2,0,0,0,0.0
4,2,3,1,,,,38.8,0,0,0,0.0
4,3,3,1,,,,38.9,0,0,0,0.0
4,4,3,1,,,,41.3,0,0,0,0.0
4,5,3,1,,,,39.6,0,0,0,72.0
4,6,3,1,,,,39.8,0,0,0,426.0
4,7,3,1,,,,45.2,0,0,0,754.0
4,8,3,1,,,,49.0,0,0,0,839.0
4,9,3,1,,,,52.1,0,0,0,840.0
4,10,3,1,,,,56.4,0,0,0,838.0
4,11,3,1,,,,59.2,0,0,0,797.0
4,12,3,1,,,,59.8,0,0,0,721.0
4,13,3,1,,,,58.2,0,0,0,666.0
4,14,3,1,,,,56.6,0,0,0,638.0
4,15,3,1,,,,58.1,0,0,0,600.0
4,16,3,1,,,,58.1,0,0,0,534.0
4,17,3,1,,,,50.4,0,0,0,353.0
4,18,3,1,,,,46.1,0,0,0,67.0
4,19,3,1,,,,44.2,0,0,0,0.0
4,20,3,1,,,,40.6,0,0,0,0.0
4,21,3,1,,,,40.0,0,0,0,0.0
4,22,3,1,,,,39.5,0,0,0,0.0
4,23,3,1,,,,39.6,0,0,0,0.0
4,24,3,1,,,,38.6,0,0,0,0.0
4,1,4,1,,,,40.4,0,0,0,0.0
4,2,4,1,,,,39.5,0,0,0,0.0
4,3,4,1,,,,40.1,0,0,0,0.0
4,4,4,1,,,,39.0,0,0,0,0.0
4,5,4,1,,,,41.9,0,0,0,5.0
4,6,4,1,,,,40.2,0,0,0,35.0
4,7,4,1,,,,45.0,0,0,0,87.0
4,8,4,1,,,,53.4,0,0,0,151.0
4,9,4,1,,,,58.1,0,0,0,240.0
4,10,4,1,,,,62.0,0,0,0,374.0
4,11,4,1,,,,62.9,0,0,0,504.0
4,12,4,1,,,,66.6,0,0,0,520.0
4,13,4,1,,,,63.7,0,0,0,439.0
4,14,4,1,,,,65.0,0,0,0,292.0
4,15,4,1,,,,64.9,0,0,0,225.0
4,16,4,1,,,,63.7,0,0,0,174.0
4,17,4,1,,,,53.8,0,0,0,101.0
4,18,4,1,,,,49.2,0,0,0,29.0
4,19,4,1,,,,47.5,0,0,0,0.0
4,20,4,1,,,,46.2,0,0,0,0.0
4,21,4,1,,,,41.8,0,0,0,0.0
4,22,4,1,,,,43.7,0,0,0,0.0
4,23,4,1,,,,40.8,0,0,0,0.0
4,24,4,1,,,,41.7,0,0,0,0.0
4,1,5,1,,,,41.8,0,0,0,0.0
4,2,5,1,,,,41.9,0,0,0,0.0
4,3,5,1,,,,43.7,0,0,0,0.0
4,4,5,1,,,,40.6,0,0,0,0.0
4,5,5,1,,,,39.8,0,0,0,1.0
4,6,5,1,,,,38.2,0,0,0,24.0
4,7,5,1,,,,45.1,0,0,0,81.0
4,8,5,1,,,,46.6,0,0,0,175.0
4,9,5,1,,,,54.6,0,0,0,374.0
4,10,5,1,,,,57.9,0,0,0,526.0
4,11,5,1,,,,59.6,0,0,0,662.0
4,12,5,1,,,,61.9,0,0,0,564.0
4,13,5,1,,,,64.7,0,0,0,380.0
4,14,5,1,,,,63.5,0,0,0,271.0
4,15,5,1,,,,65.4,0,0,0,230.0
4,16,5,1,,,,62.4,0,0,0,133.0
4,17,5,1,,,,52.5,0,0,0,56.0
4,18,5,1,,,,45.6,0,0,0,6.0
4,19,5,1,,,,41.8,0,0,0,0.0
4,20,5,1,,,,42.0,0,0,0,0.0
4,21,5,1,,,,40.0,0,0,0,0.0
4,22,5,1,,,,38.1,0,0,0,0.0
4,23,5,1,,,,36.8,0,0,0,0.0
4,24,5,1,,,,36.5,0,0,0,0.0
4,1,6,1,,,,36.8,0,0,0,0.0
4,2,6,1,,,,37.2,0,0,0,0.0
4,3,6,1,,,,37.0,0,0,0,0.0
4,4,6,1,,,,36.7,0,0,0,0.0
4,5,6,1,,,,37.4,0,0,0,8.0
4,6,6,1,,,,37.1,0,0,0,83.0
4,7,6,1,,,,39.9,0,0,0,180.0
4,8,6,1,,,,44.6,0,0,0,338.0
4,9,6,1,,,,50.7,0,0,0,529.0
4,10,6,1,,,,55.8,0,0,0,531.0
4,11,6,1,,,,58.8,0,0,0,378.0
4,12,6,1,,,,58.6,0,0,0,388.0
4,13,6,1,,,,60.2,0,0,0,336.0
4,14,6,1,,,,57.4,0,0,0,303.0
4,15,6,1,,,,57.1,0,0,0,236.0
4,16,6,1,,,,54.9,0,0,0,141.0
4,17,6,1,,,,50.1,0,0,0,56.0
4,18,6,1,,,,44.1,0,0,0,7.0
4,19,6,1,,,,43.0,0,0,0,0.0
4,20,6,1,,,,41.2,0,0,0,0.0
4,21,6,1,,,,42.1,0,0,0,0.0
4,22,6,1,,,,40.3,0,0,0,0.0
4,23,6,1,,,,39.3,0,0,0,0.0
4,24,6,1,,,,38.9,0,0,0,0.0
4,1,7,1,,,,38.3,0,0,0,0.0
4,2,7,1,,,,39.5,0,0,0,0.0
4,3,7,1,,,,40.5,0,0,0,0.0
4,4,7,1,,,,37.6,0,0,0,0.0
4,5,7,1,,,,37.4,0,0,0,45.0
4,6,7,1,,,,36.2,0,0,0,225.0
4,7,7,1,,,,37.4,0,0,0,494.0
4,8,7,1,,,,37.8,0,0,0,657.0
4,9,7,1,,,,39.2,0,0,0,710.0
4,10,7,1,,,,38.5,0,0,0,728.0
4,11,7,1,,,,39.0,0,0,0,685.0
4,12,7,1,,,,36.1,0,0,0,587.0
4,13,7,1,,,,38.6,0,0,0,543.0
4,14,7,1,,,,35.8,0,0,0,393.0
4,15,7,1,,,,38.7,0,0,0,252.0
4,16,7,1,,,,35.9,0,0,0,176.0
4,17,7,1,,,,38.2,0,0,0,167.0
4,18,7,1,,,,36.0,0,0,0,49.0
4,19,7,1,,,,37.1,0,0,0,0.0
4,20,7,1,,,,37.6,0,0,0,0.0
4,21,7,1,,,,37.8,0,0,0,0.0
4,22,7,1,,,,38.4,0,0,0,0.0
4,23,7,1,,,,36.7,0,0,0,0.0
4,24,7,1,,,,38.7,0,0,0,0.0
4,1,1,1,,,,36.5,0,0,0,0.0
4,2,1,1,,,,36.2,0,0,0,0.0
4,3,1,1,,,,36.6,0,0,0,0.0
4,4,1,1,,,,36.5,0,0,0,0.0
4,5,1,1,,,,36.4,0,0,0,80.0
4,6,1,1,,,,35.8,0,0,0,255.0
4,7,1,1,,,,36.8,0,0,0,463.0
4,8,1,1,,,,38.8,0,0,0,632.0
4,9,1,1,,,,37.3,0,0,0,728.0
4,10,1,1,,,,37.4,0,0,0,757.0
4,11,1,1,,,,35.0,0,0,0,744.0
4,12,1,1,,,,37.1,0,0,0,737.0
4,13,1,1,,,,35.4,0,0,0,577.0
4,14,1,1,,,,37.4,0,0,0,407.0
4,15,1,1,,,,35.3,0,0,0,358.0
4,16,1,1,,,,38.9,0,0,0,275.0
4,17,1,1,,,,37.7,0,0,0,143.0
4,18,1,1,,,,36.3,0,0,0,43.0
4,19,1,1,,,,37.5,0,0,0,0.0
4,20,1,1,,,,36.8,0,0,0,0.0
4,21,1,1,,,,37.8,0,0,0,0.0
4,22,1,1,,,,38.8,0,0,0,0.0
4,23,1,1,,,,37.0,0,0,0,0.0
4,24,1,1,,,,37.5,0,0,0,0.0
4,1,2,1,,,,36.5,0,0,0,0.0
4,2,2,1,,,,37.0,0,0,0,0.0
4,3,2,1,,,,37.5,0,0,0,0.0
4,4,2,1,,,,38.1,0,0,0,0.0
4,5,2,1,,,,37.6,0,0,0,15.0
4,6,2,1,,,,38.7,0,0,0,73.0
4,7,2,1,,,,40.4,0,0,0,237.0
4,8,2,1,,,,46.1,0,0,0,545.0
4,9,2,1,,,,53.5,0,0,0,728.0
4,10,2,1,,,,55.6,0,0,0,792.0
4,11,2,1,,,,55.4,0,0,0,825.0
4,12,2,1,,,,55.8,0,0,0,814.0
4,13,2,1,,,,54.9,0,0,0,818.0
4,14,2,1,,,,54.3,0,0,0,796.0
4,15,2,1,,,,56.0,0,0,0,737.0
4,16,2,1,,,,51.9,0,0,0,608.0
4,17,2,1,,,,47.1,0,0,0,376.0
4,18,2,1,,,,41.8,0,0,0,91.0
4,19,2,1,,,,38.9,0,0,0,0.0
4,20,2,1,,,,40.6,0,0,0,0.0
4,21,2,1,,,,39.7,0,0,0,0.0
4,22,2,1,,,,37.8,0,0,0,0.0
4,23,2,1,,,,38.5,0,0,0,0.0
4,24,2,1,,,,38.8,0,0,0,0.0
4,1,3,1,,,,37.6,0,0,0,0.0
4,2,3,1,,,,36.8,0,0,0,0.0
4,3,3,1,,,,39.8,0,0,0,0.0
4,4,3,1,,,,36.9,0,0,0,0.0
4,5,3,1,,,,37.2,0,0,0,20.0
4,6,3,1,,,,37.5,0,0,0,87.0
4,7,3,1,,,,42.4,0,0,0,244.0
4,8,3,1,,,,50.0,0,0,0,536.0
4,9,3,1,,,,54.0,0,0,0,697.0
4,10,3,1,,,,53.6,0,0,0,814.0
4,11,3,1,,,,54.4,0,0,0,844.0
4,12,3,1,,,,50.4,0,0,0,844.0
4,13,3,1,,,,51.8,0,0,0,831.0
4,14,3,1,,,,50.4,0,0,0,801.0
4,15,3,1,,,,53.6,0,0,0,727.0
4,16,3,1,,,,48.5,0,0,0,577.0
4,17,3,1,,,,43.5,0,0,0,252.0
4,18,3,1,,,,40.0,0,0,0,70.0
4,19,3,1,,,,37.2,0,0,0,0.0
4,20,3,1,,,,37.6,0,0,0,0.0
4,21,3,1,,,,36.8,0,0,0,0.0
4,22,3,1,,,,36.9,0,0,0,0.0
4,23,3,1,,,,36.2,0,0,0,0.0
4,24,3,1,,,,36.0,0,0,0,0.0
4,1,4,1,,,,36.3,0,0,0,0.0
4,2,4,1,,,,37.0,0,0,0,0.0
4,3,4,1,,,,37.1,0,0,0,0.0
4,4,4,1,,,,37.6,0,0,0,0.0
4,5,4,1,,,,36.6,0,0,0,76.0
4,6,4,1,,,,36.8,0,0,0,247.0
4,7,4,1,,,,42.9,0,0,0,555.0
4,8,4,1,,,,46.9,0,0,0,746.0
4,9,4,1,,,,51.4,0,0,0,787.0
4,10,4,1,,,,52.7,0,0,0,815.0
4,11,4,1,,,,53.0,0,0,0,824.0
4,12,4,1,,,,52.2,0,0,0,835.0
4,13,4,1,,,,50.1,0,0,0,820.0
4,14,4,1,,,,50.2,0,0,0,787.0
4,15,4,1,,,,50.4,0,0,0,706.0
4,16,4,1,,,,45.0,0,0,0,585.0
4,17,4,1,,,,41.2,0,0,0,371.0
4,18,4,1,,,,38.8,0,0,0,105.0
4,19,4,1,,,,38.1,0,0,0,0.0
4,20,4,1,,,,37.4,0,0,0,0.0
4,21,4,1,,,,37.5,0,0,0,0.0
4,22,4,1,,,,36.8,0,0,0,0.0
4,23,4,1,,,,37.2,0,0,0,0.0
4,24,4,1,,,,37.4,0,0,0,0.0
4,1,5,1,,,,37.2,0,0,0,0.0
4,2,5,1,,,,37.4,0,0,0,0.0
4,3,5,1,,,,39.1,0,0,0,0.0
4,4,5,1,,,,38.5,0,0,0,0.0
4,5,5,1,,,,37.1,0,0,0,107.0
4,6,5,1,,,,38.3,0,0,0,361.0
4,7,5,1,,,,41.0,0,0,0,595.0
4,8,5,1,,,,46.0,0,0,0,720.0
4,9,5,1,,,,51.9,0,0,0,765.0
4,10,5,1,,,,53.6,0,0,0,795.0
4,11,5,1,,,,51.0,0,0,0,808.0
4,12,5,1,,,,52.8,0,0,0,803.0
4,13,5,1,,,,53.1,0,0,0,785.0
4,14,5,1,,,,51.1,0,0,0,748.0
4,15,5,1,,,,49.4,0,0,0,685.0
4,16,5,1,,,,46.6,0,0,0,561.0
4,17,5,1,,,,41.4,0,0,0,344.0
4,18,5,1,,,,36.9,0,0,0,60.0
4,19,5,1,,,,37.1,0,0,0,0.0
4,20,5,1,,,,34.3,0,0,0,0.0
4,21,5,1,,,,35.8,0,0,0,0.0
4,22,5,1,,,,35.8,0,0,0,0.0
4,23,5,1,,,,34.3,0,0,0,0.0
4,24,5,1,,,,35.8,0,0,0,0.0
4,1,6,1,,,,35.1,0,0,0,0.0
4,2,6,1,,,,35.2,0,0,0,0.0
4,3,6,1,,,,36.0,0,0,0,0.0
4,4,6,1,,,,35.0,0,0,0,0.0
4,5,6,1,,,,34.4,0,0,0,168.0
4,6,6,1,,,,36.2,0,0,0,470.0
4,7,6,1,,,,35.6,0,0,0,685.0
4,8,6,1,,,,36.6,0,0,0,779.0
4,9,6,1,,,,36.3,0,0,0,821.0
4,10,6,1,,,,36.6,0,0,0,840.0
4,11,6,1,,,,36.2,0,0,0,846.0
4,12,6,1,,,,36.9,0,0,0,841.0
4,13,6,1,,,,39.4,0,0,0,832.0
4,14,6,1,,,,37.6,0,0,0,807.0
4,15,6,1,,,,37.0,0,0,0,739.0
4,16,6,1,,,,36.0,0,0,0,632.0
4,17,6,1,,,,35.0,0,0,0,429.0
4,18,6,1,,,,34.2,0,0,0,126.0
4,19,6,1,,,,33.4,0,0,0,0.0
4,20,6,1,,,,33.4,0,0,0,0.0
4,21,6,1,,,,34.4,0,0,0,0.0
4,22,6,1,,,,36.3,0,0,0,0.0
4,23,6,1,,,,34.4,0,0,0,0.0
4,24,6,1,,,,34.4,0,0,0,0.0
4,1,7,1,,,,35.7,0,0,0,0.0
4,2,7,1,,,,36.1,0,0,0,0.0
4,3,7,1,,,,35.0,0,0,0,0.0
4,4,7,1,,,,35.1,0,0,0,0.0
4,5,7,1,,,,34.9,0,0,0,171.0
4,6,7,1,,,,34.3,0,0,0,500.0
4,7,7,1,,,,35.2,0,0,0,691.0
4,8,7,1,,,,34.8,0,0,0,783.0
4,9,7,1,,,,34.2,0,0,0,811.0
4,10,7,1,,,,33.9,0,0,0,832.0
4,11,7,1,,,,33.8,0,0,0,840.0
4,12,7,1,,,,33.4,0,0,0,830.0
4,13,7,1,,,,33.6,0,0,0,815.0
4,14,7,1,,,,33.5,0,0,0,783.0
4,15,7,1,,,,33.6,0,0,0,724.0
4,16,7,1,,,,33.4,0,0,0,612.0
4,17,7,1,,,,33.3,0,0,0,408.0
4,18,7,1,,,,33.0,0,0,0,122.0
4,19,7,1,,,,32.8,0,0,0,0.0
4,20,7,1,,,,33.6,0,0,0,0.0
4,21,7,1,,,,33.2,0,0,0,0.0
4,22,7,1,,,,33.1,0,0,0,0.0
4,23,7,1,,,,33.0,0,0,0,0.0
4,24,7,1,,,,34.8,0,0,0,0.0
4,1,1,1,,,,35.1,0,0,0,0.0
4,2,1,1,,,,36.7,0,0,0,0.0
4,3,1,1,,,,35.1,0,0,0,0.0
4,4,1,1,,,,35.6,0,0,0,0.0
4,5,1,1,,,,36.1,0,0,0,117.0
4,6,1,1,,,,34.5,0,0,0,334.0
4,7,1,1,,,,34.1,0,0,0,534.0
4,8,1,1,,,,34.2,0,0,0,635.0
4,9,1,1,,,,34.1,0,0,0,719.0
4,10,1,1,,,,34.8,0,0,0,775.0
4,11,1,1,,,,34.4,0,0,0,793.0
4,12,1,1,,,,32.3,0,0,0,761.0
4,13,1,1,,,,33.7,0,0,0,748.0
4,14,1,1,,,,32.5,0,0,0,723.0
4,15,1,1,,,,34.2,0,0,0,658.0
4,16,1,1,,,,33.4,0,0,0,521.0
4,17,1,1,,,,33.6,0,0,0,280.0
4,18,1,1,,,,35.0,0,0,0,72.0
4,19,1,1,,,,35.5,0,0,0,0.0
4,20,1,1,,,,34.6,0,0,0,0.0
4,21,1,1,,,,36.8,0,0,0,0.0
4,22,1,1,,,,36.2,0,0,0,0.0
4,23,1,1,,,,36.1,0,0,0,0.0
4,24,1,1,,,,35.6,0,0,0,0.0
4,1,2,1,,,,35.6,0,0,0,0.0
4,2,2,1,,,,35.7,0,0,0,0.0
4,3,2,1,,,,35.5,0,0,0,0.0
4,4,2,1,,,,36.1,0,0,0,0.0
4,5,2,1,,,,35.6,0,0,0,84.0
4,6,2,1,,,,35.6,0,0,0,459.0
4,7,2,1,,,,37.0,0,0,0,636.0
4,8,2,1,,,,37.6,0,0,0,734.0
4,9,2,1,,,,37.2,0,0,0,789.0
4,10,2,1,,,,36.6,0,0,0,832.0
4,11,2,1,,,,35.6,0,0,0,848.0
4,12,2,1,,,,37.0,0,0,0,849.0
4,13,2,1,,,,37.2,0,0,0,842.0
4,14,2,1,,,,36.2,0,0,0,818.0
4,15,2,1,,,,38.6,0,0,0,775.0
4,16,2,1,,,,35.9,0,0,0,686.0
4,17,2,1,,,,35.5,0,0,0,501.0
4,18,2,1,,,,35.6,0,0,0,170.0
4,19,2,1,,,,35.3,0,0,0,0.0
4,20,2,1,,,,36.8,0,0,0,0.0
4,21,2,1,,,,35.7,0,0,0,0.0
4,22,2,1,,,,36.4,0,0,0,0.0
4,23,2,1,,,,37.2,0,0,0,0.0
4,24,2,1,,,,35.8,0,0,0,0.0
4,1,3,1,,,,36.2,0,0,0,0.0
4,2,3,1,,,,34.8,0,0,0,0.0
4,3,3,1,,,,34.8,0,0,0,0.0
4,4,3,1,,,,36.0,0,0,0,0.0
4,5,3,1,,,,35.2,0,0,0,21.0
4,6,3,1,,,,34.9,0,0,0,96.0
4,7,3,1,,,,40.0,0,0,0,409.0
4,8,3,1,,,,45.2,0,0,0,596.0
4,9,3,1,,,,57.8,0,0,0,497.0
4,10,3,1,,,,59.1,0,0,0,522.0
4,11,3,1,,,,57.1,0,0,0,674.0
4,12,3,1,,,,57.8,0,0,0,705.0
4,13,3,1,,,,55.6,0,0,0,668.0
4,14,3,1,,,,56.2,0,0,0,600.0
4,15,3,1,,,,53.2,0,0,0,512.0
4,16,3,1,,,,52.3,0,0,0,398.0
4,17,3,1,,,,49.3,0,0,0,256.0
4,18,3,1,,,,43.8,0,0,0,89.0
4,19,3,1,,,,39.4,0,0,0,0.0
4,20,3,1,,,,41.5,0,0,0,0.0
4,21,3,1,,,,39.8,0,0,0,0.0
4,22,3,1,,,,40.7,0,0,0,0.0
4,23,3,1,,,,39.3,0,0,0,0.0
4,24,3,1,,,,37.4,0,0,0,0.0
4,1,4,1,,,,39.6,0,0,0,0.0
4,2,4,1,,,,37.7,0,0,0,0.0
4,3,4,1,,,,37.6,0,0,0,0.0
4,4,4,1,,,,39.5,0,0,0,0.0
4,5,4,1,,,,41.2,0,0,0,214.0
4,6,4,1,,,,39.1,0,0,0,544.0
4,7,4,1,,,,39.8,0,0,0,760.0
4,8,4,1,,,,43.9,0,0,0,848.0
4,9,4,1,,,,49.2,0,0,0,892.0
4,10,4,1,,,,54.6,0,0,0,910.0
4,11,4,1,,,,56.0,0,0,0,918.0
4,12,4,1,,,,59.0,0,0,0,920.0
4,13,4,1,,,,58.4,0,0,0,914.0
4,14,4,1,,,,62.2,0,0,0,897.0
4,15,4,1,,,,62.9,0,0,0,862.0
4,16,4,1,,,,57.5,0,0,0,794.0
4,17,4,1,,,,54.2,0,0,0,647.0
4,18,4,1,,,,45.3,0,0,0,324.0
4,19,4,1,,,,40.8,0,0,0,0.0
4,20,4,1,,,,40.6,0,0,0,0.0
4,21,4,1,,,,41.5,0,0,0,0.0
4,22,4,1,,,,40.0,0,0,0,0.0
4,23,4,1,,,,41.0,0,0,0,0.0
4,24,4,1,,,,39.2,0,0,0,0.0
4,1,5,1,,,,39.2,0,0,0,0.0
4,2,5,1,,,,42.2,0,0,0,0.0
4,3,5,1,,,,39.4,0,0,0,0.0
4,4,5,1,,,,39.5,0,0,0,0.0
4,5,5,1,,,,40.0,0,0,0,11.0
4,6,5,1,,,,40.2,0,0,0,59.0
4,7,5,1,,,,41.4,0,0,0,263.0
4,8,5,1,,,,47.7,0,0,0,653.0
4,9,5,1,,,,53.8,0,0,0,839.0
4,10,5,1,,,,57.3,0,0,0,871.0
4,11,5,1,,,,58.2,0,0,0,878.0
4,12,5,1,,,,59.0,0,0,0,860.0
4,13,5,1,,,,56.3,0,0,0,838.0
4,14,5,1,,,,59.9,0,0,0,781.0
4,15,5,1,,,,59.8,0,0,0,612.0
4,16,5,1,,,,56.8,0,0,0,401.0
4,17,5,1,,,,53.4,0,0,0,201.0
4,18,5,1,,,,43.9,0,0,0,66.0
4,19,5,1,,,,39.8,0,0,0,0.0
4,20,5,1,,,,38.6,0,0,0,0.0
4,21,5,1,,,,38.8,0,0,0,0.0
4,22,5,1,,,,37.5,0,0,0,0.0
4,23,5,1,,,,37.7,0,0,0,0.0
4,24,5,1,,,,36.4,0,0,0,0.0
4,1,6,1,,,,37.4,0,0,0,0.0
4,2,6,1,,,,37.9,0,0,0,0.0
4,3,6,1,,,,38.0,0,0,0,0.0
4,4,6,1,,,,36.4,0,0,0,0.0
4,5,6,1,,,,37.9,0,0,0,29.0
4,6,6,1,,,,37.0,0,0,0,123.0
4,7,6,1,,,,37.1,0,0,0,327.0
4,8,6,1,,,,42.3,0,0,0,590.0
4,9,6,1,,,,43.8,0,0,0,698.0
4,10,6,1,,,,42.8,0,0,0,737.0
4,11,6,1,,,,43.9,0,0,0,692.0
4,12,6,1,,,,39.9,0,0,0,656.0
4,13,6,1,,,,37.0,0,0,0,627.0
4,14,6,1,,,,38.8,0,0,0,495.0
4,15,6,1,,,,40.2,0,0,0,364.0
4,16,6,1,,,,39.4,0,0,0,268.0
4,17,6,1,,,,37.4,0,0,0,125.0
4,18,6,1,,,,35.3,0,0,0,29.0
4,19,6,1,,,,35.5,0,0,0,0.0
4,20,6,1,,,,36.4,0,0,0,0.0
4,21,6,1,,,,38.4,0,0,0,0.0
4,22,6,1,,,,38.2,0,0,0,0.0
4,23,6,1,,,,36.8,0,0,0,0.0
4,24,6,1,,,,36.5,0,0,0,0.0
4,1,7,1,,,,36.8,0,0,0,0.0
4,2,7,1,,,,36.0,0,0,0,0.0
4,3,7,1,,,,38.4,0,0,0,0.0
4,4,7,1,,,,37.2,0,0,0,0.0
4,5,7,1,,,,37.2,0,0,0,142.0
4,6,7,1,,,,37.2,0,0,0,410.0
4,7,7,1,,,,38.7,0,0,0,636.0
4,8,7,1,,,,37.2,0,0,0,760.0
4,9,7,1,,,,38.3,0,0,0,816.0
4,10,7,1,,,,37.5,0,0,0,843.0
4,11,7,1,,,,35.5,0,0,0,855.0
4,12,7,1,,,,34.6,0,0,0,848.0
4,13,7,1,,,,35.2,0,0,0,838.0
4,14,7,1,,,,35.7,0,0,0,814.0
4,15,7,1,,,,36.7,0,0,0,767.0
4,16,7,1,,,,34.3,0,0,0,668.0
4,17,7,1,,,,34.1,0,0,0,475.0
4,18,7,1,,,,36.0,0,0,0,165.0
4,19,7,1,,,,36.7,0,0,0,0.0
4,20,7,1,,,,36.9,0,0,0,0.0
4,21,7,1,,,,37.5,0,0,0,0.0
4,22,7,1,,,,36.0,0,0,0,0.0
4,23,7,1,,,,38.3,0,0,0,0.0
4,24,7,1,,,,37.8,0,0,0,0.0
5,1,1,1,,,,36.6,0,0,0,0.0
5,2,1,1,,,,37.6,0,0,0,0.0
5,3,1,1,,,,37.8,0,0,0,0.0
5,4,1,1,,,,37.9,0,0,0,2.0
5,5,1,1,,,,36.2,0,0,0,254.0
5,6,1,1,,,,35.3,0,0,0,570.0
5,7,1,1,,,,36.4,0,0,0,753.0
5,8,1,1,,,,33.5,0,0,0,842.0
5,9,1,1,,,,34.8,0,0,0,883.0
5,10,1,1,,,,35.5,0,0,0,907.0
5,11,1,1,,,,35.1,0,0,0,917.0
5,12,1,1,,,,35.1,0,0,0,921.0
5,13,1,1,,,,35.6,0,0,0,914.0
5,14,1,1,,,,36.0,0,0,0,897.0
5,15,1,1,,,,37.4,0,0,0,857.0
5,16,1,1,,,,37.9,0,0,0,785.0
5,17,1,1,,,,38.2,0,0,0,632.0
5,18,1,1,,,,36.4,0,0,0,323.0
5,19,1,1,,,,36.5,0,0,0,4.0
5,20,1,1,,,,36.7,0,0,0,0.0
5,21,1,1,,,,36.6,0,0,0,0.0
5,22,1,1,,,,36.8,0,0,0,0.0
5,23,1,1,,,,37.6,0,0,0,0.0
5,24,1,1,,,,37.4,0,0,0,0.0
5,1,2,1,,,,36.9,0,0,0,0.0
5,2,2,1,,,,37.9,0,0,0,0.0
5,3,2,1,,,,40.4,0,0,0,0.0
5,4,2,1,,,,40.5,0,0,0,9.0
5,5,2,1,,,,37.0,0,0,0,361.0
5,6,2,1,,,,36.5,0,0,0,701.0
5,7,2,1,,,,37.4,0,0,0,830.0
5,8,2,1,,,,38.2,0,0,0,889.0
5,9,2,1,,,,39.8,0,0,0,918.0
5,10,2,1,,,,39.2,0,0,0,932.0
5,11,2,1,,,,40.8,0,0,0,938.0
5,12,2,1,,,,40.8,0,0,0,939.0
5,13,2,1,,,,44.5,0,0,0,932.0
5,14,2,1,,,,45.0,0,0,0,915.0
5,15,2,1,,,,44.6,0,0,0,882.0
5,16,2,1,,,,42.2,0,0,0,817.0
5,17,2,1,,,,42.4,0,0,0,682.0
5,18,2,1,,,,42.3,0,0,0,387.0
5,19,2,1,,,,41.5,0,0,0,8.0
5,20,2,1,,,,43.1,0,0,0,0.0
5,21,2,1,,,,39.6,0,0,0,0.0
5,22,2,1,,,,40.8,0,0,0,0.0
5,23,2,1,,,,41.1,0,0,0,0.0
5,24,2,1,,,,40.8,0,0,0,0.0
5,1,3,1,,,,42.6,0,0,0,0.0
5,2,3,1,,,,40.6,0,0,0,0.0
5,3,3,1,,,,40.0,0,0,0,0.0
5,4,3,1,,,,38.2,0,0,0,14.0
5,5,3,1,,,,37.9,0,0,0,418.0
5,6,3,1,,,,37.2,0,0,0,710.0
5,7,3,1,,,,42.6,0,0,0,830.0
5,8,3,1,,,,47.8,0,0,0,891.0
5,9,3,1,,,,55.2,0,0,0,920.0
5,10,3,1,,,,63.5,0,0,0,937.0
5,11,3,1,,,,62.7,0,0,0,946.0
5,12,3,1,,,,62.7,0,0,0,949.0
5,13,3,1,,,,57.7,0,0,0,945.0
5,14,3,1,,,,54.2,0,0,0,933.0
5,15,3,1,,,,54.1,0,0,0,907.0
5,16,3,1,,,,52.2,0,0,0,853.0
5,17,3,1,,,,47.8,0,0,0,739.0
5,18,3,1,,,,43.3,0,0,0,478.0
5,19,3,1,,,,44.3,0,0,0,16.0
5,20,3,1,,,,44.3,0,0,0,0.0
5,21,3,1,,,,42.2,0,0,0,0.0
5,22,3,1,,,,39.8,0,0,0,0.0
5,23,3,1,,,,40.5,0,0,0,0.0
5,24,3,1,,,,43.7,0,0,0,0.0
5,1,4,1,,,,43.8,0,0,0,0.0
5,2,4,1,,,,39.9,0,0,0,0.0
5,3,4,1,,,,40.2,0,0,0,0.0
5,4,4,1,,,,39.3,0,0,0,22.0
5,5,4,1,,,,39.6,0,0,0,444.0
5,6,4,1,,,,40.8,0,0,0,704.0
5,7,4,1,,,,43.8,0,0,0,838.0
5,8,4,1,,,,50.0,0,0,0,894.0
5,9,4,1,,,,57.7,0,0,0,913.0
5,10,4,1,,,,58.2,0,0,0,926.0
5,11,4,1,,,,61.6,0,0,0,930.0
5,12,4,1,,,,58.7,0,0,0,924.0
5,13,4,1,,,,58.4,0,0,0,914.0
5,14,4,1,,,,58.7,0,0,0,896.0
5,15,4,1,,,,57.6,0,0,0,858.0
5,16,4,1,,,,54.2,0,0,0,783.0
5,17,4,1,,,,47.4,0,0,0,570.0
5,18,4,1,,,,43.4,0,0,0,175.0
5,19,4,1,,,,41.3,0,0,0,5.0
5,20,4,1,,,,43.3,0,0,0,0.0
5,21,4,1,,,,42.4,0,0,0,0.0
5,22,4,1,,,,41.5,0,0,0,0.0
5,23,4,1,,,,42.2,0,0,0,0.0
5,24,4,1,,,,40.0,0,0,0,0.0
5,1,5,1,,,,39.5,0,0,0,0.0
5,2,5,1,,,,40.4,0,0,0,0.0
5,3,5,1,,,,41.5,0,0,0,0.0
5,4,5,1,,,,41.6,0,0,0,0.0
5,5,5,1,,,,40.9,0,0,0,34.0
5,6,5,1,,,,38.8,0,0,0,93.0
5,7,5,1,,,,42.7,0,0,0,178.0
5,8,5,1,,,,49.6,0,0,0,266.0
5,9,5,1,,,,55.0,0,0,0,339.0
5,10,5,1,,,,59.8,0,0,0,439.0
5,11,5,1,,,,58.9,0,0,0,553.0
5,12,5,1,,,,60.6,0,0,0,654.0
5,13,5,1,,,,59.6,0,0,0,603.0
5,14,5,1,,,,59.6,0,0,0,335.0
5,15,5,1,,,,57.1,0,0,0,190.0
5,16,5,1,,,,53.6,0,0,0,144.0
5,17,5,1,,,,47.6,0,0,0,87.0
5,18,5,1,,,,42.7,0,0,0,34.0
5,19,5,1,,,,42.0,0,0,0,0.0
5,20,5,1,,,,42.6,0,0,0,0.0
5,21,5,1,,,,41.6,0,0,0,0.0
5,22,5,1,,,,41.5,0,0,0,0.0
5,23,5,1,,,,41.7,0,0,0,0.0
5,24,5,1,,,,39.0,0,0,0,0.0
5,1,6,1,,,,40.6,0,0,0,0.0
5,2,6,1,,,,41.0,0,0,0,0.0
5,3,6,1,,,,41.3,0,0,0,0.0
5,4,6,1,,,,41.4,0,0,0,2.0
5,5,6,1,,,,39.9,0,0,0,68.0
5,6,6,1,,,,38.8,0,0,0,201.0
5,7,6,1,,,,47.2,0,0,0,300.0
5,8,6,1,,,,52.2,0,0,0,344.0
5,9,6,1,,,,60.6,0,0,0,396.0
5,10,6,1,,,,61.9,0,0,0,464.0
5,11,6,1,,,,58.1,0,0,0,544.0
5,12,6,1,,,,60.8,0,0,0,533.0
5,13,6,1,,,,60.6,0,0,0,462.0
5,14,6,1,,,,59.6,0,0,0,480.0
5,15,6,1,,,,56.4,0,0,0,565.0
5,16,6,1,,,,53.1,0,0,0,622.0
5,17,6,1,,,,46.3,0,0,0,495.0
5,18,6,1,,,,41.8,0,0,0,228.0
5,19,6,1,,,,38.4,0,0,0,9.0
5,20,6,1,,,,38.9,0,0,0,0.0
5,21,6,1,,,,39.2,0,0,0,0.0
5,22,6,1,,,,38.8,0,0,0,0.0
5,23,6,1,,,,37.5,0,0,0,0.0
5,24,6,1,,,,38.0,0,0,0,0.0
5,1,7,1,,,,38.2,0,0,0,0.0
5,2,7,1,,,,39.0,0,0,0,0.0
5,3,7,1,,,,37.8,0,0,0,0.0
5,4,7,1,,,,39.4,0,0,0,0.0
5,5,7,1,,,,38.0,0,0,0,13.0
5,6,7,1,,,,37.4,0,0,0,53.0
5,7,7,1,,,,39.0,0,0,0,148.0
5,8,7,1,,,,40.2,0,0,0,213.0
5,9,7,1,,,,37.6,0,0,0,186.0
5,10,7,1,,,,37.6,0,0,0,188.0
5,11,7,1,,,,40.0,0,0,0,265.0
5,12,7,1,,,,39.1,0,0,0,451.0
5,13,7,1,,,,39.6,0,0,0,420.0
5,14,7,1,,,,38.3,0,0,0,147.0
5,15,7,1,,,,39.8,0,0,0,155.0
5,16,7,1,,,,40.6,0,0,0,179.0
5,17,7,1,,,,41.0,0,0,0,99.0
5,18,7,1,,,,40.0,0,0,0,28.0
5,19,7,1,,,,36.0,0,0,0,0.0
5,20,7,1,,,,37.5,0,0,0,0.0
5,21,7,1,,,,35.0,0,0,0,0.0
5,22,7,1,,,,36.5,0,0,0,0.0
5,23,7,1,,,,36.1,0,0,0,0.0
5,24,7,1,,,,36.3,0,0,0,0.0
5,1,1,1,,,,35.5,0,0,0,0.0
5,2,1,1,,,,38.2,0,0,0,0.0
5,3,1,1,,,,37.0,0,0,0,0.0
5,4,1,1,,,,37.1,0,0,0,1.0
5,5,1,1,,,,35.5,0,0,0,81.0
5,6,1,1,,,,35.1,0,0,0,277.0
5,7,1,1,,,,36.3,0,0,0,519.0
5,8,1,1,,,,36.4,0,0,0,688.0
5,9,1,1,,,,35.2,0,0,0,784.0
5,10,1,1,,,,34.2,0,0,0,827.0
5,11,1,1,,,,36.1,0,0,0,842.0
5,12,1,1,,,,35.3,0,0,0,843.0
5,13,1,1,,,,36.8,0,0,0,818.0
5,14,1,1,,,,38.2,0,0,0,785.0
5,15,1,1,,,,38.0,0,0,0,733.0
5,16,1,1,,,,38.2,0,0,0,614.0
5,17,1,1,,,,38.6,0,0,0,432.0
5,18,1,1,,,,37.7,0,0,0,195.0
5,19,1,1,,,,35.3,0,0,0,11.0
5,20,1,1,,,,37.2,0,0,0,0.0
5,21,1,1,,,,36.8,0,0,0,0.0
5,22,1,1,,,,37.2,0,0,0,0.0
5,23,1,1,,,,37.6,0,0,0,0.0
5,24,1,1,,,,38.0,0,0,0,0.0
5,1,2,1,,,,37.2,0,0,0,0.0
5,2,2,1,,,,38.2,0,0,0,0.0
5,3,2,1,,,,38.2,0,0,0,0.0
5,4,2,1,,,,38.0,0,0,0,33.0
5,5,2,1,,,,38.6,0,0,0,364.0
5,6,2,1,,,,38.1,0,0,0,642.0
5,7,2,1,,,,42.5,0,0,0,773.0
5,8,2,1,,,,48.0,0,0,0,829.0
5,9,2,1,,,,52.5,0,0,0,846.0
5,10,2,1,,,,55.7,0,0,0,848.0
5,11,2,1,,,,56.8,0,0,0,848.0
5,12,2,1,,,,59.0,0,0,0,842.0
5,13,2,1,,,,56.1,0,0,0,838.0
5,14,2,1,,,,57.4,0,0,0,829.0
5,15,2,1,,,,56.2,0,0,0,801.0
5,16,2,1,,,,54.6,0,0,0,740.0
5,17,2,1,,,,46.9,0,0,0,630.0
5,18,2,1,,,,39.4,0,0,0,385.0
5,19,2,1,,,,37.7,0,0,0,32.0
5,20,2,1,,,,37.8,0,0,0,0.0
5,21,2,1,,,,36.2,0,0,0,0.0
5,22,2,1,,,,37.8,0,0,0,0.0
5,23,2,1,,,,36.8,0,0,0,0.0
5,24,2,1,,,,37.2,0,0,0,0.0
5,1,3,1,,,,38.2,0,0,0,0.0
5,2,3,1,,,,37.5,0,0,0,0.0
5,3,3,1,,,,38.0,0,0,0,0.0
5,4,3,1,,,,37.3,0,0,0,42.0
5,5,3,1,,,,37.1,0,0,0,383.0
5,6,3,1,,,,37.9,0,0,0,667.0
5,7,3,1,,,,40.2,0,0,0,785.0
5,8,3,1,,,,48.2,0,0,0,847.0
5,9,3,1,,,,52.9,0,0,0,877.0
5,10,3,1,,,,59.2,0,0,0,885.0
5,11,3,1,,,,56.8,0,0,0,885.0
5,12,3,1,,,,57.4,0,0,0,882.0
5,13,3,1,,,,63.9,0,0,0,876.0
5,14,3,1,,,,58.0,0,0,0,849.0
5,15,3,1,,,,56.4,0,0,0,767.0
5,16,3,1,,,,52.5,0,0,0,720.0
5,17,3,1,,,,46.7,0,0,0,266.0
5,18,3,1,,,,43.3,0,0,0,115.0
5,19,3,1,,,,39.8,0,0,0,12.0
5,20,3,1,,,,39.2,0,0,0,0.0
5,21,3,1,,,,39.5,0,0,0,0.0
5,22,3,1,,,,37.9,0,0,0,0.0
5,23,3,1,,,,37.0,0,0,0,0.0
5,24,3,1,,,,38.4,0,0,0,0.0
5,1,4,1,,,,38.6,0,0,0,0.0
5,2,4,1,,,,36.7,0,0,0,0.0
5,3,4,1,,,,38.1,0,0,0,0.0
5,4,4,1,,,,37.1,0,0,0,30.0
5,5,4,1,,,,36.9,0,0,0,224.0
5,6,4,1,,,,38.1,0,0,0,428.0
5,7,4,1,,,,42.9,0,0,0,561.0
5,8,4,1,,,,50.5,0,0,0,649.0
5,9,4,1,,,,61.2,0,0,0,653.0
5,10,4,1,,,,63.8,0,0,0,673.0
5,11,4,1,,,,62.4,0,0,0,640.0
5,12,4,1,,,,61.9,0,0,0,709.0
5,13,4,1,,,,61.0,0,0,0,752.0
5,14,4,1,,,,64.1,0,0,0,706.0
5,15,4,1,,,,66.8,0,0,0,684.0
5,16,4,1,,,,60.0,0,0,0,409.0
5,17,4,1,,,,53.1,0,0,0,142.0
5,18,4,1,,,,49.5,0,0,0,46.0
5,19,4,1,,,,43.5,0,0,0,3.0
5,20,4,1,,,,48.4,0,0,0,0.0
5,21,4,1,,,,44.9,0,0,0,0.0
5,22,4,1,,,,43.5,0,0,0,0.0
5,23,4,1,,,,41.5,0,0,0,0.0
5,24,4,1,,,,41.6,0,0,0,0.0
5,1,5,1,,,,40.6,0,0,0,0.0
5,2,5,1,,,,39.2,0,0,0,0.0
5,3,5,1,,,,39.7,0,0,0,0.0
5,4,5,1,,,,38.9,0,0,0,11.0
5,5,5,1,,,,38.6,0,0,0,110.0
5,6,5,1,,,,39.2,0,0,0,457.0
5,7,5,1,,,,44.2,0,0,0,609.0
5,8,5,1,,,,47.2,0,0,0,708.0
5,9,5,1,,,,55.8,0,0,0,722.0
5,10,5,1,,,,57.6,0,0,0,678.0
5,11,5,1,,,,58.8,0,0,0,645.0
5,12,5,1,,,,60.0,0,0,0,618.0
5,13,5,1,,,,61.2,0,0,0,622.0
5,14,5,1,,,,61.2,0,0,0,625.0
5,15,5,1,,,,59.1,0,0,0,591.0
5,16,5,1,,,,57.6,0,0,0,502.0
5,17,5,1,,,,54.0,0,0,0,396.0
5,18,5,1,,,,49.3,0,0,0,185.0
5,19,5,1,,,,45.2,0,0,0,22.0
5,20,5,1,,,,45.8,0,0,0,0.0
5,21,5,1,,,,46.1,0,0,0,0.0
5,22,5,1,,,,46.1,0,0,0,0.0
5,23,5,1,,,,43.5,0,0,0,0.0
5,24,5,1,,,,43.7,0,0,0,0.0
5,1,6,1,,,,41.8,0,0,0,0.0
5,2,6,1,,,,41.8,0,0,0,0.0
5,3,6,1,,,,40.9,0,0,0,0.0
5,4,6,1,,,,41.2,0,0,0,45.0
5,5,6,1,,,,40.8,0,0,0,203.0
5,6,6,1,,,,40.8,0,0,0,508.0
5,7,6,1,,,,47.4,0,0,0,669.0
5,8,6,1,,,,47.6,0,0,0,737.0
5,9,6,1,,,,51.4,0,0,0,811.0
5,10,6,1,,,,58.9,0,0,0,870.0
5,11,6,1,,,,57.4,0,0,0,884.0
5,12,6,1,,,,56.8,0,0,0,886.0
5,13,6,1,,,,58.3,0,0,0,850.0
5,14,6,1,,,,58.8,0,0,0,778.0
5,15,6,1,,,,57.8,0,0,0,549.0
5,16,6,1,,,,51.8,0,0,0,316.0
5,17,6,1,,,,47.5,0,0,0,128.0
5,18,6,1,,,,42.3,0,0,0,43.0
5,19,6,1,,,,40.6,0,0,0,2.0
5,20,6,1,,,,40.2,0,0,0,0.0
5,21,6,1,,,,38.9,0,0,0,0.0
5,22,6,1,,,,38.5,0,0,0,0.0
5,23,6,1,,,,38.7,0,0,0,0.0
5,24,6,1,,,,38.5,0,0,0,0.0
5,1,7,1,,,,39.3,0,0,0,0.0
5,2,7,1,,,,38.0,0,0,0,0.0
5,3,7,1,,,,41.1,0,0,0,0.0
5,4,7,1,,,,43.4,0,0,0,31.0
5,5,7,1,,,,37.8,0,0,0,280.0
5,6,7,1,,,,37.7,0,0,0,691.0
5,7,7,1,,,,37.4,0,0,0,802.0
5,8,7,1,,,,38.2,0,0,0,830.0
5,9,7,1,,,,39.3,0,0,0,816.0
5,10,7,1,,,,38.2,0,0,0,756.0
5,11,7,1,,,,38.8,0,0,0,694.0
5,12,7,1,,,,37.0,0,0,0,738.0
5,13,7,1,,,,38.6,0,0,0,717.0
5,14,7,1,,,,38.6,0,0,0,613.0
5,15,7,1,,,,38.0,0,0,0,464.0
5,16,7,1,,,,36.7,0,0,0,259.0
5,17,7,1,,,,36.9,0,0,0,131.0
5,18,7,1,,,,35.7,0,0,0,66.0
5,19,7,1,,,,36.8,0,0,0,4.0
5,20,7,1,,,,36.5,0,0,0,0.0
5,21,7,1,,,,36.9,0,0,0,0.0
5,22,7,1,,,,37.2,0,0,0,0.0
5,23,7,1,,,,38.4,0,0,0,0.0
5,24,7,1,,,,39.1,0,0,0,0.0
5,1,1,1,,,,38.2,0,0,0,0.0
5,2,1,1,,,,37.5,0,0,0,0.0
5,3,1,1,,,,38.3,0,0,0,0.0
5,4,1,1,,,,38.4,0,0,0,20.0
5,5,1,1,,,,37.1,0,0,0,139.0
5,6,1,1,,,,35.8,0,0,0,552.0
5,7,1,1,,,,37.0,0,0,0,731.0
5,8,1,1,,,,36.0,0,0,0,769.0
5,9,1,1,,,,36.1,0,0,0,744.0
5,10,1,1,,,,37.4,0,0,0,772.0
5,11,1,1,,,,36.4,0,0,0,810.0
5,12,1,1,,,,35.2,0,0,0,801.0
5,13,1,1,,,,37.4,0,0,0,688.0
5,14,1,1,,,,37.7,0,0,0,457.0
5,15,1,1,,,,37.5,0,0,0,305.0
5,16,1,1,,,,35.2,0,0,0,146.0
5,17,1,1,,,,36.5,0,0,0,89.0
5,18,1,1,,,,36.3,0,0,0,48.0
5,19,1,1,,,,37.2,0,0,0,9.0
5,20,1,1,,,,38.2,0,0,0,0.0
5,21,1,1,,,,37.0,0,0,0,0.0
5,22,1,1,,,,38.6,0,0,0,0.0
5,23,1,1,,,,39.5,0,0,0,0.0
5,24,1,1,,,,36.1,0,0,0,0.0
5,1,2,1,,,,36.4,0,0,0,0.0
5,2,2,1,,,,38.1,0,0,0,0.0
5,3,2,1,,,,38.9,0,0,0,0.0
5,4,2,1,,,,38.1,0,0,0,4.0
5,5,2,1,,,,35.5,0,0,0,80.0
5,6,2,1,,,,37.2,0,0,0,266.0
5,7,2,1,,,,40.9,0,0,0,520.0
5,8,2,1,,,,47.8,0,0,0,453.0
5,9,2,1,,,,53.6,0,0,0,303.0
5,10,2,1,,,,60.0,0,0,0,450.0
5,11,2,1,,,,62.8,0,0,0,753.0
5,12,2,1,,,,64.7,0,0,0,858.0
5,13,2,1,,,,59.8,0,0,0,867.0
5,14,2,1,,,,61.4,0,0,0,832.0
5,15,2,1,,,,59.1,0,0,0,744.0
5,16,2,1,,,,55.9,0,0,0,609.0
5,17,2,1,,,,48.6,0,0,0,413.0
5,18,2,1,,,,42.9,0,0,0,146.0
5,19,2,1,,,,41.2,0,0,0,18.0
5,20,2,1,,,,38.9,0,0,0,0.0
5,21,2,1,,,,38.6,0,0,0,0.0
5,22,2,1,,,,38.9,0,0,0,0.0
5,23,2,1,,,,35.7,0,0,0,0.0
5,24,2,1,,,,37.6,0,0,0,0.0
5,1,3,1,,,,37.6,0,0,0,0.0
5,2,3,1,,,,37.6,0,0,0,0.0
5,3,3,1,,,,36.3,0,0,0,0.0
5,4,3,1,,,,36.9,0,0,0,35.0
5,5,3,1,,,,34.7,0,0,0,299.0
5,6,3,1,,,,36.0,0,0,0,578.0
5,7,3,1,,,,41.2,0,0,0,628.0
5,8,3,1,,,,42.7,0,0,0,709.0
5,9,3,1,,,,49.5,0,0,0,668.0
5,10,3,1,,,,55.8,0,0,0,738.0
5,11,3,1,,,,58.0,0,0,0,762.0
5,12,3,1,,,,60.6,0,0,0,746.0
5,13,3,1,,,,59.4,0,0,0,775.0
5,14,3,1,,,,60.2,0,0,0,583.0
5,15,3,1,,,,60.1,0,0,0,363.0
5,16,3,1,,,,55.0,0,0,0,219.0
5,17,3,1,,,,51.4,0,0,0,110.0
5,18,3,1,,,,47.1,0,0,0,63.0
5,19,3,1,,,,42.2,0,0,0,10.0
5,20,3,1,,,,39.6,0,0,0,0.0
5,21,3,1,,,,41.0,0,0,0,0.0
5,22,3,1,,,,37.8,0,0,0,0.0
5,23,3,1,,,,37.5,0,0,0,0.0
5,24,3,1,,,,38.5,0,0,0,0.0
5,1,4,1,,,,36.4,0,0,0,0.0
5,2,4,1,,,,38.0,0,0,0,0.0
5,3,4,1,,,,38.3,0,0,0,0.0
5,4,4,1,,,,36.3,0,0,0,4.0
5,5,4,1,,,,35.9,0,0,0,36.0
5,6,4,1,,,,36.3,0,0,0,93.0
5,7,4,1,,,,41.0,0,0,0,188.0
5,8,4,1,,,,49.0,0,0,0,238.0
5,9,4,1,,,,52.0,0,0,0,263.0
5,10,4,1,,,,56.7,0,0,0,282.0
5,11,4,1,,,,55.3,0,0,0,328.0
5,12,4,1,,,,57.1,0,0,0,395.0
5,13,4,1,,,,58.0,0,0,0,422.0
5,14,4,1,,,,57.9,0,0,0,329.0
5,15,4,1,,,,59.0,0,0,0,223.0
5,16,4,1,,,,55.8,0,0,0,164.0
5,17,4,1,,,,48.3,0,0,0,112.0
5,18,4,1,,,,43.2,0,0,0,64.0
5,19,4,1,,,,40.4,0,0,0,15.0
5,20,4,1,,,,38.9,0,0,0,0.0
5,21,4,1,,,,37.6,0,0,0,0.0
5,22,4,1,,,,39.6,0,0,0,0.0
5,23,4,1,,,,36.4,0,0,0,0.0
5,24,4,1,,,,37.8,0,0,0,0.0
5,1,5,1,,,,38.1,0,0,0,0.0
5,2,5,1,,,,37.2,0,0,0,0.0
5,3,5,1,,,,36.7,0,0,0,0.0
5,4,5,1,,,,39.2,0,0,0,91.0
5,5,5,1,,,,35.9,0,0,0,323.0
5,6,5,1,,,,36.8,0,0,0,631.0
5,7,5,1,,,,39.4,0,0,0,776.0
5,8,5,1,,,,45.2,0,0,0,842.0
5,9,5,1,,,,52.2,0,0,0,871.0
5,10,5,1,,,,55.1,0,0,0,894.0
5,11,5,1,,,,57.2,0,0,0,901.0
5,12,5,1,,,,57.8,0,0,0,889.0
5,13,5,1,,,,54.8,0,0,0,881.0
5,14,5,1,,,,56.8,0,0,0,862.0
5,15,5,1,,,,55.4,0,0,0,808.0
5,16,5,1,,,,51.4,0,0,0,725.0
5,17,5,1,,,,46.0,0,0,0,529.0
5,18,5,1,,,,42.8,0,0,0,156.0
5,19,5,1,,,,39.6,0,0,0,11.0
5,20,5,1,,,,42.4,0,0,0,0.0
5,21,5,1,,,,40.4,0,0,0,0.0
5,22,5,1,,,,37.4,0,0,0,0.0
5,23,5,1,,,,38.3,0,0,0,0.0
5,24,5,1,,,,39.1,0,0,0,0.0
5,1,6,1,,,,37.8,0,0,0,0.0
5,2,6,1,,,,38.2,0,0,0,0.0
5,3,6,1,,,,39.5,0,0,0,0.0
5,4,6,1,,,,39.2,0,0,0,92.0
5,5,6,1,,,,38.2,0,0,0,407.0
5,6,6,1,,,,37.1,0,0,0,680.0
5,7,6,1,,,,43.9,0,0,0,799.0
5,8,6,1,,,,45.6,0,0,0,855.0
5,9,6,1,,,,50.4,0,0,0,869.0
5,10,6,1,,,,52.8,0,0,0,871.0
5,11,6,1,,,,56.8,0,0,0,873.0
5,12,6,1,,,,55.2,0,0,0,870.0
5,13,6,1,,,,54.4,0,0,0,803.0
5,14,6,1,,,,55.4,0,0,0,708.0
5,15,6,1,,,,51.8,0,0,0,644.0
5,16,6,1,,,,49.6,0,0,0,545.0
5,17,6,1,,,,47.1,0,0,0,296.0
5,18,6,1,,,,42.0,0,0,0,127.0
5,19,6,1,,,,40.2,0,0,0,24.0
5,20,6,1,,,,37.0,0,0,0,0.0
5,21,6,1,,,,36.5,0,0,0,0.0
5,22,6,1,,,,37.6,0,0,0,0.0
5,23,6,1,,,,37.9,0,0,0,0.0
5,24,6,1,,,,36.6,0,0,0,0.0
5,1,7,1,,,,38.6,0,0,0,0.0
5,2,7,1,,,,37.6,0,0,0,0.0
5,3,7,1,,,,38.6,0,0,0,0.0
5,4,7,1,,,,38.2,0,0,0,155.0
5,5,7,1,,,,37.2,0,0,0,473.0
5,6,7,1,,,,37.0,0,0,0,676.0
5,7,7,1,,,,37.5,0,0,0,783.0
5,8,7,1,,,,37.9,0,0,0,847.0
5,9,7,1,,,,37.8,0,0,0,879.0
5,10,7,1,,,,40.2,0,0,0,893.0
5,11,7,1,,,,38.5,0,0,0,892.0
5,12,7,1,,,,36.7,0,0,0,882.0
5,13,7,1,,,,36.1,0,0,0,871.0
5,14,7,1,,,,37.2,0,0,0,839.0
5,15,7,1,,,,37.5,0,0,0,706.0
5,16,7,1,,,,37.7,0,0,0,602.0
5,17,7,1,,,,37.0,0,0,0,479.0
5,18,7,1,,,,35.4,0,0,0,392.0
5,19,7,1,,,,35.8,0,0,0,143.0
5,20,7,1,,,,37.6,0,0,0,0.0
5,21,7,1,,,,37.2,0,0,0,0.0
5,22,7,1,,,,35.9,0,0,0,0.0
5,23,7,1,,,,36.9,0,0,0,0.0
5,24,7,1,,,,37.4,0,0,0,0.0
5,1,1,1,,,,36.5,0,0,0,0.0
5,2,1,1,,,,37.4,0,0,0,0.0
5,3,1,1,,,,37.0,0,0,0,0.0
5,4,1,1,,,,36.7,0,0,0,34.0
5,5,1,1,,,,37.4,0,0,0,298.0
5,6,1,1,,,,35.2,0,0,0,674.0
5,7,1,1,,,,37.1,0,0,0,808.0
5,8,1,1,,,,36.7,0,0,0,844.0
5,9,1,1,,,,35.7,0,0,0,852.0
5,10,1,1,,,,36.2,0,0,0,821.0
5,11,1,1,,,,35.0,0,0,0,815.0
5,12,1,1,,,,36.8,0,0,0,779.0
5,13,1,1,,,,36.2,0,0,0,748.0
5,14,1,1,,,,36.7,0,0,0,722.0
5,15,1,1,,,,37.4,0,0,0,726.0
5,16,1,1,,,,37.0,0,0,0,728.0
5,17,1,1,,,,35.6,0,0,0,646.0
5,18,1,1,,,,37.1,0,0,0,355.0
5,19,1,1,,,,33.6,0,0,0,60.0
5,20,1,1,,,,36.8,0,0,0,0.0
5,21,1,1,,,,38.6,0,0,0,0.0
5,22,1,1,,,,37.5,0,0,0,0.0
5,23,1,1,,,,37.1,0,0,0,0.0
5,24,1,1,,,,39.2,0,0,0,0.0
5,1,2,1,,,,37.5,0,0,0,0.0
5,2,2,1,,,,39.0,0,0,0,0.0
5,3,2,1,,,,39.5,0,0,0,0.0
5,4,2,1,,,,37.4,0,0,0,27.0
5,5,2,1,,,,35.7,0,0,0,169.0
5,6,2,1,,,,37.3,0,0,0,374.0
5,7,2,1,,,,39.8,0,0,0,636.0
5,8,2,1,,,,44.7,0,0,0,713.0
5,9,2,1,,,,50.0,0,0,0,762.0
5,10,2,1,,,,54.2,0,0,0,862.0
5,11,2,1,,,,57.5,0,0,0,879.0
5,12,2,1,,,,55.2,0,0,0,866.0
5,13,2,1,,,,56.9,0,0,0,840.0
5,14,2,1,,,,56.7,0,0,0,688.0
5,15,2,1,,,,57.4,0,0,0,411.0
5,16,2,1,,,,54.6,0,0,0,200.0
5,17,2,1,,,,50.4,0,0,0,176.0
5,18,2,1,,,,42.1,0,0,0,191.0
5,19,2,1,,,,38.6,0,0,0,79.0
5,20,2,1,,,,37.9,0,0,0,0.0
5,21,2,1,,,,39.2,0,0,0,0.0
5,22,2,1,,,,37.2,0,0,0,0.0
5,23,2,1,,,,37.0,0,0,0,0.0
5,24,2,1,,,,37.4,0,0,0,0.0
5,1,3,1,,,,38.2,0,0,0,0.0
5,2,3,1,,,,36.9,0,0,0,0.0
5,3,3,1,,,,37.6,0,0,0,0.0
5,4,3,1,,,,37.8,0,0,0,151.0
5,5,3,1,,,,37.6,0,0,0,492.0
5,6,3,1,,,,37.2,0,0,0,727.0
5,7,3,1,,,,37.7,0,0,0,833.0
5,8,3,1,,,,44.5,0,0,0,888.0
5,9,3,1,,,,51.2,0,0,0,903.0
5,10,3,1,,,,56.3,0,0,0,903.0
5,11,3,1,,,,57.5,0,0,0,899.0
5,12,3,1,,,,55.5,0,0,0,892.0
5,13,3,1,,,,54.5,0,0,0,886.0
5,14,3,1,,,,57.1,0,0,0,863.0
5,15,3,1,,,,60.6,0,0,0,833.0
5,16,3,1,,,,53.5,0,0,0,775.0
5,17,3,1,,,,48.4,0,0,0,667.0
5,18,3,1,,,,45.0,0,0,0,471.0
5,19,3,1,,,,42.7,0,0,0,204.0
5,20,3,1,,,,39.0,0,0,0,0.0
5,21,3,1,,,,38.0,0,0,0,0.0
5,22,3,1,,,,37.2,0,0,0,0.0
5,23,3,1,,,,37.4,0,0,0,0.0
5,24,3,1,,,,37.5,0,0,0,0.0
5,1,4,1,,,,38.2,0,0,0,0.0
5,2,4,1,,,,37.2,0,0,0,0.0
5,3,4,1,,,,37.1,0,0,0,0.0
5,4,4,1,,,,37.2,0,0,0,140.0
5,5,4,1,,,,36.8,0,0,0,419.0
5,6,4,1,,,,37.0,0,0,0,340.0
5,7,4,1,,,,39.9,0,0,0,420.0
5,8,4,1,,,,45.8,0,0,0,806.0
5,9,4,1,,,,47.8,0,0,0,814.0
5,10,4,1,,,,52.1,0,0,0,603.0
5,11,4,1,,,,52.7,0,0,0,415.0
5,12,4,1,,,,52.1,0,0,0,350.0
5,13,4,1,,,,57.9,0,0,0,351.0
5,14,4,1,,,,57.8,0,0,0,449.0
5,15,4,1,,,,60.6,0,0,0,628.0
5,16,4,1,,,,58.1,0,0,0,530.0
5,17,4,1,,,,50.0,0,0,0,320.0
5,18,4,1,,,,40.8,0,0,0,107.0
5,19,4,1,,,,38.8,0,0,0,15.0
5,20,4,1,,,,35.5,0,0,0,0.0
5,21,4,1,,,,36.0,0,0,0,0.0
5,22,4,1,,,,36.6,0,0,0,0.0
5,23,4,1,,,,35.8,0,0,0,0.0
5,24,4,1,,,,36.3,0,0,0,0.0
5,1,5,1,,,,35.9,0,0,0,0.0
5,2,5,1,,,,36.2,0,0,0,0.0
5,3,5,1,,,,37.5,0,0,0,0.0
5,4,5,1,,,,36.5,0,0,0,32.0
5,5,5,1,,,,35.1,0,0,0,339.0
5,6,5,1,,,,35.0,0,0,0,612.0
5,7,5,1,,,,37.2,0,0,0,688.0
5,8,5,1,,,,45.0,0,0,0,679.0
5,9,5,1,,,,52.4,0,0,0,625.0
5,10,5,1,,,,58.5,0,0,0,617.0
5,11,5,1,,,,59.4,0,0,0,535.0
5,12,5,1,,,,61.2,0,0,0,365.0
5,13,5,1,,,,57.0,0,0,0,257.0
5,14,5,1,,,,61.9,0,0,0,278.0
5,15,5,1,,,,58.6,0,0,0,291.0
5,16,5,1,,,,50.8,0,0,0,230.0
5,17,5,1,,,,46.2,0,0,0,196.0
5,18,5,1,,,,40.2,0,0,0,146.0
5,19,5,1,,,,34.3,0,0,0,52.0
5,20,5,1,,,,30.9,0,0,0,0.0
5,21,5,1,,,,33.4,0,0,0,0.0
5,22,5,1,,,,30.8,0,0,0,0.0
5,23,5,1,,,,30.7,0,0,0,0.0
5,24,5,1,,,,32.1,0,0,0,0.0
5,1,6,1,,,,31.6,0,0,0,0.0
5,2,6,1,,,,31.0,0,0,0,0.0
5,3,6,1,,,,30.7,0,0,0,0.0
5,4,6,1,,,,30.4,0,0,0,32.0
5,5,6,1,,,,30.2,0,0,0,140.0
5,6,6,1,,,,30.1,0,0,0,266.0
5,7,6,1,,,,34.7,0,0,0,601.0
5,8,6,1,,,,42.2,0,0,0,755.0
5,9,6,1,,,,48.7,0,0,0,779.0
5,10,6,1,,,,59.7,0,0,0,811.0
5,11,6,1,,,,61.4,0,0,0,791.0
5,12,6,1,,,,60.2,0,0,0,797.0
5,13,6,1,,,,56.6,0,0,0,768.0
5,14,6,1,,,,59.2,0,0,0,744.0
5,15,6,1,,,,58.8,0,0,0,602.0
5,16,6,1,,,,55.2,0,0,0,466.0
5,17,6,1,,,,45.2,0,0,0,393.0
5,18,6,1,,,,40.5,0,0,0,242.0
5,19,6,1,,,,38.5,0,0,0,133.0
5,20,6,1,,,,36.8,0,0,0,0.0
5,21,6,1,,,,37.3,0,0,0,0.0
5,22,6,1,,,,38.0,0,0,0,0.0
5,23,6,1,,,,38.6,0,0,0,0.0
5,24,6,1,,,,37.6,0,0,0,0.0
5,1,7,1,,,,38.3,0,0,0,0.0
5,2,7,1,,,,37.0,0,0,0,0.0
5,3,7,1,,,,39.0,0,0,0,0.0
5,4,7,1,,,,37.3,0,0,0,2.0
5,5,7,1,,,,37.3,0,0,0,22.0
5,6,7,1,,,,35.8,0,0,0,64.0
5,7,7,1,,,,37.1,0,0,0,117.0
5,8,7,1,,,,37.5,0,0,0,151.0
5,9,7,1,,,,36.4,0,0,0,220.0
5,10,7,1,,,,38.6,0,0,0,324.0
5,11,7,1,,,,36.7,0,0,0,325.0
5,12,7,1,,,,38.4,0,0,0,278.0
5,13,7,1,,,,37.2,0,0,0,212.0
5,14,7,1,,,,37.9,0,0,0,198.0
5,15,7,1,,,,36.9,0,0,0,207.0
5,16,7,1,,,,36.2,0,0,0,218.0
5,17,7,1,,,,36.4,0,0,0,92.0
5,18,7,1,,,,36.4,0,0,0,66.0
5,19,7,1,,,,36.6,0,0,0,29.0
5,20,7,1,,,,36.6,0,0,0,0.0
5,21,7,1,,,,38.2,0,0,0,0.0
5,22,7,1,,,,37.9,0,0,0,0.0
5,23,7,1,,,,39.4,0,0,0,0.0
5,24,7,1,,,,39.4,0,0,0,0.0
5,1,1,1,,,,38.0,0,0,0,0.0
5,2,1,1,,,,37.0,0,0,0,0.0
5,3,1,1,,,,37.8,0,0,0,0.0
5,4,1,1,,,,36.4,0,0,0,45.0
5,5,1,1,,,,36.2,0,0,0,124.0
5,6,1,1,,,,35.3,0,0,0,220.0
5,7,1,1,,,,36.6,0,0,0,354.0
5,8,1,1,,,,35.0,0,0,0,363.0
5,9,1,1,,,,36.4,0,0,0,391.0
5,10,1,1,,,,34.3,0,0,0,494.0
5,11,1,1,,,,35.8,0,0,0,477.0
5,12,1,1,,,,33.6,0,0,0,467.0
5,13,1,1,,,,33.6,0,0,0,419.0
5,14,1,1,,,,35.6,0,0,0,356.0
5,15,1,1,,,,35.2,0,0,0,284.0
5,16,1,1,,,,36.2,0,0,0,211.0
5,17,1,1,,,,36.7,0,0,0,164.0
5,18,1,1,,,,34.2,0,0,0,78.0
5,19,1,1,,,,35.7,0,0,0,19.0
5,20,1,1,,,,33.2,0,0,0,0.0
5,21,1,1,,,,36.8,0,0,0,0.0
5,22,1,1,,,,36.3,0,0,0,0.0
5,23,1,1,,,,37.6,0,0,0,0.0
5,24,1,1,,,,35.2,0,0,0,0.0
5,1,2,1,,,,36.4,0,0,0,0.0
5,2,2,1,,,,35.6,0,0,0,0.0
5,3,2,1,,,,36.7,0,0,0,0.0
5,4,2,1,,,,36.5,0,0,0,22.0
5,5,2,1,,,,34.2,0,0,0,86.0
5,6,2,1,,,,35.5,0,0,0,141.0
5,7,2,1,,,,34.9,0,0,0,201.0
5,8,2,1,,,,38.2,0,0,0,276.0
5,9,2,1,,,,38.4,0,0,0,354.0
5,10,2,1,,,,42.9,0,0,0,465.0
5,11,2,1,,,,41.6,0,0,0,533.0
5,12,2,1,,,,43.1,0,0,0,531.0
5,13,2,1,,,,46.5,0,0,0,476.0
5,14,2,1,,,,44.3,0,0,0,365.0
5,15,2,1,,,,45.9,0,0,0,243.0
5,16,2,1,,,,44.0,0,0,0,144.0
5,17,2,1,,,,41.3,0,0,0,68.0
5,18,2,1,,,,39.2,0,0,0,26.0
5,19,2,1,,,,38.9,0,0,0,3.0
5,20,2,1,,,,37.9,0,0,0,0.0
5,21,2,1,,,,39.6,0,0,0,0.0
5,22,2,1,,,,36.9,0,0,0,0.0
5,23,2,1,,,,37.6,0,0,0,0.0
5,24,2,1,,,,37.9,0,0,0,0.0
5,1,3,1,,,,37.2,0,0,0,0.0
5,2,3,1,,,,38.8,0,0,0,0.0
5,3,3,1,,,,37.2,0,0,0,0.0
5,4,3,1,,,,38.8,0,0,0,47.0
5,5,3,1,,,,37.2,0,0,0,179.0
5,6,3,1,,,,36.8,0,0,0,566.0
5,7,3,1,,,,39.3,0,0,0,662.0
5,8,3,1,,,,44.6,0,0,0,568.0
5,9,3,1,,,,48.5,0,0,0,583.0
5,10,3,1,,,,54.7,0,0,0,590.0
5,11,3,1,,,,56.4,0,0,0,644.0
5,12,3,1,,,,58.1,0,0,0,663.0
5,13,3,1,,,,59.4,0,0,0,645.0
5,14,3,1,,,,58.5,0,0,0,614.0
5,15,3,1,,,,56.4,0,0,0,607.0
5,16,3,1,,,,53.8,0,0,0,608.0
5,17,3,1,,,,48.8,0,0,0,542.0
5,18,3,1,,,,41.8,0,0,0,357.0
5,19,3,1,,,,45.6,0,0,0,111.0
5,20,3,1,,,,40.8,0,0,0,0.0
5,21,3,1,,,,43.1,0,0,0,0.0
5,22,3,1,,,,41.2,0,0,0,0.0
5,23,3,1,,,,42.6,0,0,0,0.0
5,24,3,1,,,,41.7,0,0,0,0.0
6,1,4,1,,,,40.4,0,0,0,0.0
6,2,4,1,,,,41.6,0,0,0,0.0
6,3,4,1,,,,42.6,0,0,0,0.0
6,4,4,1,,,,41.6,0,0,0,101.0
6,5,4,1,,,,40.1,0,0,0,514.0
6,6,4,1,,,,41.9,0,0,0,710.0
6,7,4,1,,,,42.4,0,0,0,795.0
6,8,4,1,,,,47.0,0,0,0,845.0
6,9,4,1,,,,48.6,0,0,0,870.0
6,10,4,1,,,,51.2,0,0,0,879.0
6,11,4,1,,,,52.8,0,0,0,861.0
6,12,4,1,,,,52.1,0,0,0,801.0
6,13,4,1,,,,52.1,0,0,0,706.0
6,14,4,1,,,,52.8,0,0,0,565.0
6,15,4,1,,,,55.0,0,0,0,417.0
6,16,4,1,,,,52.1,0,0,0,273.0
6,17,4,1,,,,45.8,0,0,0,207.0
6,18,4,1,,,,44.9,0,0,0,125.0
6,19,4,1,,,,41.0,0,0,0,45.0
6,20,4,1,,,,41.4,0,0,0,0.0
6,21,4,1,,,,40.6,0,0,0,0.0
6,22,4,1,,,,38.1,0,0,0,0.0
6,23,4,1,,,,38.8,0,0,0,0.0
6,24,4,1,,,,38.2,0,0,0,0.0
6,1,5,1,,,,36.2,0,0,0,0.0
6,2,5,1,,,,37.9,0,0,0,0.0
6,3,5,1,,,,39.6,0,0,0,0.0
6,4,5,1,,,,38.0,0,0,0,124.0
6,5,5,1,,,,38.0,0,0,0,409.0
6,6,5,1,,,,37.0,0,0,0,611.0
6,7,5,1,,,,40.3,0,0,0,726.0
6,8,5,1,,,,44.5,0,0,0,772.0
6,9,5,1,,,,48.8,0,0,0,788.0
6,10,5,1,,,,50.5,0,0,0,807.0
6,11,5,1,,,,54.2,0,0,0,798.0
6,12,5,1,,,,55.2,0,0,0,803.0
6,13,5,1,,,,54.8,0,0,0,768.0
6,14,5,1,,,,56.1,0,0,0,665.0
6,15,5,1,,,,53.4,0,0,0,636.0
6,16,5,1,,,,51.7,0,0,0,657.0
6,17,5,1,,,,46.5,0,0,0,637.0
6,18,5,1,,,,40.0,0,0,0,487.0
6,19,5,1,,,,36.5,0,0,0,193.0
6,20,5,1,,,,34.8,0,0,0,0.0
6,21,5,1,,,,35.7,0,0,0,0.0
6,22,5,1,,,,36.8,0,0,0,0.0
6,23,5,1,,,,38.2,0,0,0,0.0
6,24,5,1,,,,38.4,0,0,0,0.0
6,1,6,1,,,,37.4,0,0,0,0.0
6,2,6,1,,,,39.4,0,0,0,0.0
6,3,6,1,,,,37.8,0,0,0,0.0
6,4,6,1,,,,38.4,0,0,0,235.0
6,5,6,1,,,,36.6,0,0,0,563.0
6,6,6,1,,,,38.5,0,0,0,734.0
6,7,6,1,,,,40.0,0,0,0,809.0
6,8,6,1,,,,43.1,0,0,0,849.0
6,9,6,1,,,,46.8,0,0,0,863.0
6,10,6,1,,,,48.8,0,0,0,873.0
6,11,6,1,,,,52.4,0,0,0,876.0
6,12,6,1,,,,49.4,0,0,0,875.0
6,13,6,1,,,,49.8,0,0,0,870.0
6,14,6,1,,,,48.3,0,0,0,859.0
6,15,6,1,,,,50.1,0,0,0,835.0
6,16,6,1,,,,44.3,0,0,0,793.0
6,17,6,1,,,,41.4,0,0,0,705.0
6,18,6,1,,,,37.7,0,0,0,515.0
6,19,6,1,,,,35.2,0,0,0,211.0
6,20,6,1,,,,34.2,0,0,0,0.0
6,21,6,1,,,,35.6,0,0,0,0.0
6,22,6,1,,,,37.6,0,0,0,0.0
6,23,6,1,,,,36.7,0,0,0,0.0
6,24,6,1,,,,36.6,0,0,0,0.0
6,1,7,1,,,,38.5,0,0,0,0.0
6,2,7,1,,,,37.2,0,0,0,0.0
6,3,7,1,,,,37.9,0,0,0,0.0
6,4,7,1,,,,37.0,0,0,0,172.0
6,5,7,1,,,,35.1,0,0,0,478.0
6,6,7,1,,,,36.4,0,0,0,664.0
6,7,7,1,,,,35.1,0,0,0,722.0
6,8,7,1,,,,37.9,0,0,0,752.0
6,9,7,1,,,,35.9,0,0,0,749.0
6,10,7,1,,,,34.8,0,0,0,724.0
6,11,7,1,,,,37.0,0,0,0,701.0
6,12,7,1,,,,34.8,0,0,0,685.0
6,13,7,1,,,,34.9,0,0,0,681.0
6,14,7,1,,,,34.7,0,0,0,655.0
6,15,7,1,,,,34.6,0,0,0,611.0
6,16,7,1,,,,34.4,0,0,0,562.0
6,17,7,1,,,,33.9,0,0,0,465.0
6,18,7,1,,,,33.5,0,0,0,287.0
6,19,7,1,,,,33.6,0,0,0,93.0
6,20,7,1,,,,35.2,0,0,0,0.0
6,21,7,1,,,,36.1,0,0,0,0.0
6,22,7,1,,,,37.8,0,0,0,0.0
6,23,7,1,,,,35.5,0,0,0,0.0
6,24,7,1,,,,37.3,0,0,0,0.0
6,1,1,1,,,,36.6,0,0,0,0.0
6,2,1,1,,,,36.6,0,0,0,0.0
6,3,1,1,,,,37.3,0,0,0,0.0
6,4,1,1,,,,35.8,0,0,0,20.0
6,5,1,1,,,,35.6,0,0,0,93.0
6,6,1,1,,,,36.5,0,0,0,244.0
6,7,1,1,,,,34.8,0,0,0,415.0
6,8,1,1,,,,35.9,0,0,0,520.0
6,9,1,1,,,,35.5,0,0,0,588.0
6,10,1,1,,,,35.7,0,0,0,587.0
6,11,1,1,,,,35.2,0,0,0,576.0
6,12,1,1,,,,33.4,0,0,0,540.0
6,13,1,1,,,,34.8,0,0,0,485.0
6,14,1,1,,,,33.9,0,0,0,427.0
6,15,1,1,,,,36.1,0,0,0,360.0
6,16,1,1,,,,36.0,0,0,0,269.0
6,17,1,1,,,,34.2,0,0,0,169.0
6,18,1,1,,,,35.1,0,0,0,81.0
6,19,1,1,,,,34.8,0,0,0,18.0
6,20,1,1,,,,36.8,0,0,0,0.0
6,21,1,1,,,,36.8,0,0,0,0.0
6,22,1,1,,,,37.4,0,0,0,0.0
6,23,1,1,,,,36.2,0,0,0,0.0
6,24,1,1,,,,36.9,0,0,0,0.0
6,1,2,1,,,,36.4,0,0,0,0.0
6,2,2,1,,,,36.5,0,0,0,0.0
6,3,2,1,,,,36.9,0,0,0,0.0
6,4,2,1,,,,36.2,0,0,0,10.0
6,5,2,1,,,,36.3,0,0,0,43.0
6,6,2,1,,,,37.1,0,0,0,101.0
6,7,2,1,,,,41.4,0,0,0,216.0
6,8,2,1,,,,47.3,0,0,0,277.0
6,9,2,1,,,,54.2,0,0,0,285.0
6,10,2,1,,,,61.1,0,0,0,292.0
6,11,2,1,,,,65.0,0,0,0,348.0
6,12,2,1,,,,63.0,0,0,0,313.0
6,13,2,1,,,,59.6,0,0,0,297.0
6,14,2,1,,,,60.9,0,0,0,292.0
6,15,2,1,,,,58.5,0,0,0,337.0
6,16,2,1,,,,55.2,0,0,0,212.0
6,17,2,1,,,,51.0,0,0,0,99.0
6,18,2,1,,,,44.8,0,0,0,44.0
6,19,2,1,,,,41.2,0,0,0,9.0
6,20,2,1,,,,39.6,0,0,0,0.0
6,21,2,1,,,,40.0,0,0,0,0.0
6,22,2,1,,,,38.8,0,0,0,0.0
6,23,2,1,,,,37.3,0,0,0,0.0
6,24,2,1,,,,38.9,0,0,0,0.0
6,1,3,1,,,,38.1,0,0,0,0.0
6,2,3,1,,,,39.0,0,0,0,0.0
6,3,3,1,,,,37.6,0,0,0,0.0
6,4,3,1,,,,37.8,0,0,0,10.0
6,5,3,1,,,,36.7,0,0,0,59.0
6,6,3,1,,,,37.5,0,0,0,275.0
6,7,3,1,,,,40.6,0,0,0,489.0
6,8,3,1,,,,44.7,0,0,0,704.0
6,9,3,1,,,,52.8,0,0,0,805.0
6,10,3,1,,,,55.4,0,0,0,806.0
6,11,3,1,,,,58.4,0,0,0,838.0
6,12,3,1,,,,59.0,0,0,0,787.0
6,13,3,1,,,,57.4,0,0,0,778.0
6,14,3,1,,,,58.6,0,0,0,750.0
6,15,3,1,,,,57.8,0,0,0,675.0
6,16,3,1,,,,54.1,0,0,0,576.0
6,17,3,1,,,,50.7,0,0,0,338.0
6,18,3,1,,,,44.6,0,0,0,232.0
6,19,3,1,,,,41.5,0,0,0,78.0
6,20,3,1,,,,39.0,0,0,0,0.0
6,21,3,1,,,,38.9,0,0,0,0.0
6,22,3,1,,,,38.4,0,0,0,0.0
6,23,3,1,,,,38.4,0,0,0,0.0
6,24,3,1,,,,38.8,0,0,0,0.0
6,1,4,1,,,,37.9,0,0,0,0.0
6,2,4,1,,,,38.0,0,0,0,0.0
6,3,4,1,,,,38.5,0,0,0,0.0
6,4,4,1,,,,38.3,0,0,0,142.0
6,5,4,1,,,,37.1,0,0,0,354.0
6,6,4,1,,,,37.6,0,0,0,687.0
6,7,4,1,,,,41.1,0,0,0,776.0
6,8,4,1,,,,48.3,0,0,0,815.0
6,9,4,1,,,,52.1,0,0,0,837.0
6,10,4,1,,,,59.1,0,0,0,841.0
6,11,4,1,,,,58.9,0,0,0,812.0
6,12,4,1,,,,59.1,0,0,0,769.0
6,13,4,1,,,,58.9,0,0,0,741.0
6,14,4,1,,,,60.6,0,0,0,711.0
6,15,4,1,,,,58.6,0,0,0,671.0
6,16,4,1,,,,56.3,0,0,0,638.0
6,17,4,1,,,,49.1,0,0,0,566.0
6,18,4,1,,,,44.7,0,0,0,279.0
6,19,4,1,,,,40.4,0,0,0,128.0
6,20,4,1,,,,41.2,0,0,0,0.0
6,21,4,1,,,,38.9,0,0,0,0.0
6,22,4,1,,,,39.2,0,0,0,0.0
6,23,4,1,,,,39.1,0,0,0,0.0
6,24,4,1,,,,37.9,0,0,0,0.0
6,1,5,1,,,,39.2,0,0,0,0.0
6,2,5,1,,,,39.7,0,0,0,0.0
6,3,5,1,,,,38.9,0,0,0,0.0
6,4,5,1,,,,38.7,0,0,0,98.0
6,5,5,1,,,,37.8,0,0,0,350.0
6,6,5,1,,,,38.8,0,0,0,671.0
6,7,5,1,,,,41.9,0,0,0,747.0
6,8,5,1,,,,48.5,0,0,0,751.0
6,9,5,1,,,,55.4,0,0,0,754.0
6,10,5,1,,,,58.4,0,0,0,707.0
6,11,5,1,,,,60.2,0,0,0,665.0
6,12,5,1,,,,58.6,0,0,0,742.0
6,13,5,1,,,,55.9,0,0,0,751.0
6,14,5,1,,,,57.8,0,0,0,729.0
6,15,5,1,,,,57.8,0,0,0,649.0
6,16,5,1,,,,56.6,0,0,0,465.0
6,17,5,1,,,,48.4,0,0,0,215.0
6,18,5,1,,,,43.1,0,0,0,73.0
6,19,5,1,,,,42.4,0,0,0,12.0
6,20,5,1,,,,36.6,0,0,0,0.0
6,21,5,1,,,,39.6,0,0,0,0.0
6,22,5,1,,,,37.8,0,0,0,0.0
6,23,5,1,,,,36.9,0,0,0,0.0
6,24,5,1,,,,38.6,0,0,0,0.0
6,1,6,1,,,,36.6,0,0,0,0.0
6,2,6,1,,,,38.4,0,0,0,0.0
6,3,6,1,,,,38.2,0,0,0,0.0
6,4,6,1,,,,36.8,0,0,0,77.0
6,5,6,1,,,,37.2,0,0,0,171.0
6,6,6,1,,,,37.1,0,0,0,241.0
6,7,6,1,,,,39.6,0,0,0,301.0
6,8,6,1,,,,43.0,0,0,0,380.0
6,9,6,1,,,,49.2,0,0,0,409.0
6,10,6,1,,,,52.4,0,0,0,394.0
6,11,6,1,,,,55.2,0,0,0,376.0
6,12,6,1,,,,55.8,0,0,0,334.0
6,13,6,1,,,,53.0,0,0,0,293.0
6,14,6,1,,,,58.8,0,0,0,222.0
6,15,6,1,,,,54.2,0,0,0,177.0
6,16,6,1,,,,52.6,0,0,0,160.0
6,17,6,1,,,,46.8,0,0,0,137.0
6,18,6,1,,,,41.1,0,0,0,87.0
6,19,6,1,,,,40.2,0,0,0,30.0
6,20,6,1,,,,36.9,0,0,0,0.0
6,21,6,1,,,,36.2,0,0,0,0.0
6,22,6,1,,,,37.5,0,0,0,0.0
6,23,6,1,,,,37.6,0,0,0,0.0
6,24,6,1,,,,36.6,0,0,0,0.0
6,1,7,1,,,,38.3,0,0,0,0.0
6,2,7,1,,,,37.0,0,0,0,0.0
6,3,7,1,,,,37.6,0,0,0,0.0
6,4,7,1,,,,37.8,0,0,0,98.0
6,5,7,1,,,,36.0,0,0,0,289.0
6,6,7,1,,,,36.1,0,0,0,557.0
6,7,7,1,,,,35.5,0,0,0,710.0
6,8,7,1,,,,37.2,0,0,0,731.0
6,9,7,1,,,,35.6,0,0,0,780.0
6,10,7,1,,,,37.6,0,0,0,781.0
6,11,7,1,,,,35.1,0,0,0,783.0
6,12,7,1,,,,36.1,0,0,0,785.0
6,13,7,1,,,,35.4,0,0,0,755.0
6,14,7,1,,,,33.4,0,0,0,638.0
6,15,7,1,,,,34.5,0,0,0,440.0
6,16,7,1,,,,34.8,0,0,0,284.0
6,17,7,1,,,,34.1,0,0,0,168.0
6,18,7,1,,,,34.4,0,0,0,98.0
6,19,7,1,,,,33.8,0,0,0,31.0
6,20,7,1,,,,35.5,0,0,0,0.0
6,21,7,1,,,,36.0,0,0,0,0.0
6,22,7,1,,,,36.0,0,0,0,0.0
6,23,7,1,,,,38.9,0,0,0,0.0
6,24,7,1,,,,36.8,0,0,0,0.0
6,1,1,1,,,,36.6,0,0,0,0.0
6,2,1,1,,,,36.5,0,0,0,0.0
6,3,1,1,,,,38.2,0,0,0,0.0
6,4,1,1,,,,32.2,0,0,0,110.0
6,5,1,1,,,,24.6,0,0,0,173.0
6,6,1,1,,,,8.8,0,0,0,207.0
6,7,1,1,,,,23.8,0,0,0,347.0
6,8,1,1,,,,35.6,0,0,0,346.0
6,9,1,1,,,,35.8,0,0,0,302.0
6,10,1,1,,,,35.5,0,0,0,388.0
6,11,1,1,,,,35.8,0,0,0,389.0
6,12,1,1,,,,38.0,0,0,0,341.0
6,13,1,1,,,,37.7,0,0,0,272.0
6,14,1,1,,,,37.2,0,0,0,181.0
6,15,1,1,,,,39.6,0,0,0,109.0
6,16,1,1,,,,37.7,0,0,0,67.0
6,17,1,1,,,,38.4,0,0,0,44.0
6,18,1,1,,,,38.4,0,0,0,27.0
6,19,1,1,,,,38.2,0,0,0,6.0
6,20,1,1,,,,37.4,0,0,0,0.0
6,21,1,1,,,,37.8,0,0,0,0.0
6,22,1,1,,,,37.9,0,0,0,0.0
6,23,1,1,,,,37.0,0,0,0,0.0
6,24,1,1,,,,36.3,0,0,0,0.0
6,1,2,1,,,,36.6,0,0,0,0.0
6,2,2,1,,,,35.5,0,0,0,0.0
6,3,2,1,,,,37.0,0,0,0,0.0
6,4,2,1,,,,36.6,0,0,0,46.0
6,5,2,1,,,,34.6,0,0,0,121.0
6,6,2,1,,,,36.0,0,0,0,194.0
6,7,2,1,,,,38.1,0,0,0,248.0
6,8,2,1,,,,45.2,0,0,0,373.0
6,9,2,1,,,,52.8,0,0,0,610.0
6,10,2,1,,,,57.1,0,0,0,687.0
6,11,2,1,,,,57.0,0,0,0,708.0
6,12,2,1,,,,59.6,0,0,0,743.0
6,13,2,1,,,,54.9,0,0,0,767.0
6,14,2,1,,,,55.9,0,0,0,779.0
6,15,2,1,,,,55.1,0,0,0,750.0
6,16,2,1,,,,52.3,0,0,0,723.0
6,17,2,1,,,,45.8,0,0,0,540.0
6,18,2,1,,,,40.0,0,0,0,285.0
6,19,2,1,,,,37.6,0,0,0,66.0
6,20,2,1,,,,36.9,0,0,0,0.0
6,21,2,1,,,,37.4,0,0,0,0.0
6,22,2,1,,,,35.2,0,0,0,0.0
6,23,2,1,,,,37.8,0,0,0,0.0
6,24,2,1,,,,39.0,0,0,0,0.0
6,1,3,1,,,,38.8,0,0,0,0.0
6,2,3,1,,,,36.2,0,0,0,0.0
6,3,3,1,,,,37.3,0,0,0,0.0
6,4,3,1,,,,36.1,0,0,0,133.0
6,5,3,1,,,,36.1,0,0,0,511.0
6,6,3,1,,,,37.1,0,0,0,732.0
6,7,3,1,,,,41.3,0,0,0,800.0
6,8,3,1,,,,46.3,0,0,0,796.0
6,9,3,1,,,,49.4,0,0,0,768.0
6,10,3,1,,,,55.6,0,0,0,805.0
6,11,3,1,,,,59.6,0,0,0,869.0
6,12,3,1,,,,59.9,0,0,0,882.0
6,13,3,1,,,,55.1,0,0,0,870.0
6,14,3,1,,,,52.9,0,0,0,849.0
6,15,3,1,,,,54.2,0,0,0,805.0
6,16,3,1,,,,52.2,0,0,0,648.0
6,17,3,1,,,,45.2,0,0,0,263.0
6,18,3,1,,,,41.2,0,0,0,57.0
6,19,3,1,,,,40.4,0,0,0,19.0
6,20,3,1,,,,39.0,0,0,0,0.0
6,21,3,1,,,,38.0,0,0,0,0.0
6,22,3,1,,,,38.6,0,0,0,0.0
6,23,3,1,,,,37.8,0,0,0,0.0
6,24,3,1,,,,37.9,0,0,0,0.0
6,1,4,1,,,,37.0,0,0,0,0.0
6,2,4,1,,,,35.6,0,0,0,0.0
6,3,4,1,,,,37.6,0,0,0,0.0
6,4,4,1,,,,36.6,0,0,0,11.0
6,5,4,1,,,,35.4,0,0,0,57.0
6,6,4,1,,,,36.7,0,0,0,151.0
6,7,4,1,,,,41.4,0,0,0,286.0
6,8,4,1,,,,43.5,0,0,0,398.0
6,9,4,1,,,,48.5,0,0,0,469.0
6,10,4,1,,,,52.2,0,0,0,521.0
6,11,4,1,,,,52.4,0,0,0,702.0
6,12,4,1,,,,54.4,0,0,0,730.0
6,13,4,1,,,,55.5,0,0,0,651.0
6,14,4,1,,,,55.4,0,0,0,520.0
6,15,4,1,,,,56.0,0,0,0,328.0
6,16,4,1,,,,53.9,0,0,0,285.0
6,17,4,1,,,,49.0,0,0,0,247.0
6,18,4,1,,,,44.4,0,0,0,61.0
6,19,4,1,,,,40.9,0,0,0,8.0
6,20,4,1,,,,38.7,0,0,0,0.0
6,21,4,1,,,,39.2,0,0,0,0.0
6,22,4,1,,,,37.6,0,0,0,0.0
6,23,4,1,,,,36.0,0,0,0,0.0
6,24,4,1,,,,39.0,0,0,0,0.0
6,1,5,1,,,,35.7,0,0,0,0.0
6,2,5,1,,,,37.8,0,0,0,0.0
6,3,5,1,,,,36.4,0,0,0,0.0
6,4,5,1,,,,36.0,0,0,0,15.0
6,5,5,1,,,,35.2,0,0,0,59.0
6,6,5,1,,,,35.6,0,0,0,132.0
6,7,5,1,,,,38.8,0,0,0,192.0
6,8,5,1,,,,42.2,0,0,0,268.0
6,9,5,1,,,,52.4,0,0,0,377.0
6,10,5,1,,,,56.0,0,0,0,469.0
6,11,5,1,,,,60.9,0,0,0,582.0
6,12,5,1,,,,61.9,0,0,0,724.0
6,13,5,1,,,,64.1,0,0,0,751.0
6,14,5,1,,,,59.4,0,0,0,688.0
6,15,5,1,,,,55.2,0,0,0,530.0
6,16,5,1,,,,56.0,0,0,0,364.0
6,17,5,1,,,,49.4,0,0,0,162.0
6,18,5,1,,,,46.1,0,0,0,109.0
6,19,5,1,,,,43.8,0,0,0,34.0
6,20,5,1,,,,40.5,0,0,0,0.0
6,21,5,1,,,,38.8,0,0,0,0.0
6,22,5,1,,,,38.1,0,0,0,0.0
6,23,5,1,,,,39.7,0,0,0,0.0
6,24,5,1,,,,37.0,0,0,0,0.0
6,1,6,1,,,,38.7,0,0,0,0.0
6,2,6,1,,,,38.1,0,0,0,0.0
6,3,6,1,,,,37.7,0,0,0,0.0
6,4,6,1,,,,36.1,0,0,0,121.0
6,5,6,1,,,,19.3,0,0,0,377.0
6,6,6,1,,,,21.4,0,0,0,427.0
6,7,6,1,,,,38.9,0,0,0,176.0
6,8,6,1,,,,43.2,0,0,0,206.0
6,9,6,1,,,,49.3,0,0,0,309.0
6,10,6,1,,,,52.7,0,0,0,345.0
6,11,6,1,,,,51.5,0,0,0,475.0
6,12,6,1,,,,54.2,0,0,0,312.0
6,13,6,1,,,,55.5,0,0,0,305.0
6,14,6,1,,,,54.9,0,0,0,253.0
6,15,6,1,,,,54.4,0,0,0,201.0
6,16,6,1,,,,51.3,0,0,0,168.0
6,17,6,1,,,,48.9,0,0,0,115.0
6,18,6,1,,,,42.8,0,0,0,44.0
6,19,6,1,,,,39.1,0,0,0,5.0
6,20,6,1,,,,36.2,0,0,0,0.0
6,21,6,1,,,,37.3,0,0,0,0.0
6,22,6,1,,,,36.4,0,0,0,0.0
6,23,6,1,,,,37.4,0,0,0,0.0
6,24,6,1,,,,37.5,0,0,0,0.0
6,1,7,1,,,,37.2,0,0,0,0.0
6,2,7,1,,,,37.6,0,0,0,0.0
6,3,7,1,,,,38.0,0,0,0,0.0
6,4,7,1,,,,35.9,0,0,0,18.0
6,5,7,1,,,,33.9,0,0,0,119.0
6,6,7,1,,,,8.7,0,0,0,303.0
6,7,7,1,,,,15.3,0,0,0,537.0
6,8,7,1,,,,27.9,0,0,0,716.0
6,9,7,1,,,,35.3,0,0,0,759.0
6,10,7,1,,,,36.9,0,0,0,737.0
6,11,7,1,,,,35.6,0,0,0,717.0
6,12,7,1,,,,36.0,0,0,0,687.0
6,13,7,1,,,,35.2,0,0,0,644.0
6,14,7,1,,,,37.0,0,0,0,541.0
6,15,7,1,,,,39.6,0,0,0,468.0
6,16,7,1,,,,37.4,0,0,0,243.0
6,17,7,1,,,,39.4,0,0,0,188.0
6,18,7,1,,,,36.5,0,0,0,151.0
6,19,7,1,,,,35.0,0,0,0,63.0
6,20,7,1,,,,34.8,0,0,0,0.0
6,21,7,1,,,,35.6,0,0,0,0.0
6,22,7,1,,,,36.8,0,0,0,0.0
6,23,7,1,,,,35.8,0,0,0,0.0
6,24,7,1,,,,37.0,0,0,0,0.0
6,1,1,1,,,,35.1,0,0,0,0.0
6,2,1,1,,,,37.2,0,0,0,0.0
6,3,1,1,,,,36.4,0,0,0,0.0
6,4,1,1,,,,35.6,0,0,0,122.0
6,5,1,1,,,,35.5,0,0,0,252.0
6,6,1,1,,,,18.6,0,0,0,329.0
6,7,1,1,,,,15.3,0,0,0,585.0
6,8,1,1,,,,34.4,0,0,0,715.0
6,9,1,1,,,,35.3,0,0,0,743.0
6,10,1,1,,,,35.0,0,0,0,746.0
6,11,1,1,,,,34.1,0,0,0,708.0
6,12,1,1,,,,35.0,0,0,0,686.0
6,13,1,1,,,,36.6,0,0,0,610.0
6,14,1,1,,,,33.1,0,0,0,554.0
6,15,1,1,,,,35.2,0,0,0,462.0
6,16,1,1,,,,33.5,0,0,0,288.0
6,17,1,1,,,,32.8,0,0,0,253.0
6,18,1,1,,,,34.8,0,0,0,191.0
6,19,1,1,,,,32.1,0,0,0,71.0
6,20,1,1,,,,35.1,0,0,0,0.0
6,21,1,1,,,,34.6,0,0,0,0.0
6,22,1,1,,,,37.1,0,0,0,0.0
6,23,1,1,,,,35.0,0,0,0,0.0
6,24,1,1,,,,36.0,0,0,0,0.0
6,1,2,1,,,,35.4,0,0,0,0.0
6,2,2,1,,,,36.1,0,0,0,0.0
6,3,2,1,,,,37.0,0,0,0,0.0
6,4,2,1,,,,36.2,0,0,0,197.0
6,5,2,1,,,,33.8,0,0,0,462.0
6,6,2,1,,,,9.6,0,0,0,681.0
6,7,2,1,,,,38.2,0,0,0,782.0
6,8,2,1,,,,43.3,0,0,0,833.0
6,9,2,1,,,,47.6,0,0,0,865.0
6,10,2,1,,,,54.8,0,0,0,863.0
6,11,2,1,,,,55.1,0,0,0,848.0
6,12,2,1,,,,53.3,0,0,0,840.0
6,13,2,1,,,,52.7,0,0,0,809.0
6,14,2,1,,,,52.0,0,0,0,721.0
6,15,2,1,,,,53.9,0,0,0,491.0
6,16,2,1,,,,49.9,0,0,0,522.0
6,17,2,1,,,,46.9,0,0,0,204.0
6,18,2,1,,,,41.6,0,0,0,55.0
6,19,2,1,,,,39.3,0,0,0,6.0
6,20,2,1,,,,37.2,0,0,0,0.0
6,21,2,1,,,,36.4,0,0,0,0.0
6,22,2,1,,,,36.6,0,0,0,0.0
6,23,2,1,,,,36.2,0,0,0,0.0
6,24,2,1,,,,39.2,0,0,0,0.0
6,1,3,1,,,,37.4,0,0,0,0.0
6,2,3,1,,,,37.9,0,0,0,0.0
6,3,3,1,,,,39.2,0,0,0,0.0
6,4,3,1,,,,38.8,0,0,0,102.0
6,5,3,1,,,,38.0,0,0,0,308.0
6,6,3,1,,,,36.3,0,0,0,491.0
6,7,3,1,,,,42.0,0,0,0,551.0
6,8,3,1,,,,44.1,0,0,0,595.0
6,9,3,1,,,,51.6,0,0,0,528.0
6,10,3,1,,,,54.1,0,0,0,507.0
6,11,3,1,,,,55.3,0,0,0,743.0
6,12,3,1,,,,55.7,0,0,0,832.0
6,13,3,1,,,,51.9,0,0,0,760.0
6,14,3,1,,,,53.4,0,0,0,658.0
6,15,3,1,,,,52.7,0,0,0,519.0
6,16,3,1,,,,52.3,0,0,0,304.0
6,17,3,1,,,,47.1,0,0,0,186.0
6,18,3,1,,,,43.1,0,0,0,158.0
6,19,3,1,,,,39.9,0,0,0,56.0
6,20,3,1,,,,37.8,0,0,0,0.0
6,21,3,1,,,,37.6,0,0,0,0.0
6,22,3,1,,,,38.3,0,0,0,0.0
6,23,3,1,,,,38.1,0,0,0,0.0
6,24,3,1,,,,37.1,0,0,0,0.0
6,1,4,1,,,,38.8,0,0,0,0.0
6,2,4,1,,,,37.1,0,0,0,0.0
6,3,4,1,,,,38.4,0,0,0,0.0
6,4,4,1,,,,36.5,0,0,0,18.0
6,5,4,1,,,,35.2,0,0,0,65.0
6,6,4,1,,,,37.5,0,0,0,154.0
6,7,4,1,,,,41.3,0,0,0,329.0
6,8,4,1,,,,47.0,0,0,0,552.0
6,9,4,1,,,,51.4,0,0,0,680.0
6,10,4,1,,,,57.2,0,0,0,651.0
6,11,4,1,,,,56.4,0,0,0,620.0
6,12,4,1,,,,59.5,0,0,0,410.0
6,13,4,1,,,,58.1,0,0,0,262.0
6,14,4,1,,,,54.8,0,0,0,328.0
6,15,4,1,,,,54.3,0,0,0,424.0
6,16,4,1,,,,53.6,0,0,0,448.0
6,17,4,1,,,,48.8,0,0,0,421.0
6,18,4,1,,,,43.5,0,0,0,264.0
6,19,4,1,,,,39.0,0,0,0,99.0
6,20,4,1,,,,36.9,0,0,0,0.0
6,21,4,1,,,,34.9,0,0,0,0.0
6,22,4,1,,,,36.4,0,0,0,0.0
6,23,4,1,,,,37.0,0,0,0,0.0
6,24,4,1,,,,37.1,0,0,0,0.0
6,1,5,1,,,,36.6,0,0,0,0.0
6,2,5,1,,,,35.6,0,0,0,0.0
6,3,5,1,,,,37.4,0,0,0,0.0
6,4,5,1,,,,35.2,0,0,0,179.0
6,5,5,1,,,,35.3,0,0,0,399.0
6,6,5,1,,,,35.2,0,0,0,544.0
6,7,5,1,,,,38.3,0,0,0,634.0
6,8,5,1,,,,41.9,0,0,0,702.0
6,9,5,1,,,,50.7,0,0,0,733.0
6,10,5,1,,,,54.9,0,0,0,702.0
6,11,5,1,,,,55.9,0,0,0,695.0
6,12,5,1,,,,56.2,0,0,0,644.0
6,13,5,1,,,,54.6,0,0,0,599.0
6,14,5,1,,,,51.7,0,0,0,548.0
6,15,5,1,,,,53.8,0,0,0,393.0
6,16,5,1,,,,49.9,0,0,0,341.0
6,17,5,1,,,,43.4,0,0,0,222.0
6,18,5,1,,,,42.5,0,0,0,161.0
6,19,5,1,,,,37.9,0,0,0,75.0
6,20,5,1,,,,36.6,0,0,0,0.0
6,21,5,1,,,,36.9,0,0,0,0.0
6,22,5,1,,,,37.3,0,0,0,0.0
6,23,5,1,,,,35.2,0,0,0,0.0
6,24,5,1,,,,36.8,0,0,0,0.0
6,1,6,1,,,,35.6,0,0,0,0.0
6,2,6,1,,,,37.1,0,0,0,0.0
6,3,6,1,,,,36.2,0,0,0,0.0
6,4,6,1,,,,36.2,0,0,0,155.0
6,5,6,1,,,,32.2,0,0,0,393.0
6,6,6,1,,,,14.8,0,0,0,601.0
6,7,6,1,,,,30.6,0,0,0,724.0
6,8,6,1,,,,43.6,0,0,0,745.0
6,9,6,1,,,,49.2,0,0,0,772.0
6,10,6,1,,,,54.2,0,0,0,788.0
6,11,6,1,,,,53.9,0,0,0,667.0
6,12,6,1,,,,54.8,0,0,0,410.0
6,13,6,1,,,,55.0,0,0,0,345.0
6,14,6,1,,,,54.2,0,0,0,461.0
6,15,6,1,,,,51.8,0,0,0,498.0
6,16,6,1,,,,47.2,0,0,0,297.0
6,17,6,1,,,,44.0,0,0,0,118.0
6,18,6,1,,,,38.6,0,0,0,30.0
6,19,6,1,,,,38.3,0,0,0,5.0
6,20,6,1,,,,36.4,0,0,0,0.0
6,21,6,1,,,,36.8,0,0,0,0.0
6,22,6,1,,,,37.3,0,0,0,0.0
6,23,6,1,,,,36.4,0,0,0,0.0
6,24,6,1,,,,37.4,0,0,0,0.0
6,1,7,1,,,,35.8,0,0,0,0.0
6,2,7,1,,,,36.9,0,0,0,0.0
6,3,7,1,,,,37.1,0,0,0,0.0
6,4,7,1,,,,37.3,0,0,0,4.0
6,5,7,1,,,,36.3,0,0,0,31.0
6,6,7,1,,,,11.5,0,0,0,94.0
6,7,7,1,,,,17.3,0,0,0,205.0
6,8,7,1,,,,21.1,0,0,0,377.0
6,9,7,1,,,,19.7,0,0,0,514.0
6,10,7,1,,,,36.1,0,0,0,580.0
6,11,7,1,,,,35.0,0,0,0,643.0
6,12,7,1,,,,33.9,0,0,0,643.0
6,13,7,1,,,,33.7,0,0,0,599.0
6,14,7,1,,,,34.4,0,0,0,590.0
6,15,7,1,,,,34.4,0,0,0,573.0
6,16,7,1,,,,34.4,0,0,0,531.0
6,17,7,1,,,,34.7,0,0,0,442.0
6,18,7,1,,,,34.0,0,0,0,321.0
6,19,7,1,,,,33.2,0,0,0,122.0
6,20,7,1,,,,32.6,0,0,0,0.0
6,21,7,1,,,,33.4,0,0,0,0.0
6,22,7,1,,,,36.3,0,0,0,0.0
6,23,7,1,,,,35.2,0,0,0,0.0
6,24,7,1,,,,35.9,0,0,0,0.0
6,1,1,1,,,,36.4,0,0,0,0.0
6,2,1,1,,,,35.0,0,0,0,0.0
6,3,1,1,,,,37.4,0,0,0,0.0
6,4,1,1,,,,34.6,0,0,0,256.0
6,5,1,1,,,,35.7,0,0,0,551.0
6,6,1,1,,,,34.8,0,0,0,705.0
6,7,1,1,,,,33.8,0,0,0,782.0
6,8,1,1,,,,34.1,0,0,0,821.0
6,9,1,1,,,,34.7,0,0,0,829.0
6,10,1,1,,,,33.4,0,0,0,825.0
6,11,1,1,,,,34.0,0,0,0,818.0
6,12,1,1,,,,34.3,0,0,0,823.0
6,13,1,1,,,,35.1,0,0,0,825.0
6,14,1,1,,,,35.3,0,0,0,809.0
6,15,1,1,,,,35.5,0,0,0,779.0
6,16,1,1,,,,36.6,0,0,0,730.0
6,17,1,1,,,,36.6,0,0,0,645.0
6,18,1,1,,,,35.4,0,0,0,491.0
6,19,1,1,,,,34.8,0,0,0,209.0
6,20,1,1,,,,34.5,0,0,0,0.0
6,21,1,1,,,,36.1,0,0,0,0.0
6,22,1,1,,,,35.2,0,0,0,0.0
6,23,1,1,,,,34.9,0,0,0,0.0
6,24,1,1,,,,34.9,0,0,0,0.0
6,1,2,1,,,,34.1,0,0,0,0.0
6,2,2,1,,,,33.7,0,0,0,0.0
6,3,2,1,,,,34.4,0,0,0,0.0
6,4,2,1,,,,33.5,0,0,0,147.0
6,5,2,1,,,,32.6,0,0,0,256.0
6,6,2,1,,,,33.6,0,0,0,342.0
6,7,2,1,,,,36.4,0,0,0,414.0
6,8,2,1,,,,40.6,0,0,0,457.0
6,9,2,1,,,,50.1,0,0,0,718.0
6,10,2,1,,,,56.5,0,0,0,791.0
6,11,2,1,,,,62.5,0,0,0,599.0
6,12,2,1,,,,61.6,0,0,0,581.0
6,13,2,1,,,,57.8,0,0,0,576.0
6,14,2,1,,,,52.3,0,0,0,430.0
6,15,2,1,,,,45.0,0,0,0,433.0
6,16,2,1,,,,45.5,0,0,0,246.0
6,17,2,1,,,,37.8,0,0,0,124.0
6,18,2,1,,,,33.4,0,0,0,131.0
6,19,2,1,,,,30.8,0,0,0,54.0
6,20,2,1,,,,29.2,0,0,0,0.0
6,21,2,1,,,,29.5,0,0,0,0.0
6,22,2,1,,,,29.4,0,0,0,0.0
6,23,2,1,,,,28.8,0,0,0,0.0
6,24,2,1,,,,28.4,0,0,0,0.0
6,1,3,1,,,,28.6,0,0,0,0.0
6,2,3,1,,,,28.4,0,0,0,0.0
6,3,3,1,,,,28.2,0,0,0,0.0
6,4,3,1,,,,27.5,0,0,0,48.0
6,5,3,1,,,,27.1,0,0,0,135.0
6,6,3,1,,,,26.8,0,0,0,246.0
6,7,3,1,,,,28.7,0,0,0,443.0
6,8,3,1,,,,33.0,0,0,0,548.0
6,9,3,1,,,,44.1,0,0,0,484.0
6,10,3,1,,,,58.3,0,0,0,323.0
6,11,3,1,,,,58.6,0,0,0,371.0
6,12,3,1,,,,57.8,0,0,0,384.0
6,13,3,1,,,,61.6,0,0,0,309.0
6,14,3,1,,,,59.8,0,0,0,258.0
6,15,3,1,,,,61.4,0,0,0,199.0
6,16,3,1,,,,58.3,0,0,0,134.0
6,17,3,1,,,,57.4,0,0,0,51.0
6,18,3,1,,,,50.8,0,0,0,39.0
6,19,3,1,,,,46.6,0,0,0,15.0
6,20,3,1,,,,43.0,0,0,0,0.0
6,21,3,1,,,,41.1,0,0,0,0.0
6,22,3,1,,,,41.5,0,0,0,0.0
6,23,3,1,,,,40.5,0,0,0,0.0
6,24,3,1,,,,40.9,0,0,0,0.0
6,1,4,1,,,,41.8,0,0,0,0.0
6,2,4,1,,,,39.6,0,0,0,0.0
6,3,4,1,,,,40.9,0,0,0,0.0
6,4,4,1,,,,40.3,0,0,0,323.0
6,5,4,1,,,,38.9,0,0,0,638.0
6,6,4,1,,,,36.8,0,0,0,781.0
6,7,4,1,,,,39.9,0,0,0,846.0
6,8,4,1,,,,45.7,0,0,0,879.0
6,9,4,1,,,,47.4,0,0,0,892.0
6,10,4,1,,,,53.2,0,0,0,890.0
6,11,4,1,,,,52.5,0,0,0,879.0
6,12,4,1,,,,51.8,0,0,0,846.0
6,13,4,1,,,,53.6,0,0,0,812.0
6,14,4,1,,,,52.8,0,0,0,701.0
6,15,4,1,,,,51.3,0,0,0,576.0
6,16,4,1,,,,51.2,0,0,0,299.0
6,17,4,1,,,,46.8,0,0,0,167.0
6,18,4,1,,,,43.5,0,0,0,109.0
6,19,4,1,,,,40.4,0,0,0,35.0
6,20,4,1,,,,41.8,0,0,0,0.0
6,21,4,1,,,,40.2,0,0,0,0.0
6,22,4,1,,,,41.2,0,0,0,0.0
6,23,4,1,,,,40.2,0,0,0,0.0
6,24,4,1,,,,39.5,0,0,0,0.0
6,1,5,1,,,,38.6,0,0,0,0.0
6,2,5,1,,,,40.6,0,0,0,0.0
6,3,5,1,,,,39.1,0,0,0,0.0
6,4,5,1,,,,39.7,0,0,0,247.0
6,5,5,1,,,,36.2,0,0,0,558.0
6,6,5,1,,,,20.4,0,0,0,735.0
6,7,5,1,,,,39.4,0,0,0,825.0
6,8,5,1,,,,42.5,0,0,0,836.0
6,9,5,1,,,,48.2,0,0,0,828.0
6,10,5,1,,,,52.9,0,0,0,818.0
6,11,5,1,,,,52.9,0,0,0,775.0
6,12,5,1,,,,50.7,0,0,0,691.0
6,13,5,1,,,,52.1,0,0,0,645.0
6,14,5,1,,,,52.6,0,0,0,556.0
6,15,5,1,,,,52.6,0,0,0,537.0
6,16,5,1,,,,50.8,0,0,0,341.0
6,17,5,1,,,,46.6,0,0,0,306.0
6,18,5,1,,,,43.2,0,0,0,261.0
6,19,5,1,,,,41.2,0,0,0,111.0
6,20,5,1,,,,41.0,0,0,0,0.0
6,21,5,1,,,,42.6,0,0,0,0.0
6,22,5,1,,,,42.7,0,0,0,0.0
6,23,5,1,,,,41.1,0,0,0,0.0
6,24,5,1,,,,40.8,0,0,0,0.0
7,1,6,1,,,,40.0,0,0,0,0.0
7,2,6,1,,,,39.9,0,0,0,0.0
7,3,6,1,,,,40.6,0,0,0,0.0
7,4,6,1,,,,39.8,0,0,0,255.0
7,5,6,1,,,,38.6,0,0,0,574.0
7,6,6,1,,,,37.9,0,0,0,774.0
7,7,6,1,,,,40.1,0,0,0,844.0
7,8,6,1,,,,41.9,0,0,0,860.0
7,9,6,1,,,,50.2,0,0,0,880.0
7,10,6,1,,,,54.6,0,0,0,887.0
7,11,6,1,,,,55.9,0,0,0,879.0
7,12,6,1,,,,51.2,0,0,0,836.0
7,13,6,1,,,,53.0,0,0,0,692.0
7,14,6,1,,,,51.7,0,0,0,540.0
7,15,6,1,,,,50.8,0,0,0,479.0
7,16,6,1,,,,48.9,0,0,0,482.0
7,17,6,1,,,,45.5,0,0,0,480.0
7,18,6,1,,,,39.8,0,0,0,231.0
7,19,6,1,,,,38.7,0,0,0,47.0
7,20,6,1,,,,48.8,0,0,0,0.0
7,21,6,1,,,,39.6,0,0,0,0.0
7,22,6,1,,,,39.8,0,0,0,0.0
7,23,6,1,,,,37.9,0,0,0,0.0
7,24,6,1,,,,39.0,0,0,0,0.0
7,1,7,1,,,,39.8,0,0,0,0.0
7,2,7,1,,,,38.0,0,0,0,0.0
7,3,7,1,,,,39.8,0,0,0,0.0
7,4,7,1,,,,38.6,0,0,0,149.0
7,5,7,1,,,,38.0,0,0,0,472.0
7,6,7,1,,,,37.8,0,0,0,702.0
7,7,7,1,,,,37.1,0,0,0,798.0
7,8,7,1,,,,38.6,0,0,0,844.0
7,9,7,1,,,,39.4,0,0,0,843.0
7,10,7,1,,,,38.5,0,0,0,827.0
7,11,7,1,,,,42.9,0,0,0,796.0
7,12,7,1,,,,45.6,0,0,0,720.0
7,13,7,1,,,,46.7,0,0,0,697.0
7,14,7,1,,,,46.4,0,0,0,622.0
7,15,7,1,,,,47.2,0,0,0,537.0
7,16,7,1,,,,41.5,0,0,0,437.0
7,17,7,1,,,,43.1,0,0,0,405.0
7,18,7,1,,,,37.4,0,0,0,234.0
7,19,7,1,,,,45.4,0,0,0,71.0
7,20,7,1,,,,43.6,0,0,0,0.0
7,21,7,1,,,,42.3,0,0,0,0.0
7,22,7,1,,,,40.1,0,0,0,0.0
7,23,7,1,,,,38.4,0,0,0,0.0
7,24,7,1,,,,39.6,0,0,0,0.0
7,1,1,1,,,,38.0,0,0,0,0.0
7,2,1,1,,,,38.6,0,0,0,0.0
7,3,1,1,,,,39.6,0,0,0,0.0
7,4,1,1,,,,37.8,0,0,0,195.0
7,5,1,1,,,,38.4,0,0,0,478.0
7,6,1,1,,,,37.0,0,0,0,654.0
7,7,1,1,,,,36.3,0,0,0,751.0
7,8,1,1,,,,39.1,0,0,0,793.0
7,9,1,1,,,,36.6,0,0,0,729.0
7,10,1,1,,,,37.8,0,0,0,703.0
7,11,1,1,,,,36.2,0,0,0,730.0
7,12,1,1,,,,46.1,0,0,0,679.0
7,13,1,1,,,,36.4,0,0,0,636.0
7,14,1,1,,,,36.6,0,0,0,600.0
7,15,1,1,,,,37.0,0,0,0,506.0
7,16,1,1,,,,38.9,0,0,0,302.0
7,17,1,1,,,,38.3,0,0,0,191.0
7,18,1,1,,,,36.0,0,0,0,112.0
7,19,1,1,,,,42.4,0,0,0,30.0
7,20,1,1,,,,42.0,0,0,0,0.0
7,21,1,1,,,,38.3,0,0,0,0.0
7,22,1,1,,,,35.8,0,0,0,0.0
7,23,1,1,,,,38.6,0,0,0,0.0
7,24,1,1,,,,38.0,0,0,0,0.0
7,1,2,1,,,,38.6,0,0,0,0.0
7,2,2,1,,,,38.4,0,0,0,0.0
7,3,2,1,,,,39.3,0,0,0,0.0
7,4,2,1,,,,37.6,0,0,0,66.0
7,5,2,1,,,,36.4,0,0,0,236.0
7,6,2,1,,,,35.8,0,0,0,454.0
7,7,2,1,,,,41.0,0,0,0,621.0
7,8,2,1,,,,46.4,0,0,0,693.0
7,9,2,1,,,,52.9,0,0,0,749.0
7,10,2,1,,,,56.1,0,0,0,752.0
7,11,2,1,,,,56.9,0,0,0,742.0
7,12,2,1,,,,55.9,0,0,0,681.0
7,13,2,1,,,,56.2,0,0,0,622.0
7,14,2,1,,,,58.6,0,0,0,603.0
7,15,2,1,,,,56.6,0,0,0,589.0
7,16,2,1,,,,52.8,0,0,0,393.0
7,17,2,1,,,,47.4,0,0,0,356.0
7,18,2,1,,,,41.2,0,0,0,211.0
7,19,2,1,,,,38.4,0,0,0,93.0
7,20,2,1,,,,37.6,0,0,0,0.0
7,21,2,1,,,,37.8,0,0,0,0.0
7,22,2,1,,,,37.8,0,0,0,0.0
7,23,2,1,,,,37.4,0,0,0,0.0
7,24,2,1,,,,37.6,0,0,0,0.0
7,1,3,1,,,,38.4,0,0,0,0.0
7,2,3,1,,,,37.6,0,0,0,0.0
7,3,3,1,,,,38.9,0,0,0,0.0
7,4,3,1,,,,38.6,0,0,0,195.0
7,5,3,1,,,,37.8,0,0,0,518.0
7,6,3,1,,,,37.5,0,0,0,690.0
7,7,3,1,,,,39.8,0,0,0,793.0
7,8,3,1,,,,44.7,0,0,0,839.0
7,9,3,1,,,,49.1,0,0,0,853.0
7,10,3,1,,,,54.4,0,0,0,859.0
7,11,3,1,,,,56.3,0,0,0,853.0
7,12,3,1,,,,55.2,0,0,0,830.0
7,13,3,1,,,,56.4,0,0,0,769.0
7,14,3,1,,,,58.1,0,0,0,566.0
7,15,3,1,,,,57.0,0,0,0,284.0
7,16,3,1,,,,57.2,0,0,0,118.0
7,17,3,1,,,,54.4,0,0,0,56.0
7,18,3,1,,,,46.2,0,0,0,20.0
7,19,3,1,,,,40.4,0,0,0,2.0
7,20,3,1,,,,41.6,0,0,0,0.0
7,21,3,1,,,,44.6,0,0,0,0.0
7,22,3,1,,,,43.2,0,0,0,0.0
7,23,3,1,,,,42.0,0,0,0,0.0
7,24,3,1,,,,40.9,0,0,0,0.0
7,1,4,1,,,,40.6,0,0,0,0.0
7,2,4,1,,,,40.6,0,0,0,0.0
7,3,4,1,,,,40.4,0,0,0,0.0
7,4,4,1,,,,40.8,0,0,0,134.0
7,5,4,1,,,,40.4,0,0,0,490.0
7,6,4,1,,,,38.5,0,0,0,677.0
7,7,4,1,,,,38.4,0,0,0,716.0
7,8,4,1,,,,48.1,0,0,0,692.0
7,9,4,1,,,,58.9,0,0,0,686.0
7,10,4,1,,,,57.2,0,0,0,725.0
7,11,4,1,,,,56.0,0,0,0,752.0
7,12,4,1,,,,52.4,0,0,0,731.0
7,13,4,1,,,,54.8,0,0,0,697.0
7,14,4,1,,,,55.4,0,0,0,676.0
7,15,4,1,,,,56.0,0,0,0,650.0
7,16,4,1,,,,53.5,0,0,0,600.0
7,17,4,1,,,,49.0,0,0,0,391.0
7,18,4,1,,,,44.8,0,0,0,134.0
7,19,4,1,,,,41.5,0,0,0,50.0
7,20,4,1,,,,39.1,0,0,0,0.0
7,21,4,1,,,,39.6,0,0,0,0.0
7,22,4,1,,,,42.2,0,0,0,0.0
7,23,4,1,,,,38.7,0,0,0,0.0
7,24,4,1,,,,40.5,0,0,0,0.0
7,1,5,1,,,,40.7,0,0,0,0.0
7,2,5,1,,,,38.5,0,0,0,0.0
7,3,5,1,,,,40.2,0,0,0,0.0
7,4,5,1,,,,40.8,0,0,0,45.0
7,5,5,1,,,,40.4,0,0,0,157.0
7,6,5,1,,,,38.8,0,0,0,267.0
7,7,5,1,,,,40.5,0,0,0,658.0
7,8,5,1,,,,47.0,0,0,0,755.0
7,9,5,1,,,,56.9,0,0,0,775.0
7,10,5,1,,,,61.2,0,0,0,715.0
7,11,5,1,,,,58.7,0,0,0,686.0
7,12,5,1,,,,58.6,0,0,0,680.0
7,13,5,1,,,,60.4,0,0,0,637.0
7,14,5,1,,,,59.2,0,0,0,574.0
7,15,5,1,,,,55.8,0,0,0,492.0
7,16,5,1,,,,52.6,0,0,0,279.0
7,17,5,1,,,,48.2,0,0,0,101.0
7,18,5,1,,,,42.7,0,0,0,37.0
7,19,5,1,,,,40.2,0,0,0,8.0
7,20,5,1,,,,38.4,0,0,0,0.0
7,21,5,1,,,,40.5,0,0,0,0.0
7,22,5,1,,,,40.2,0,0,0,0.0
7,23,5,1,,,,39.5,0,0,0,0.0
7,24,5,1,,,,38.1,0,0,0,0.0
7,1,6,1,,,,38.8,0,0,0,0.0
7,2,6,1,,,,39.0,0,0,0,0.0
7,3,6,1,,,,38.9,0,0,0,0.0
7,4,6,1,,,,37.7,0,0,0,78.0
7,5,6,1,,,,35.9,0,0,0,158.0
7,6,6,1,,,,35.5,0,0,0,189.0
7,7,6,1,,,,36.0,0,0,0,252.0
7,8,6,1,,,,41.0,0,0,0,413.0
7,9,6,1,,,,47.6,0,0,0,432.0
7,10,6,1,,,,57.5,0,0,0,373.0
7,11,6,1,,,,57.3,0,0,0,375.0
7,12,6,1,,,,53.7,0,0,0,418.0
7,13,6,1,,,,54.5,0,0,0,506.0
7,14,6,1,,,,53.8,0,0,0,584.0
7,15,6,1,,,,52.9,0,0,0,601.0
7,16,6,1,,,,51.0,0,0,0,519.0
7,17,6,1,,,,45.3,0,0,0,407.0
7,18,6,1,,,,40.8,0,0,0,220.0
7,19,6,1,,,,36.4,0,0,0,73.0
7,20,6,1,,,,37.7,0,0,0,0.0
7,21,6,1,,,,37.1,0,0,0,0.0
7,22,6,1,,,,38.6,0,0,0,0.0
7,23,6,1,,,,38.4,0,0,0,0.0
7,24,6,1,,,,39.4,0,0,0,0.0
7,1,7,1,,,,44.1,0,0,0,0.0
7,2,7,1,,,,43.6,0,0,0,0.0
7,3,7,1,,,,42.8,0,0,0,0.0
7,4,7,1,,,,42.2,0,0,0,237.0
7,5,7,1,,,,40.1,0,0,0,548.0
7,6,7,1,,,,40.2,0,0,0,716.0
7,7,7,1,,,,42.1,0,0,0,795.0
7,8,7,1,,,,44.1,0,0,0,820.0
7,9,7,1,,,,45.8,0,0,0,829.0
7,10,7,1,,,,51.4,0,0,0,820.0
7,11,7,1,,,,52.8,0,0,0,808.0
7,12,7,1,,,,55.3,0,0,0,779.0
7,13,7,1,,,,57.0,0,0,0,720.0
7,14,7,1,,,,57.1,0,0,0,694.0
7,15,7,1,,,,58.6,0,0,0,629.0
7,16,7,1,,,,60.0,0,0,0,502.0
7,17,7,1,,,,60.9,0,0,0,290.0
7,18,7,1,,,,60.1,0,0,0,125.0
7,19,7,1,,,,57.5,0,0,0,40.0
7,20,7,1,,,,53.1,0,0,0,0.0
7,21,7,1,,,,50.7,0,0,0,0.0
7,22,7,1,,,,48.5,0,0,0,0.0
7,23,7,1,,,,44.6,0,0,0,0.0
7,24,7,1,,,,43.6,0,0,0,0.0
7,1,1,1,,,,43.2,0,0,0,0.0
7,2,1,1,,,,42.5,0,0,0,0.0
7,3,1,1,,,,42.5,0,0,0,0.0
7,4,1,1,,,,42.2,0,0,0,6.0
7,5,1,1,,,,41.2,0,0,0,25.0
7,6,1,1,,,,41.2,0,0,0,59.0
7,7,1,1,,,,42.9,0,0,0,123.0
7,8,1,1,,,,42.2,0,0,0,218.0
7,9,1,1,,,,43.0,0,0,0,366.0
7,10,1,1,,,,44.4,0,0,0,517.0
7,11,1,1,,,,48.0,0,0,0,629.0
7,12,1,1,,,,53.2,0,0,0,556.0
7,13,1,1,,,,55.2,0,0,0,415.0
7,14,1,1,,,,56.5,0,0,0,326.0
7,15,1,1,,,,55.8,0,0,0,314.0
7,16,1,1,,,,55.1,0,0,0,287.0
7,17,1,1,,,,57.3,0,0,0,177.0
7,18,1,1,,,,56.4,0,0,0,72.0
7,19,1,1,,,,55.1,0,0,0,12.0
7,20,1,1,,,,53.2,0,0,0,0.0
7,21,1,1,,,,50.6,0,0,0,0.0
7,22,1,1,,,,50.4,0,0,0,0.0
7,23,1,1,,,,47.7,0,0,0,0.0
7,24,1,1,,,,46.6,0,0,0,0.0
7,1,2,1,,,,46.0,0,0,0,0.0
7,2,2,1,,,,45.9,0,0,0,0.0
7,3,2,1,,,,42.7,0,0,0,0.0
7,4,2,1,,,,45.2,0,0,0,141.0
7,5,2,1,,,,44.5,0,0,0,438.0
7,6,2,1,,,,43.5,0,0,0,648.0
7,7,2,1,,,,42.0,0,0,0,753.0
7,8,2,1,,,,51.6,0,0,0,803.0
7,9,2,1,,,,53.1,0,0,0,824.0
7,10,2,1,,,,58.0,0,0,0,811.0
7,11,2,1,,,,58.8,0,0,0,741.0
7,12,2,1,,,,55.2,0,0,0,737.0
7,13,2,1,,,,58.8,0,0,0,573.0
7,14,2,1,,,,58.3,0,0,0,492.0
7,15,2,1,,,,57.6,0,0,0,436.0
7,16,2,1,,,,54.1,0,0,0,283.0
7,17,2,1,,,,47.9,0,0,0,164.0
7,18,2,1,,,,43.4,0,0,0,103.0
7,19,2,1,,,,39.5,0,0,0,31.0
7,20,2,1,,,,41.0,0,0,0,0.0
7,21,2,1,,,,41.3,0,0,0,0.0
7,22,2,1,,,,39.2,0,0,0,0.0
7,23,2,1,,,,39.4,0,0,0,0.0
7,24,2,1,,,,38.4,0,0,0,0.0
7,1,3,1,,,,39.1,0,0,0,0.0
7,2,3,1,,,,38.6,0,0,0,0.0
7,3,3,1,,,,41.3,0,0,0,0.0
7,4,3,1,,,,38.4,0,0,0,6.0
7,5,3,1,,,,39.2,0,0,0,35.0
7,6,3,1,,,,39.5,0,0,0,81.0
7,7,3,1,,,,41.2,0,0,0,153.0
7,8,3,1,,,,48.5,0,0,0,284.0
7,9,3,1,,,,56.4,0,0,0,437.0
7,10,3,1,,,,59.8,0,0,0,574.0
7,11,3,1,,,,59.0,0,0,0,692.0
7,12,3,1,,,,57.0,0,0,0,508.0
7,13,3,1,,,,56.4,0,0,0,411.0
7,14,3,1,,,,60.0,0,0,0,345.0
7,15,3,1,,,,60.1,0,0,0,231.0
7,16,3,1,,,,57.5,0,0,0,124.0
7,17,3,1,,,,48.7,0,0,0,58.0
7,18,3,1,,,,42.3,0,0,0,23.0
7,19,3,1,,,,42.1,0,0,0,4.0
7,20,3,1,,,,40.4,0,0,0,0.0
7,21,3,1,,,,40.8,0,0,0,0.0
7,22,3,1,,,,40.7,0,0,0,0.0
7,23,3,1,,,,40.1,0,0,0,0.0
7,24,3,1,,,,39.0,0,0,0,0.0
7,1,4,1,,,,39.8,0,0,0,0.0
7,2,4,1,,,,41.7,0,0,0,0.0
7,3,4,1,,,,37.9,0,0,0,0.0
7,4,4,1,,,,40.1,0,0,0,9.0
7,5,4,1,,,,37.0,0,0,0,40.0
7,6,4,1,,,,36.8,0,0,0,94.0
7,7,4,1,,,,37.0,0,0,0,174.0
7,8,4,1,,,,40.6,0,0,0,287.0
7,9,4,1,,,,46.7,0,0,0,378.0
7,10,4,1,,,,41.7,0,0,0,408.0
7,11,4,1,,,,60.6,0,0,0,415.0
7,12,4,1,,,,59.9,0,0,0,410.0
7,13,4,1,,,,61.6,0,0,0,378.0
7,14,4,1,,,,58.2,0,0,0,339.0
7,15,4,1,,,,59.8,0,0,0,278.0
7,16,4,1,,,,59.2,0,0,0,211.0
7,17,4,1,,,,51.3,0,0,0,116.0
7,18,4,1,,,,45.6,0,0,0,56.0
7,19,4,1,,,,42.9,0,0,0,18.0
7,20,4,1,,,,42.9,0,0,0,0.0
7,21,4,1,,,,42.8,0,0,0,0.0
7,22,4,1,,,,38.3,0,0,0,0.0
7,23,4,1,,,,37.0,0,0,0,0.0
7,24,4,1,,,,37.4,0,0,0,0.0
7,1,5,1,,,,36.7,0,0,0,0.0
7,2,5,1,,,,36.4,0,0,0,0.0
7,3,5,1,,,,36.2,0,0,0,0.0
7,4,5,1,,,,36.2,0,0,0,5.0
7,5,5,1,,,,35.7,0,0,0,19.0
7,6,5,1,,,,35.6,0,0,0,49.0
7,7,5,1,,,,34.6,0,0,0,99.0
7,8,5,1,,,,36.0,0,0,0,181.0
7,9,5,1,,,,43.8,0,0,0,255.0
7,10,5,1,,,,51.0,0,0,0,311.0
7,11,5,1,,,,54.4,0,0,0,308.0
7,12,5,1,,,,56.4,0,0,0,295.0
7,13,5,1,,,,58.1,0,0,0,307.0
7,14,5,1,,,,59.1,0,0,0,326.0
7,15,5,1,,,,56.3,0,0,0,351.0
7,16,5,1,,,,54.8,0,0,0,319.0
7,17,5,1,,,,48.2,0,0,0,183.0
7,18,5,1,,,,41.2,0,0,0,79.0
7,19,5,1,,,,38.0,0,0,0,17.0
7,20,5,1,,,,36.0,0,0,0,0.0
7,21,5,1,,,,37.6,0,0,0,0.0
7,22,5,1,,,,38.2,0,0,0,0.0
7,23,5,1,,,,38.0,0,0,0,0.0
7,24,5,1,,,,38.0,0,0,0,0.0
7,1,6,1,,,,39.1,0,0,0,0.0
7,2,6,1,,,,37.9,0,0,0,0.0
7,3,6,1,,,,39.9,0,0,0,0.0
7,4,6,1,,,,37.6,0,0,0,176.0
7,5,6,1,,,,39.6,0,0,0,454.0
7,6,6,1,,,,39.7,0,0,0,622.0
7,7,6,1,,,,39.9,0,0,0,730.0
7,8,6,1,,,,45.8,0,0,0,759.0
7,9,6,1,,,,50.8,0,0,0,788.0
7,10,6,1,,,,54.5,0,0,0,787.0
7,11,6,1,,,,55.8,0,0,0,777.0
7,12,6,1,,,,53.9,0,0,0,740.0
7,13,6,1,,,,56.2,0,0,0,643.0
7,14,6,1,,,,55.6,0,0,0,674.0
7,15,6,1,,,,54.9,0,0,0,539.0
7,16,6,1,,,,50.6,0,0,0,487.0
7,17,6,1,,,,46.2,0,0,0,301.0
7,18,6,1,,,,40.4,0,0,0,81.0
7,19,6,1,,,,37.2,0,0,0,7.0
7,20,6,1,,,,41.2,0,0,0,0.0
7,21,6,1,,,,38.1,0,0,0,0.0
7,22,6,1,,,,37.5,0,0,0,0.0
7,23,6,1,,,,37.1,0,0,0,0.0
7,24,6,1,,,,35.6,0,0,0,0.0
7,1,7,1,,,,36.4,0,0,0,0.0
7,2,7,1,,,,37.4,0,0,0,0.0
7,3,7,1,,,,36.5,0,0,0,0.0
7,4,7,1,,,,37.6,0,0,0,2.0
7,5,7,1,,,,36.6,0,0,0,11.0
7,6,7,1,,,,34.2,0,0,0,28.0
7,7,7,1,,,,35.9,0,0,0,45.0
7,8,7,1,,,,35.4,0,0,0,71.0
7,9,7,1,,,,34.4,0,0,0,116.0
7,10,7,1,,,,35.2,0,0,0,136.0
7,11,7,1,,,,37.6,0,0,0,182.0
7,12,7,1,,,,37.5,0,0,0,236.0
7,13,7,1,,,,38.2,0,0,0,293.0
7,14,7,1,,,,35.9,0,0,0,251.0
7,15,7,1,,,,36.8,0,0,0,392.0
7,16,7,1,,,,39.1,0,0,0,413.0
7,17,7,1,,,,35.0,0,0,0,340.0
7,18,7,1,,,,36.0,0,0,0,191.0
7,19,7,1,,,,35.2,0,0,0,56.0
7,20,7,1,,,,38.4,0,0,0,0.0
7,21,7,1,,,,35.8,0,0,0,0.0
7,22,7,1,,,,36.0,0,0,0,0.0
7,23,7,1,,,,35.8,0,0,0,0.0
7,24,7,1,,,,35.7,0,0,0,0.0
7,1,1,1,,,,37.0,0,0,0,0.0
7,2,1,1,,,,37.0,0,0,0,0.0
7,3,1,1,,,,37.4,0,0,0,0.0
7,4,1,1,,,,36.3,0,0,0,92.0
7,5,1,1,,,,36.5,0,0,0,226.0
7,6,1,1,,,,35.9,0,0,0,465.0
7,7,1,1,,,,35.4,0,0,0,699.0
7,8,1,1,,,,35.4,0,0,0,732.0
7,9,1,1,,,,35.6,0,0,0,654.0
7,10,1,1,,,,36.6,0,0,0,671.0
7,11,1,1,,,,37.6,0,0,0,683.0
7,12,1,1,,,,39.2,0,0,0,674.0
7,13,1,1,,,,36.4,0,0,0,550.0
7,14,1,1,,,,38.6,0,0,0,399.0
7,15,1,1,,,,40.0,0,0,0,347.0
7,16,1,1,,,,41.7,0,0,0,171.0
7,17,1,1,,,,40.4,0,0,0,121.0
7,18,1,1,,,,40.1,0,0,0,42.0
7,19,1,1,,,,41.6,0,0,0,7.0
7,20,1,1,,,,40.4,0,0,0,0.0
7,21,1,1,,,,39.6,0,0,0,0.0
7,22,1,1,,,,38.6,0,0,0,0.0
7,23,1,1,,,,38.5,0,0,0,0.0
7,24,1,1,,,,37.6,0,0,0,0.0
7,1,2,1,,,,36.6,0,0,0,0.0
7,2,2,1,,,,36.2,0,0,0,0.0
7,3,2,1,,,,35.8,0,0,0,0.0
7,4,2,1,,,,35.9,0,0,0,8.0
7,5,2,1,,,,35.6,0,0,0,54.0
7,6,2,1,,,,34.6,0,0,0,110.0
7,7,2,1,,,,34.4,0,0,0,168.0
7,8,2,1,,,,37.5,0,0,0,238.0
7,9,2,1,,,,49.2,0,0,0,318.0
7,10,2,1,,,,60.1,0,0,0,400.0
7,11,2,1,,,,68.6,0,0,0,509.0
7,12,2,1,,,,73.0,0,0,0,554.0
7,13,2,1,,,,55.1,0,0,0,515.0
7,14,2,1,,,,60.0,0,0,0,433.0
7,15,2,1,,,,60.3,0,0,0,304.0
7,16,2,1,,,,57.2,0,0,0,209.0
7,17,2,1,,,,51.2,0,0,0,94.0
7,18,2,1,,,,68.4,0,0,0,31.0
7,19,2,1,,,,42.2,0,0,0,4.0
7,20,2,1,,,,37.6,0,0,0,0.0
7,21,2,1,,,,45.7,0,0,0,0.0
7,22,2,1,,,,46.4,0,0,0,0.0
7,23,2,1,,,,45.0,0,0,0,0.0
7,24,2,1,,,,43.9,0,0,0,0.0
7,1,3,1,,,,42.6,0,0,0,0.0
7,2,3,1,,,,41.9,0,0,0,0.0
7,3,3,1,,,,40.2,0,0,0,0.0
7,4,3,1,,,,40.2,0,0,0,88.0
7,5,3,1,,,,39.6,0,0,0,303.0
7,6,3,1,,,,38.6,0,0,0,531.0
7,7,3,1,,,,38.3,0,0,0,692.0
7,8,3,1,,,,42.9,0,0,0,759.0
7,9,3,1,,,,54.3,0,0,0,783.0
7,10,3,1,,,,53.0,0,0,0,795.0
7,11,3,1,,,,56.6,0,0,0,743.0
7,12,3,1,,,,55.7,0,0,0,685.0
7,13,3,1,,,,55.5,0,0,0,639.0
7,14,3,1,,,,56.2,0,0,0,551.0
7,15,3,1,,,,55.6,0,0,0,437.0
7,16,3,1,,,,51.4,0,0,0,292.0
7,17,3,1,,,,49.2,0,0,0,166.0
7,18,3,1,,,,45.0,0,0,0,93.0
7,19,3,1,,,,42.4,0,0,0,15.0
7,20,3,1,,,,40.5,0,0,0,0.0
7,21,3,1,,,,39.8,0,0,0,0.0
7,22,3,1,,,,39.4,0,0,0,0.0
7,23,3,1,,,,40.0,0,0,0,0.0
7,24,3,1,,,,42.0,0,0,0,0.0
7,1,4,1,,,,39.7,0,0,0,0.0
7,2,4,1,,,,41.0,0,0,0,0.0
7,3,4,1,,,,40.5,0,0,0,0.0
7,4,4,1,,,,40.9,0,0,0,105.0
7,5,4,1,,,,39.1,0,0,0,233.0
7,6,4,1,,,,38.3,0,0,0,353.0
7,7,4,1,,,,38.1,0,0,0,548.0
7,8,4,1,,,,41.7,0,0,0,713.0
7,9,4,1,,,,53.2,0,0,0,673.0
7,10,4,1,,,,55.4,0,0,0,547.0
7,11,4,1,,,,56.0,0,0,0,481.0
7,12,4,1,,,,56.5,0,0,0,427.0
7,13,4,1,,,,58.6,0,0,0,368.0
7,14,4,1,,,,59.0,0,0,0,271.0
7,15,4,1,,,,58.9,0,0,0,165.0
7,16,4,1,,,,53.1,0,0,0,113.0
7,17,4,1,,,,47.4,0,0,0,83.0
7,18,4,1,,,,42.4,0,0,0,59.0
7,19,4,1,,,,39.6,0,0,0,18.0
7,20,4,1,,,,40.9,0,0,0,0.0
7,21,4,1,,,,41.5,0,0,0,0.0
7,22,4,1,,,,42.2,0,0,0,0.0
7,23,4,1,,,,39.4,0,0,0,0.0
7,24,4,1,,,,40.3,0,0,0,0.0
7,1,5,1,,,,40.2,0,0,0,0.0
7,2,5,1,,,,40.3,0,0,0,0.0
7,3,5,1,,,,38.5,0,0,0,0.0
7,4,5,1,,,,38.4,0,0,0,49.0
7,5,5,1,,,,39.2,0,0,0,204.0
7,6,5,1,,,,38.0,0,0,0,396.0
7,7,5,1,,,,39.9,0,0,0,495.0
7,8,5,1,,,,40.2,0,0,0,564.0
7,9,5,1,,,,42.7,0,0,0,637.0
7,10,5,1,,,,56.1,0,0,0,647.0
7,11,5,1,,,,55.1,0,0,0,549.0
7,12,5,1,,,,55.0,0,0,0,548.0
7,13,5,1,,,,57.1,0,0,0,431.0
7,14,5,1,,,,58.9,0,0,0,397.0
7,15,5,1,,,,56.5,0,0,0,314.0
7,16,5,1,,,,53.2,0,0,0,229.0
7,17,5,1,,,,48.9,0,0,0,138.0
7,18,5,1,,,,45.1,0,0,0,60.0
7,19,5,1,,,,42.6,0,0,0,13.0
7,20,5,1,,,,42.0,0,0,0,0.0
7,21,5,1,,,,39.6,0,0,0,0.0
7,22,5,1,,,,41.0,0,0,0,0.0
7,23,5,1,,,,40.6,0,0,0,0.0
7,24,5,1,,,,40.1,0,0,0,0.0
7,1,6,1,,,,39.9,0,0,0,0.0
7,2,6,1,,,,40.4,0,0,0,0.0
7,3,6,1,,,,40.9,0,0,0,0.0
7,4,6,1,,,,40.6,0,0,0,171.0
7,5,6,1,,,,40.1,0,0,0,494.0
7,6,6,1,,,,38.0,0,0,0,731.0
7,7,6,1,,,,40.1,0,0,0,813.0
7,8,6,1,,,,43.4,0,0,0,850.0
7,9,6,1,,,,47.0,0,0,0,858.0
7,10,6,1,,,,50.9,0,0,0,865.0
7,11,6,1,,,,56.2,0,0,0,856.0
7,12,6,1,,,,52.2,0,0,0,825.0
7,13,6,1,,,,54.2,0,0,0,797.0
7,14,6,1,,,,52.5,0,0,0,730.0
7,15,6,1,,,,50.6,0,0,0,621.0
7,16,6,1,,,,46.4,0,0,0,450.0
7,17,6,1,,,,40.5,0,0,0,225.0
7,18,6,1,,,,38.0,0,0,0,77.0
7,19,6,1,,,,40.2,0,0,0,11.0
7,20,6,1,,,,38.4,0,0,0,0.0
7,21,6,1,,,,37.4,0,0,0,0.0
7,22,6,1,,,,38.0,0,0,0,0.0
7,23,6,1,,,,36.2,0,0,0,0.0
7,24,6,1,,,,36.0,0,0,0,0.0
7,1,7,1,,,,36.0,0,0,0,0.0
7,2,7,1,,,,35.8,0,0,0,0.0
7,3,7,1,,,,35.9,0,0,0,0.0
7,4,7,1,,,,36.0,0,0,0,56.0
7,5,7,1,,,,38.2,0,0,0,314.0
7,6,7,1,,,,35.9,0,0,0,657.0
7,7,7,1,,,,36.2,0,0,0,787.0
7,8,7,1,,,,36.5,0,0,0,807.0
7,9,7,1,,,,37.6,0,0,0,737.0
7,10,7,1,,,,39.0,0,0,0,556.0
7,11,7,1,,,,40.6,0,0,0,388.0
7,12,7,1,,,,45.1,0,0,0,325.0
7,13,7,1,,,,42.0,0,0,0,287.0
7,14,7,1,,,,42.4,0,0,0,194.0
7,15,7,1,,,,48.9,0,0,0,122.0
7,16,7,1,,,,47.8,0,0,0,74.0
7,17,7,1,,,,48.0,0,0,0,40.0
7,18,7,1,,,,43.9,0,0,0,16.0
7,19,7,1,,,,42.0,0,0,0,1.0
7,20,7,1,,,,41.2,0,0,0,0.0
7,21,7,1,,,,41.9,0,0,0,0.0
7,22,7,1,,,,42.2,0,0,0,0.0
7,23,7,1,,,,40.9,0,0,0,0.0
7,24,7,1,,,,39.2,0,0,0,0.0
7,1,1,1,,,,38.4,0,0,0,0.0
7,2,1,1,,,,38.6,0,0,0,0.0
7,3,1,1,,,,37.9,0,0,0,0.0
7,4,1,1,,,,38.0,0,0,0,163.0
7,5,1,1,,,,37.5,0,0,0,449.0
7,6,1,1,,,,36.2,0,0,0,736.0
7,7,1,1,,,,36.6,0,0,0,827.0
7,8,1,1,,,,35.8,0,0,0,870.0
7,9,1,1,,,,36.2,0,0,0,888.0
7,10,1,1,,,,38.3,0,0,0,894.0
7,11,1,1,,,,40.4,0,0,0,891.0
7,12,1,1,,,,44.5,0,0,0,883.0
7,13,1,1,,,,47.8,0,0,0,869.0
7,14,1,1,,,,49.9,0,0,0,848.0
7,15,1,1,,,,52.5,0,0,0,813.0
7,16,1,1,,,,49.3,0,0,0,752.0
7,17,1,1,,,,49.6,0,0,0,629.0
7,18,1,1,,,,48.5,0,0,0,346.0
7,19,1,1,,,,46.1,0,0,0,78.0
7,20,1,1,,,,45.1,0,0,0,0.0
7,21,1,1,,,,36.2,0,0,0,0.0
7,22,1,1,,,,36.9,0,0,0,0.0
7,23,1,1,,,,43.2,0,0,0,0.0
7,24,1,1,,,,41.9,0,0,0,0.0
7,1,2,1,,,,41.2,0,0,0,0.0
7,2,2,1,,,,40.6,0,0,0,0.0
7,3,2,1,,,,41.7,0,0,0,0.0
7,4,2,1,,,,40.4,0,0,0,102.0
7,5,2,1,,,,40.2,0,0,0,390.0
7,6,2,1,,,,39.0,0,0,0,629.0
7,7,2,1,,,,39.1,0,0,0,710.0
7,8,2,1,,,,42.9,0,0,0,750.0
7,9,2,1,,,,50.7,0,0,0,727.0
7,10,2,1,,,,50.2,0,0,0,700.0
7,11,2,1,,,,59.2,0,0,0,645.0
7,12,2,1,,,,53.1,0,0,0,587.0
7,13,2,1,,,,52.0,0,0,0,519.0
7,14,2,1,,,,51.9,0,0,0,441.0
7,15,2,1,,,,50.5,0,0,0,346.0
7,16,2,1,,,,49.5,0,0,0,257.0
7,17,2,1,,,,43.2,0,0,0,179.0
7,18,2,1,,,,44.9,0,0,0,82.0
7,19,2,1,,,,40.8,0,0,0,15.0
7,20,2,1,,,,39.5,0,0,0,0.0
7,21,2,1,,,,40.3,0,0,0,0.0
7,22,2,1,,,,39.8,0,0,0,0.0
7,23,2,1,,,,39.4,0,0,0,0.0
7,24,2,1,,,,38.8,0,0,0,0.0
7,1,3,1,,,,38.8,0,0,0,0.0
7,2,3,1,,,,38.5,0,0,0,0.0
7,3,3,1,,,,37.8,0,0,0,0.0
7,4,3,1,,,,37.9,0,0,0,13.0
7,5,3,1,,,,37.3,0,0,0,57.0
7,6,3,1,,,,36.8,0,0,0,116.0
7,7,3,1,,,,37.6,0,0,0,202.0
7,8,3,1,,,,42.4,0,0,0,316.0
7,9,3,1,,,,51.0,0,0,0,428.0
7,10,3,1,,,,59.5,0,0,0,584.0
7,11,3,1,,,,58.2,0,0,0,634.0
7,12,3,1,,,,54.2,0,0,0,617.0
7,13,3,1,,,,54.8,0,0,0,531.0
7,14,3,1,,,,53.5,0,0,0,378.0
7,15,3,1,,,,52.6,0,0,0,263.0
7,16,3,1,,,,49.6,0,0,0,174.0
7,17,3,1,,,,46.3,0,0,0,101.0
7,18,3,1,,,,44.8,0,0,0,43.0
7,19,3,1,,,,42.4,0,0,0,5.0
7,20,3,1,,,,41.0,0,0,0,0.0
7,21,3,1,,,,42.2,0,0,0,0.0
7,22,3,1,,,,41.8,0,0,0,0.0
7,23,3,1,,,,41.7,0,0,0,0.0
7,24,3,1,,,,41.2,0,0,0,0.0
7,1,4,1,,,,40.9,0,0,0,0.0
7,2,4,1,,,,40.5,0,0,0,0.0
7,3,4,1,,,,40.0,0,0,0,0.0
7,4,4,1,,,,39.5,0,0,0,42.0
7,5,4,1,,,,39.5,0,0,0,177.0
7,6,4,1,,,,38.5,0,0,0,336.0
7,7,4,1,,,,38.4,0,0,0,487.0
7,8,4,1,,,,46.9,0,0,0,586.0
7,9,4,1,,,,56.8,0,0,0,610.0
7,10,4,1,,,,68.1,0,0,0,616.0
7,11,4,1,,,,66.7,0,0,0,646.0
7,12,4,1,,,,56.8,0,0,0,645.0
7,13,4,1,,,,50.4,0,0,0,667.0
7,14,4,1,,,,51.0,0,0,0,593.0
7,15,4,1,,,,52.2,0,0,0,548.0
7,16,4,1,,,,47.4,0,0,0,383.0
7,17,4,1,,,,43.8,0,0,0,214.0
7,18,4,1,,,,39.7,0,0,0,129.0
7,19,4,1,,,,40.0,0,0,0,34.0
7,20,4,1,,,,39.2,0,0,0,0.0
7,21,4,1,,,,39.9,0,0,0,0.0
7,22,4,1,,,,41.0,0,0,0,0.0
7,23,4,1,,,,40.1,0,0,0,0.0
7,24,4,1,,,,39.4,0,0,0,0.0
7,1,5,1,,,,39.4,0,0,0,0.0
7,2,5,1,,,,39.3,0,0,0,0.0
7,3,5,1,,,,39.3,0,0,0,0.0
7,4,5,1,,,,39.6,0,0,0,90.0
7,5,5,1,,,,39.1,0,0,0,420.0
7,6,5,1,,,,38.4,0,0,0,653.0
7,7,5,1,,,,39.0,0,0,0,763.0
7,8,5,1,,,,43.0,0,0,0,814.0
7,9,5,1,,,,53.4,0,0,0,825.0
7,10,5,1,,,,60.1,0,0,0,810.0
7,11,5,1,,,,53.7,0,0,0,779.0
7,12,5,1,,,,52.2,0,0,0,752.0
7,13,5,1,,,,54.3,0,0,0,727.0
7,14,5,1,,,,54.8,0,0,0,641.0
7,15,5,1,,,,52.1,0,0,0,469.0
7,16,5,1,,,,53.5,0,0,0,289.0
7,17,5,1,,,,46.1,0,0,0,279.0
7,18,5,1,,,,41.3,0,0,0,151.0
7,19,5,1,,,,41.4,0,0,0,31.0
7,20,5,1,,,,39.6,0,0,0,0.0
7,21,5,1,,,,40.5,0,0,0,0.0
7,22,5,1,,,,40.7,0,0,0,0.0
7,23,5,1,,,,41.2,0,0,0,0.0
7,24,5,1,,,,38.2,0,0,0,0.0
7,1,6,1,,,,38.0,0,0,0,0.0
7,2,6,1,,,,38.6,0,0,0,0.0
7,3,6,1,,,,38.2,0,0,0,0.0
7,4,6,1,,,,39.2,0,0,0,72.0
7,5,6,1,,,,41.4,0,0,0,390.0
7,6,6,1,,,,41.4,0,0,0,615.0
7,7,6,1,,,,40.4,0,0,0,638.0
7,8,6,1,,,,42.8,0,0,0,646.0
7,9,6,1,,,,45.6,0,0,0,592.0
7,10,6,1,,,,50.1,0,0,0,499.0
7,11,6,1,,,,56.8,0,0,0,407.0
7,12,6,1,,,,56.1,0,0,0,347.0
7,13,6,1,,,,56.8,0,0,0,368.0
7,14,6,1,,,,54.9,0,0,0,362.0
7,15,6,1,,,,58.3,0,0,0,333.0
7,16,6,1,,,,57.1,0,0,0,271.0
7,17,6,1,,,,47.6,0,0,0,177.0
7,18,6,1,,,,43.3,0,0,0,78.0
7,19,6,1,,,,41.9,0,0,0,12.0
7,20,6,1,,,,39.2,0,0,0,0.0
7,21,6,1,,,,36.0,0,0,0,0.0
7,22,6,1,,,,35.6,0,0,0,0.0
7,23,6,1,,,,35.6,0,0,0,0.0
7,24,6,1,,,,35.0,0,0,0,0.0
7,1,7,1,,,,35.0,0,0,0,0.0
7,2,7,1,,,,35.4,0,0,0,0.0
7,3,7,1,,,,35.3,0,0,0,0.0
7,4,7,1,,,,35.8,0,0,0,27.0
7,5,7,1,,,,35.2,0,0,0,156.0
7,6,7,1,,,,34.2,0,0,0,243.0
7,7,7,1,,,,33.9,0,0,0,318.0
7,8,7,1,,,,33.2,0,0,0,594.0
7,9,7,1,,,,32.9,0,0,0,630.0
7,10,7,1,,,,34.1,0,0,0,653.0
7,11,7,1,,,,35.2,0,0,0,754.0
7,12,7,1,,,,37.3,0,0,0,796.0
7,13,7,1,,,,39.0,0,0,0,847.0
7,14,7,1,,,,39.0,0,0,0,806.0
7,15,7,1,,,,38.3,0,0,0,770.0
7,16,7,1,,,,36.0,0,0,0,720.0
7,17,7,1,,,,36.1,0,0,0,568.0
7,18,7,1,,,,36.2,0,0,0,289.0
7,19,7,1,,,,36.4,0,0,0,36.0
7,20,7,1,,,,36.4,0,0,0,0.0
7,21,7,1,,,,36.2,0,0,0,0.0
7,22,7,1,,,,35.4,0,0,0,0.0
7,23,7,1,,,,34.4,0,0,0,0.0
7,24,7,1,,,,34.2,0,0,0,0.0
7,1,1,1,,,,34.3,0,0,0,0.0
7,2,1,1,,,,34.8,0,0,0,0.0
7,3,1,1,,,,34.5,0,0,0,0.0
7,4,1,1,,,,34.5,0,0,0,39.0
7,5,1,1,,,,34.4,0,0,0,219.0
7,6,1,1,,,,33.4,0,0,0,448.0
7,7,1,1,,,,33.1,0,0,0,635.0
7,8,1,1,,,,32.9,0,0,0,744.0
7,9,1,1,,,,33.0,0,0,0,774.0
7,10,1,1,,,,33.9,0,0,0,777.0
7,11,1,1,,,,35.0,0,0,0,772.0
7,12,1,1,,,,34.1,0,0,0,730.0
7,13,1,1,,,,36.8,0,0,0,698.0
7,14,1,1,,,,37.1,0,0,0,546.0
7,15,1,1,,,,36.2,0,0,0,430.0
7,16,1,1,,,,36.8,0,0,0,380.0
7,17,1,1,,,,37.4,0,0,0,302.0
7,18,1,1,,,,37.5,0,0,0,187.0
7,19,1,1,,,,37.1,0,0,0,27.0
7,20,1,1,,,,37.7,0,0,0,0.0
7,21,1,1,,,,39.0,0,0,0,0.0
7,22,1,1,,,,38.0,0,0,0,0.0
7,23,1,1,,,,37.4,0,0,0,0.0
7,24,1,1,,,,37.4,0,0,0,0.0
8,1,2,1,,,,35.5,0,0,0,0.0
8,2,2,1,,,,36.2,0,0,0,0.0
8,3,2,1,,,,34.2,0,0,0,0.0
8,4,2,1,,,,33.9,0,0,0,18.0
8,5,2,1,,,,33.7,0,0,0,176.0
8,6,2,1,,,,32.9,0,0,0,425.0
8,7,2,1,,,,33.2,0,0,0,581.0
8,8,2,1,,,,36.2,0,0,0,681.0
8,9,2,1,,,,44.4,0,0,0,760.0
8,10,2,1,,,,52.0,0,0,0,764.0
8,11,2,1,,,,52.4,0,0,0,760.0
8,12,2,1,,,,51.0,0,0,0,719.0
8,13,2,1,,,,53.6,0,0,0,646.0
8,14,2,1,,,,54.1,0,0,0,522.0
8,15,2,1,,,,53.8,0,0,0,410.0
8,16,2,1,,,,52.4,0,0,0,329.0
8,17,2,1,,,,45.8,0,0,0,233.0
8,18,2,1,,,,41.0,0,0,0,147.0
8,19,2,1,,,,39.2,0,0,0,17.0
8,20,2,1,,,,38.7,0,0,0,0.0
8,21,2,1,,,,38.2,0,0,0,0.0
8,22,2,1,,,,37.2,0,0,0,0.0
8,23,2,1,,,,37.4,0,0,0,0.0
8,24,2,1,,,,37.2,0,0,0,0.0
8,1,3,1,,,,37.1,0,0,0,0.0
8,2,3,1,,,,37.4,0,0,0,0.0
8,3,3,1,,,,37.4,0,0,0,0.0
8,4,3,1,,,,37.7,0,0,0,3.0
8,5,3,1,,,,37.9,0,0,0,27.0
8,6,3,1,,,,38.2,0,0,0,90.0
8,7,3,1,,,,40.7,0,0,0,252.0
8,8,3,1,,,,41.6,0,0,0,518.0
8,9,3,1,,,,50.6,0,0,0,727.0
8,10,3,1,,,,54.9,0,0,0,786.0
8,11,3,1,,,,58.6,0,0,0,803.0
8,12,3,1,,,,59.3,0,0,0,791.0
8,13,3,1,,,,61.7,0,0,0,741.0
8,14,3,1,,,,64.8,0,0,0,563.0
8,15,3,1,,,,62.2,0,0,0,353.0
8,16,3,1,,,,58.8,0,0,0,176.0
8,17,3,1,,,,47.2,0,0,0,74.0
8,18,3,1,,,,42.8,0,0,0,18.0
8,19,3,1,,,,45.0,0,0,0,0.0
8,20,3,1,,,,40.2,0,0,0,0.0
8,21,3,1,,,,39.0,0,0,0,0.0
8,22,3,1,,,,39.6,0,0,0,0.0
8,23,3,1,,,,37.9,0,0,0,0.0
8,24,3,1,,,,38.8,0,0,0,0.0
8,1,4,1,,,,36.0,0,0,0,0.0
8,2,4,1,,,,35.2,0,0,0,0.0
8,3,4,1,,,,35.3,0,0,0,0.0
8,4,4,1,,,,35.5,0,0,0,17.0
8,5,4,1,,,,34.9,0,0,0,221.0
8,6,4,1,,,,34.8,0,0,0,419.0
8,7,4,1,,,,35.7,0,0,0,536.0
8,8,4,1,,,,41.4,0,0,0,645.0
8,9,4,1,,,,46.5,0,0,0,730.0
8,10,4,1,,,,57.1,0,0,0,767.0
8,11,4,1,,,,61.2,0,0,0,769.0
8,12,4,1,,,,59.8,0,0,0,767.0
8,13,4,1,,,,58.8,0,0,0,695.0
8,14,4,1,,,,60.0,0,0,0,540.0
8,15,4,1,,,,61.2,0,0,0,334.0
8,16,4,1,,,,58.2,0,0,0,223.0
8,17,4,1,,,,53.1,0,0,0,116.0
8,18,4,1,,,,46.3,0,0,0,39.0
8,19,4,1,,,,43.7,0,0,0,1.0
8,20,4,1,,,,44.0,0,0,0,0.0
8,21,4,1,,,,42.4,0,0,0,0.0
8,22,4,1,,,,40.0,0,0,0,0.0
8,23,4,1,,,,39.5,0,0,0,0.0
8,24,4,1,,,,38.7,0,0,0,0.0
8,1,5,1,,,,38.6,0,0,0,0.0
8,2,5,1,,,,38.4,0,0,0,0.0
8,3,5,1,,,,38.3,0,0,0,0.0
8,4,5,1,,,,38.0,0,0,0,12.0
8,5,5,1,,,,36.9,0,0,0,85.0
8,6,5,1,,,,37.0,0,0,0,108.0
8,7,5,1,,,,38.5,0,0,0,100.0
8,8,5,1,,,,44.5,0,0,0,107.0
8,9,5,1,,,,44.4,0,0,0,162.0
8,10,5,1,,,,43.4,0,0,0,235.0
8,11,5,1,,,,53.9,0,0,0,262.0
8,12,5,1,,,,58.0,0,0,0,342.0
8,13,5,1,,,,59.0,0,0,0,482.0
8,14,5,1,,,,61.0,0,0,0,353.0
8,15,5,1,,,,59.2,0,0,0,146.0
8,16,5,1,,,,54.8,0,0,0,159.0
8,17,5,1,,,,51.5,0,0,0,167.0
8,18,5,1,,,,46.4,0,0,0,100.0
8,19,5,1,,,,43.2,0,0,0,7.0
8,20,5,1,,,,40.2,0,0,0,0.0
8,21,5,1,,,,40.8,0,0,0,0.0
8,22,5,1,,,,38.8,0,0,0,0.0
8,23,5,1,,,,38.4,0,0,0,0.0
8,24,5,1,,,,36.7,0,0,0,0.0
8,1,6,1,,,,37.4,0,0,0,0.0
8,2,6,1,,,,37.5,0,0,0,0.0
8,3,6,1,,,,38.2,0,0,0,0.0
8,4,6,1,,,,38.8,0,0,0,38.0
8,5,6,1,,,,39.0,0,0,0,356.0
8,6,6,1,,,,38.0,0,0,0,487.0
8,7,6,1,,,,37.0,0,0,0,524.0
8,8,6,1,,,,39.4,0,0,0,551.0
8,9,6,1,,,,42.4,0,0,0,592.0
8,10,6,1,,,,53.0,0,0,0,664.0
8,11,6,1,,,,47.4,0,0,0,619.0
8,12,6,1,,,,47.2,0,0,0,668.0
8,13,6,1,,,,52.9,0,0,0,686.0
8,14,6,1,,,,59.2,0,0,0,657.0
8,15,6,1,,,,58.4,0,0,0,513.0
8,16,6,1,,,,53.8,0,0,0,436.0
8,17,6,1,,,,48.9,0,0,0,290.0
8,18,6,1,,,,44.3,0,0,0,28.0
8,19,6,1,,,,42.5,0,0,0,0.0
8,20,6,1,,,,41.5,0,0,0,0.0
8,21,6,1,,,,39.6,0,0,0,0.0
8,22,6,1,,,,37.5,0,0,0,0.0
8,23,6,1,,,,37.4,0,0,0,0.0
8,24,6,1,,,,37.8,0,0,0,0.0
8,1,7,1,,,,36.6,0,0,0,0.0
8,2,7,1,,,,37.2,0,0,0,0.0
8,3,7,1,,,,38.1,0,0,0,0.0
8,4,7,1,,,,36.8,0,0,0,6.0
8,5,7,1,,,,36.5,0,0,0,148.0
8,6,7,1,,,,35.8,0,0,0,391.0
8,7,7,1,,,,35.0,0,0,0,503.0
8,8,7,1,,,,36.1,0,0,0,456.0
8,9,7,1,,,,36.4,0,0,0,420.0
8,10,7,1,,,,37.0,0,0,0,577.0
8,11,7,1,,,,36.3,0,0,0,660.0
8,12,7,1,,,,37.6,0,0,0,613.0
8,13,7,1,,,,36.5,0,0,0,484.0
8,14,7,1,,,,36.8,0,0,0,368.0
8,15,7,1,,,,36.5,0,0,0,229.0
8,16,7,1,,,,36.4,0,0,0,148.0
8,17,7,1,,,,36.6,0,0,0,113.0
8,18,7,1,,,,35.8,0,0,0,107.0
8,19,7,1,,,,36.9,0,0,0,5.0
8,20,7,1,,,,35.4,0,0,0,0.0
8,21,7,1,,,,36.4,0,0,0,0.0
8,22,7,1,,,,37.8,0,0,0,0.0
8,23,7,1,,,,36.8,0,0,0,0.0
8,24,7,1,,,,36.2,0,0,0,0.0
8,1,1,1,,,,36.1,0,0,0,0.0
8,2,1,1,,,,36.2,0,0,0,0.0
8,3,1,1,,,,36.5,0,0,0,0.0
8,4,1,1,,,,36.6,0,0,0,10.0
8,5,1,1,,,,36.9,0,0,0,166.0
8,6,1,1,,,,36.8,0,0,0,410.0
8,7,1,1,,,,35.8,0,0,0,759.0
8,8,1,1,,,,35.5,0,0,0,829.0
8,9,1,1,,,,36.1,0,0,0,841.0
8,10,1,1,,,,35.8,0,0,0,797.0
8,11,1,1,,,,37.3,0,0,0,666.0
8,12,1,1,,,,38.8,0,0,0,570.0
8,13,1,1,,,,38.1,0,0,0,574.0
8,14,1,1,,,,38.8,0,0,0,563.0
8,15,1,1,,,,37.3,0,0,0,518.0
8,16,1,1,,,,39.0,0,0,0,268.0
8,17,1,1,,,,36.6,0,0,0,157.0
8,18,1,1,,,,35.5,0,0,0,69.0
8,19,1,1,,,,38.8,0,0,0,1.0
8,20,1,1,,,,39.2,0,0,0,0.0
8,21,1,1,,,,37.4,0,0,0,0.0
8,22,1,1,,,,36.1,0,0,0,0.0
8,23,1,1,,,,36.5,0,0,0,0.0
8,24,1,1,,,,36.0,0,0,0,0.0
8,1,2,1,,,,36.0,0,0,0,0.0
8,2,2,1,,,,35.5,0,0,0,0.0
8,3,2,1,,,,36.4,0,0,0,0.0
8,4,2,1,,,,35.8,0,0,0,10.0
8,5,2,1,,,,36.3,0,0,0,199.0
8,6,2,1,,,,35.2,0,0,0,335.0
8,7,2,1,,,,35.9,0,0,0,389.0
8,8,2,1,,,,36.7,0,0,0,515.0
8,9,2,1,,,,39.5,0,0,0,675.0
8,10,2,1,,,,49.4,0,0,0,759.0
8,11,2,1,,,,56.4,0,0,0,761.0
8,12,2,1,,,,57.8,0,0,0,715.0
8,13,2,1,,,,61.0,0,0,0,656.0
8,14,2,1,,,,58.8,0,0,0,656.0
8,15,2,1,,,,52.0,0,0,0,600.0
8,16,2,1,,,,59.4,0,0,0,545.0
8,17,2,1,,,,46.6,0,0,0,307.0
8,18,2,1,,,,49.3,0,0,0,135.0
8,19,2,1,,,,46.8,0,0,0,4.0
8,20,2,1,,,,42.1,0,0,0,0.0
8,21,2,1,,,,39.0,0,0,0,0.0
8,22,2,1,,,,37.1,0,0,0,0.0
8,23,2,1,,,,35.4,0,0,0,0.0
8,24,2,1,,,,34.8,0,0,0,0.0
8,1,3,1,,,,34.4,0,0,0,0.0
8,2,3,1,,,,34.8,0,0,0,0.0
8,3,3,1,,,,34.6,0,0,0,0.0
8,4,3,1,,,,36.7,0,0,0,17.0
8,5,3,1,,,,34.7,0,0,0,413.0
8,6,3,1,,,,33.4,0,0,0,680.0
8,7,3,1,,,,32.1,0,0,0,799.0
8,8,3,1,,,,33.9,0,0,0,843.0
8,9,3,1,,,,38.8,0,0,0,872.0
8,10,3,1,,,,45.2,0,0,0,892.0
8,11,3,1,,,,50.1,0,0,0,897.0
8,12,3,1,,,,49.4,0,0,0,893.0
8,13,3,1,,,,50.6,0,0,0,880.0
8,14,3,1,,,,51.2,0,0,0,854.0
8,15,3,1,,,,53.0,0,0,0,813.0
8,16,3,1,,,,50.6,0,0,0,728.0
8,17,3,1,,,,46.6,0,0,0,547.0
8,18,3,1,,,,44.4,0,0,0,166.0
8,19,3,1,,,,39.2,0,0,0,3.0
8,20,3,1,,,,36.9,0,0,0,0.0
8,21,3,1,,,,36.8,0,0,0,0.0
8,22,3,1,,,,34.6,0,0,0,0.0
8,23,3,1,,,,34.1,0,0,0,0.0
8,24,3,1,,,,34.0,0,0,0,0.0
8,1,4,1,,,,33.8,0,0,0,0.0
8,2,4,1,,,,37.4,0,0,0,0.0
8,3,4,1,,,,38.8,0,0,0,0.0
8,4,4,1,,,,38.5,0,0,0,3.0
8,5,4,1,,,,38.8,0,0,0,139.0
8,6,4,1,,,,35.6,0,0,0,446.0
8,7,4,1,,,,35.9,0,0,0,700.0
8,8,4,1,,,,41.6,0,0,0,677.0
8,9,4,1,,,,41.2,0,0,0,604.0
8,10,4,1,,,,44.4,0,0,0,731.0
8,11,4,1,,,,47.3,0,0,0,797.0
8,12,4,1,,,,49.8,0,0,0,752.0
8,13,4,1,,,,49.2,0,0,0,762.0
8,14,4,1,,,,51.7,0,0,0,679.0
8,15,4,1,,,,53.8,0,0,0,566.0
8,16,4,1,,,,52.1,0,0,0,432.0
8,17,4,1,,,,48.0,0,0,0,270.0
8,18,4,1,,,,43.1,0,0,0,67.0
8,19,4,1,,,,37.9,0,0,0,0.0
8,20,4,1,,,,38.9,0,0,0,0.0
8,21,4,1,,,,37.8,0,0,0,0.0
8,22,4,1,,,,36.6,0,0,0,0.0
8,23,4,1,,,,34.5,0,0,0,0.0
8,24,4,1,,,,35.1,0,0,0,0.0
8,1,5,1,,,,34.1,0,0,0,0.0
8,2,5,1,,,,34.9,0,0,0,0.0
8,3,5,1,,,,34.7,0,0,0,0.0
8,4,5,1,,,,35.1,0,0,0,0.0
8,5,5,1,,,,35.3,0,0,0,30.0
8,6,5,1,,,,35.1,0,0,0,281.0
8,7,5,1,,,,34.0,0,0,0,521.0
8,8,5,1,,,,36.7,0,0,0,528.0
8,9,5,1,,,,41.8,0,0,0,584.0
8,10,5,1,,,,49.5,0,0,0,693.0
8,11,5,1,,,,52.6,0,0,0,762.0
8,12,5,1,,,,53.5,0,0,0,747.0
8,13,5,1,,,,53.6,0,0,0,664.0
8,14,5,1,,,,52.6,0,0,0,602.0
8,15,5,1,,,,51.6,0,0,0,434.0
8,16,5,1,,,,48.8,0,0,0,262.0
8,17,5,1,,,,44.1,0,0,0,253.0
8,18,5,1,,,,45.0,0,0,0,105.0
8,19,5,1,,,,42.6,0,0,0,0.0
8,20,5,1,,,,39.9,0,0,0,0.0
8,21,5,1,,,,39.7,0,0,0,0.0
8,22,5,1,,,,37.9,0,0,0,0.0
8,23,5,1,,,,37.1,0,0,0,0.0
8,24,5,1,,,,37.2,0,0,0,0.0
8,1,6,1,,,,36.8,0,0,0,0.0
8,2,6,1,,,,36.4,0,0,0,0.0
8,3,6,1,,,,36.5,0,0,0,0.0
8,4,6,1,,,,36.8,0,0,0,0.0
8,5,6,1,,,,37.5,0,0,0,51.0
8,6,6,1,,,,37.3,0,0,0,125.0
8,7,6,1,,,,36.4,0,0,0,199.0
8,8,6,1,,,,39.7,0,0,0,289.0
8,9,6,1,,,,44.0,0,0,0,465.0
8,10,6,1,,,,50.7,0,0,0,617.0
8,11,6,1,,,,53.7,0,0,0,538.0
8,12,6,1,,,,52.6,0,0,0,384.0
8,13,6,1,,,,53.9,0,0,0,371.0
8,14,6,1,,,,53.8,0,0,0,259.0
8,15,6,1,,,,54.3,0,0,0,195.0
8,16,6,1,,,,54.1,0,0,0,119.0
8,17,6,1,,,,48.2,0,0,0,41.0
8,18,6,1,,,,42.7,0,0,0,7.0
8,19,6,1,,,,39.0,0,0,0,0.0
8,20,6,1,,,,38.4,0,0,0,0.0
8,21,6,1,,,,38.2,0,0,0,0.0
8,22,6,1,,,,36.4,0,0,0,0.0
8,23,6,1,,,,35.0,0,0,0,0.0
8,24,6,1,,,,34.4,0,0,0,0.0
8,1,7,1,,,,35.0,0,0,0,0.0
8,2,7,1,,,,35.4,0,0,0,0.0
8,3,7,1,,,,34.9,0,0,0,0.0
8,4,7,1,,,,34.8,0,0,0,0.0
8,5,7,1,,,,36.2,0,0,0,8.0
8,6,7,1,,,,35.6,0,0,0,55.0
8,7,7,1,,,,34.6,0,0,0,214.0
8,8,7,1,,,,35.6,0,0,0,387.0
8,9,7,1,,,,37.2,0,0,0,598.0
8,10,7,1,,,,34.6,0,0,0,715.0
8,11,7,1,,,,34.0,0,0,0,741.0
8,12,7,1,,,,35.5,0,0,0,662.0
8,13,7,1,,,,35.2,0,0,0,498.0
8,14,7,1,,,,35.5,0,0,0,335.0
8,15,7,1,,,,35.6,0,0,0,263.0
8,16,7,1,,,,38.4,0,0,0,183.0
8,17,7,1,,,,37.9,0,0,0,74.0
8,18,7,1,,,,36.2,0,0,0,16.0
8,19,7,1,,,,34.5,0,0,0,0.0
8,20,7,1,,,,32.9,0,0,0,0.0
8,21,7,1,,,,34.8,0,0,0,0.0
8,22,7,1,,,,34.7,0,0,0,0.0
8,23,7,1,,,,34.8,0,0,0,0.0
8,24,7,1,,,,34.9,0,0,0,0.0
8,1,1,1,,,,33.7,0,0,0,0.0
8,2,1,1,,,,36.2,0,0,0,0.0
8,3,1,1,,,,33.7,0,0,0,0.0
8,4,1,1,,,,33.4,0,0,0,0.0
8,5,1,1,,,,33.5,0,0,0,196.0
8,6,1,1,,,,33.4,0,0,0,398.0
8,7,1,1,,,,32.8,0,0,0,491.0
8,8,1,1,,,,33.6,0,0,0,540.0
8,9,1,1,,,,33.0,0,0,0,560.0
8,10,1,1,,,,33.6,0,0,0,570.0
8,11,1,1,,,,34.4,0,0,0,646.0
8,12,1,1,,,,35.1,0,0,0,743.0
8,13,1,1,,,,34.0,0,0,0,769.0
8,14,1,1,,,,34.9,0,0,0,689.0
8,15,1,1,,,,34.8,0,0,0,439.0
8,16,1,1,,,,35.8,0,0,0,192.0
8,17,1,1,,,,35.9,0,0,0,109.0
8,18,1,1,,,,34.5,0,0,0,40.0
8,19,1,1,,,,34.0,0,0,0,0.0
8,20,1,1,,,,34.2,0,0,0,0.0
8,21,1,1,,,,34.1,0,0,0,0.0
8,22,1,1,,,,35.4,0,0,0,0.0
8,23,1,1,,,,35.1,0,0,0,0.0
8,24,1,1,,,,33.9,0,0,0,0.0
8,1,2,1,,,,33.8,0,0,0,0.0
8,2,2,1,,,,34.4,0,0,0,0.0
8,3,2,1,,,,34.6,0,0,0,0.0
8,4,2,1,,,,34.4,0,0,0,2.0
8,5,2,1,,,,34.4,0,0,0,356.0
8,6,2,1,,,,34.0,0,0,0,645.0
8,7,2,1,,,,35.7,0,0,0,773.0
8,8,2,1,,,,38.0,0,0,0,803.0
8,9,2,1,,,,40.6,0,0,0,814.0
8,10,2,1,,,,49.6,0,0,0,827.0
8,11,2,1,,,,53.2,0,0,0,812.0
8,12,2,1,,,,48.7,0,0,0,774.0
8,13,2,1,,,,51.7,0,0,0,744.0
8,14,2,1,,,,47.2,0,0,0,541.0
8,15,2,1,,,,54.2,0,0,0,325.0
8,16,2,1,,,,52.2,0,0,0,123.0
8,17,2,1,,,,46.9,0,0,0,42.0
8,18,2,1,,,,41.2,0,0,0,18.0
8,19,2,1,,,,40.6,0,0,0,0.0
8,20,2,1,,,,40.9,0,0,0,0.0
8,21,2,1,,,,39.1,0,0,0,0.0
8,22,2,1,,,,38.2,0,0,0,0.0
8,23,2,1,,,,37.8,0,0,0,0.0
8,24,2,1,,,,37.2,0,0,0,0.0
8,1,3,1,,,,37.2,0,0,0,0.0
8,2,3,1,,,,37.0,0,0,0,0.0
8,3,3,1,,,,37.3,0,0,0,0.0
8,4,3,1,,,,37.1,0,0,0,0.0
8,5,3,1,,,,36.8,0,0,0,132.0
8,6,3,1,,,,37.8,0,0,0,220.0
8,7,3,1,,,,37.9,0,0,0,252.0
8,8,3,1,,,,39.4,0,0,0,350.0
8,9,3,1,,,,45.0,0,0,0,512.0
8,10,3,1,,,,51.3,0,0,0,533.0
8,11,3,1,,,,56.2,0,0,0,600.0
8,12,3,1,,,,55.2,0,0,0,706.0
8,13,3,1,,,,54.8,0,0,0,666.0
8,14,3,1,,,,53.8,0,0,0,479.0
8,15,3,1,,,,57.9,0,0,0,406.0
8,16,3,1,,,,58.8,0,0,0,299.0
8,17,3,1,,,,47.6,0,0,0,108.0
8,18,3,1,,,,41.6,0,0,0,17.0
8,19,3,1,,,,38.9,0,0,0,0.0
8,20,3,1,,,,41.0,0,0,0,0.0
8,21,3,1,,,,39.2,0,0,0,0.0
8,22,3,1,,,,37.4,0,0,0,0.0
8,23,3,1,,,,36.9,0,0,0,0.0
8,24,3,1,,,,36.4,0,0,0,0.0
8,1,4,1,,,,37.5,0,0,0,0.0
8,2,4,1,,,,37.1,0,0,0,0.0
8,3,4,1,,,,37.1,0,0,0,0.0
8,4,4,1,,,,37.2,0,0,0,0.0
8,5,4,1,,,,37.3,0,0,0,81.0
8,6,4,1,,,,37.1,0,0,0,372.0
8,7,4,1,,,,37.6,0,0,0,739.0
8,8,4,1,,,,39.4,0,0,0,832.0
8,9,4,1,,,,44.1,0,0,0,848.0
8,10,4,1,,,,50.4,0,0,0,844.0
8,11,4,1,,,,56.8,0,0,0,791.0
8,12,4,1,,,,56.5,0,0,0,639.0
8,13,4,1,,,,51.0,0,0,0,336.0
8,14,4,1,,,,50.2,0,0,0,181.0
8,15,4,1,,,,54.9,0,0,0,124.0
8,16,4,1,,,,54.5,0,0,0,104.0
8,17,4,1,,,,53.6,0,0,0,79.0
8,18,4,1,,,,47.8,0,0,0,26.0
8,19,4,1,,,,42.7,0,0,0,0.0
8,20,4,1,,,,40.2,0,0,0,0.0
8,21,4,1,,,,39.7,0,0,0,0.0
8,22,4,1,,,,38.7,0,0,0,0.0
8,23,4,1,,,,38.5,0,0,0,0.0
8,24,4,1,,,,39.9,0,0,0,0.0
8,1,5,1,,,,39.0,0,0,0,0.0
8,2,5,1,,,,38.4,0,0,0,0.0
8,3,5,1,,,,38.0,0,0,0,0.0
8,4,5,1,,,,40.3,0,0,0,0.0
8,5,5,1,,,,37.5,0,0,0,17.0
8,6,5,1,,,,38.8,0,0,0,78.0
8,7,5,1,,,,38.1,0,0,0,202.0
8,8,5,1,,,,43.0,0,0,0,315.0
8,9,5,1,,,,43.4,0,0,0,377.0
8,10,5,1,,,,48.6,0,0,0,311.0
8,11,5,1,,,,52.7,0,0,0,247.0
8,12,5,1,,,,52.9,0,0,0,228.0
8,13,5,1,,,,55.2,0,0,0,210.0
8,14,5,1,,,,52.7,0,0,0,216.0
8,15,5,1,,,,53.8,0,0,0,157.0
8,16,5,1,,,,54.3,0,0,0,70.0
8,17,5,1,,,,52.5,0,0,0,35.0
8,18,5,1,,,,48.6,0,0,0,9.0
8,19,5,1,,,,45.8,0,0,0,0.0
8,20,5,1,,,,40.9,0,0,0,0.0
8,21,5,1,,,,41.0,0,0,0,0.0
8,22,5,1,,,,40.4,0,0,0,0.0
8,23,5,1,,,,37.6,0,0,0,0.0
8,24,5,1,,,,40.2,0,0,0,0.0
8,1,6,1,,,,38.1,0,0,0,0.0
8,2,6,1,,,,40.6,0,0,0,0.0
8,3,6,1,,,,38.7,0,0,0,0.0
8,4,6,1,,,,40.1,0,0,0,0.0
8,5,6,1,,,,38.5,0,0,0,223.0
8,6,6,1,,,,38.1,0,0,0,489.0
8,7,6,1,,,,37.8,0,0,0,669.0
8,8,6,1,,,,44.6,0,0,0,807.0
8,9,6,1,,,,46.2,0,0,0,848.0
8,10,6,1,,,,52.2,0,0,0,831.0
8,11,6,1,,,,59.0,0,0,0,480.0
8,12,6,1,,,,56.8,0,0,0,263.0
8,13,6,1,,,,58.2,0,0,0,442.0
8,14,6,1,,,,56.1,0,0,0,681.0
8,15,6,1,,,,58.5,0,0,0,501.0
8,16,6,1,,,,57.6,0,0,0,341.0
8,17,6,1,,,,55.4,0,0,0,341.0
8,18,6,1,,,,46.4,0,0,0,189.0
8,19,6,1,,,,47.1,0,0,0,0.0
8,20,6,1,,,,45.5,0,0,0,0.0
8,21,6,1,,,,43.4,0,0,0,0.0
8,22,6,1,,,,42.1,0,0,0,0.0
8,23,6,1,,,,40.8,0,0,0,0.0
8,24,6,1,,,,40.2,0,0,0,0.0
8,1,7,1,,,,40.7,0,0,0,0.0
8,2,7,1,,,,40.4,0,0,0,0.0
8,3,7,1,,,,39.9,0,0,0,0.0
8,4,7,1,,,,40.7,0,0,0,0.0
8,5,7,1,,,,38.8,0,0,0,217.0
8,6,7,1,,,,38.7,0,0,0,546.0
8,7,7,1,,,,37.8,0,0,0,710.0
8,8,7,1,,,,38.0,0,0,0,749.0
8,9,7,1,,,,40.6,0,0,0,729.0
8,10,7,1,,,,41.2,0,0,0,597.0
8,11,7,1,,,,43.2,0,0,0,423.0
8,12,7,1,,,,44.2,0,0,0,269.0
8,13,7,1,,,,45.8,0,0,0,257.0
8,14,7,1,,,,45.5,0,0,0,500.0
8,15,7,1,,,,44.5,0,0,0,627.0
8,16,7,1,,,,45.6,0,0,0,592.0
8,17,7,1,,,,46.4,0,0,0,480.0
8,18,7,1,,,,44.2,0,0,0,191.0
8,19,7,1,,,,42.5,0,0,0,0.0
8,20,7,1,,,,41.6,0,0,0,0.0
8,21,7,1,,,,39.9,0,0,0,0.0
8,22,7,1,,,,39.5,0,0,0,0.0
8,23,7,1,,,,39.3,0,0,0,0.0
8,24,7,1,,,,38.3,0,0,0,0.0
8,1,1,1,,,,37.9,0,0,0,0.0
8,2,1,1,,,,39.0,0,0,0,0.0
8,3,1,1,,,,38.9,0,0,0,0.0
8,4,1,1,,,,38.0,0,0,0,0.0
8,5,1,1,,,,40.2,0,0,0,33.0
8,6,1,1,,,,35.5,0,0,0,142.0
8,7,1,1,,,,35.2,0,0,0,373.0
8,8,1,1,,,,36.2,0,0,0,643.0
8,9,1,1,,,,35.8,0,0,0,794.0
8,10,1,1,,,,39.0,0,0,0,826.0
8,11,1,1,,,,42.0,0,0,0,813.0
8,12,1,1,,,,39.8,0,0,0,801.0
8,13,1,1,,,,43.2,0,0,0,723.0
8,14,1,1,,,,43.6,0,0,0,656.0
8,15,1,1,,,,43.4,0,0,0,627.0
8,16,1,1,,,,43.6,0,0,0,547.0
8,17,1,1,,,,43.4,0,0,0,392.0
8,18,1,1,,,,39.1,0,0,0,125.0
8,19,1,1,,,,38.9,0,0,0,0.0
8,20,1,1,,,,38.3,0,0,0,0.0
8,21,1,1,,,,37.8,0,0,0,0.0
8,22,1,1,,,,37.6,0,0,0,0.0
8,23,1,1,,,,36.8,0,0,0,0.0
8,24,1,1,,,,35.6,0,0,0,0.0
8,1,2,1,,,,35.6,0,0,0,0.0
8,2,2,1,,,,34.5,0,0,0,0.0
8,3,2,1,,,,35.4,0,0,0,0.0
8,4,2,1,,,,34.6,0,0,0,0.0
8,5,2,1,,,,35.5,0,0,0,175.0
8,6,2,1,,,,34.8,0,0,0,456.0
8,7,2,1,,,,33.9,0,0,0,680.0
8,8,2,1,,,,34.9,0,0,0,790.0
8,9,2,1,,,,41.9,0,0,0,800.0
8,10,2,1,,,,51.4,0,0,0,798.0
8,11,2,1,,,,62.3,0,0,0,779.0
8,12,2,1,,,,50.1,0,0,0,728.0
8,13,2,1,,,,51.8,0,0,0,646.0
8,14,2,1,,,,50.9,0,0,0,374.0
8,15,2,1,,,,50.0,0,0,0,161.0
8,16,2,1,,,,48.7,0,0,0,74.0
8,17,2,1,,,,44.0,0,0,0,35.0
8,18,2,1,,,,39.1,0,0,0,8.0
8,19,2,1,,,,38.2,0,0,0,0.0
8,20,2,1,,,,40.4,0,0,0,0.0
8,21,2,1,,,,39.4,0,0,0,0.0
8,22,2,1,,,,38.8,0,0,0,0.0
8,23,2,1,,,,38.6,0,0,0,0.0
8,24,2,1,,,,38.4,0,0,0,0.0
8,1,3,1,,,,38.4,0,0,0,0.0
8,2,3,1,,,,38.8,0,0,0,0.0
8,3,3,1,,,,39.2,0,0,0,0.0
8,4,3,1,,,,38.4,0,0,0,0.0
8,5,3,1,,,,38.4,0,0,0,10.0
8,6,3,1,,,,38.1,0,0,0,46.0
8,7,3,1,,,,37.1,0,0,0,72.0
8,8,3,1,,,,39.9,0,0,0,92.0
8,9,3,1,,,,44.5,0,0,0,148.0
8,10,3,1,,,,46.5,0,0,0,211.0
8,11,3,1,,,,51.6,0,0,0,246.0
8,12,3,1,,,,49.8,0,0,0,285.0
8,13,3,1,,,,52.9,0,0,0,302.0
8,14,3,1,,,,56.6,0,0,0,267.0
8,15,3,1,,,,55.7,0,0,0,227.0
8,16,3,1,,,,53.4,0,0,0,155.0
8,17,3,1,,,,50.9,0,0,0,88.0
8,18,3,1,,,,43.7,0,0,0,19.0
8,19,3,1,,,,39.9,0,0,0,0.0
8,20,3,1,,,,35.3,0,0,0,0.0
8,21,3,1,,,,35.3,0,0,0,0.0
8,22,3,1,,,,34.9,0,0,0,0.0
8,23,3,1,,,,34.9,0,0,0,0.0
8,24,3,1,,,,34.2,0,0,0,0.0
8,1,4,1,,,,34.8,0,0,0,0.0
8,2,4,1,,,,36.0,0,0,0,0.0
8,3,4,1,,,,36.1,0,0,0,0.0
8,4,4,1,,,,35.9,0,0,0,0.0
8,5,4,1,,,,36.3,0,0,0,77.0
8,6,4,1,,,,35.2,0,0,0,164.0
8,7,4,1,,,,35.8,0,0,0,345.0
8,8,4,1,,,,38.2,0,0,0,641.0
8,9,4,1,,,,45.0,0,0,0,721.0
8,10,4,1,,,,52.5,0,0,0,742.0
8,11,4,1,,,,51.5,0,0,0,650.0
8,12,4,1,,,,52.2,0,0,0,497.0
8,13,4,1,,,,53.8,0,0,0,446.0
8,14,4,1,,,,55.0,0,0,0,506.0
8,15,4,1,,,,55.4,0,0,0,484.0
8,16,4,1,,,,54.2,0,0,0,338.0
8,17,4,1,,,,49.4,0,0,0,115.0
8,18,4,1,,,,47.5,0,0,0,50.0
8,19,4,1,,,,43.1,0,0,0,0.0
8,20,4,1,,,,39.5,0,0,0,0.0
8,21,4,1,,,,37.5,0,0,0,0.0
8,22,4,1,,,,37.0,0,0,0,0.0
8,23,4,1,,,,36.9,0,0,0,0.0
8,24,4,1,,,,36.0,0,0,0,0.0
8,1,5,1,,,,36.2,0,0,0,0.0
8,2,5,1,,,,36.2,0,0,0,0.0
8,3,5,1,,,,36.0,0,0,0,0.0
8,4,5,1,,,,36.2,0,0,0,0.0
8,5,5,1,,,,36.3,0,0,0,14.0
8,6,5,1,,,,36.9,0,0,0,111.0
8,7,5,1,,,,37.6,0,0,0,266.0
8,8,5,1,,,,42.5,0,0,0,363.0
8,9,5,1,,,,40.9,0,0,0,506.0
8,10,5,1,,,,47.4,0,0,0,656.0
8,11,5,1,,,,52.0,0,0,0,618.0
8,12,5,1,,,,52.4,0,0,0,627.0
8,13,5,1,,,,54.4,0,0,0,698.0
8,14,5,1,,,,55.2,0,0,0,636.0
8,15,5,1,,,,55.0,0,0,0,531.0
8,16,5,1,,,,53.2,0,0,0,442.0
8,17,5,1,,,,53.5,0,0,0,311.0
8,18,5,1,,,,48.8,0,0,0,91.0
8,19,5,1,,,,45.5,0,0,0,0.0
8,20,5,1,,,,42.8,0,0,0,0.0
8,21,5,1,,,,41.5,0,0,0,0.0
8,22,5,1,,,,41.6,0,0,0,0.0
8,23,5,1,,,,39.0,0,0,0,0.0
8,24,5,1,,,,38.7,0,0,0,0.0
8,1,6,1,,,,38.6,0,0,0,0.0
8,2,6,1,,,,39.4,0,0,0,0.0
8,3,6,1,,,,39.7,0,0,0,0.0
8,4,6,1,,,,38.5,0,0,0,0.0
8,5,6,1,,,,40.0,0,0,0,2.0
8,6,6,1,,,,40.4,0,0,0,29.0
8,7,6,1,,,,41.7,0,0,0,124.0
8,8,6,1,,,,46.2,0,0,0,356.0
8,9,6,1,,,,49.6,0,0,0,394.0
8,10,6,1,,,,47.1,0,0,0,325.0
8,11,6,1,,,,49.3,0,0,0,295.0
8,12,6,1,,,,51.4,0,0,0,232.0
8,13,6,1,,,,50.1,0,0,0,276.0
8,14,6,1,,,,51.0,0,0,0,214.0
8,15,6,1,,,,54.8,0,0,0,184.0
8,16,6,1,,,,51.3,0,0,0,213.0
8,17,6,1,,,,48.5,0,0,0,138.0
8,18,6,1,,,,46.2,0,0,0,39.0
8,19,6,1,,,,38.4,0,0,0,0.0
8,20,6,1,,,,38.4,0,0,0,0.0
8,21,6,1,,,,38.9,0,0,0,0.0
8,22,6,1,,,,37.6,0,0,0,0.0
8,23,6,1,,,,37.7,0,0,0,0.0
8,24,6,1,,,,38.6,0,0,0,0.0
8,1,7,1,,,,39.6,0,0,0,0.0
8,2,7,1,,,,38.8,0,0,0,0.0
8,3,7,1,,,,37.9,0,0,0,0.0
8,4,7,1,,,,38.4,0,0,0,0.0
8,5,7,1,,,,39.4,0,0,0,73.0
8,6,7,1,,,,38.8,0,0,0,216.0
8,7,7,1,,,,40.0,0,0,0,430.0
8,8,7,1,,,,38.2,0,0,0,604.0
8,9,7,1,,,,37.2,0,0,0,677.0
8,10,7,1,,,,38.2,0,0,0,702.0
8,11,7,1,,,,39.4,0,0,0,667.0
8,12,7,1,,,,37.0,0,0,0,673.0
8,13,7,1,,,,37.7,0,0,0,637.0
8,14,7,1,,,,37.9,0,0,0,522.0
8,15,7,1,,,,37.5,0,0,0,450.0
8,16,7,1,,,,37.8,0,0,0,328.0
8,17,7,1,,,,36.8,0,0,0,159.0
8,18,7,1,,,,37.6,0,0,0,56.0
8,19,7,1,,,,36.6,0,0,0,0.0
8,20,7,1,,,,36.6,0,0,0,0.0
8,21,7,1,,,,36.3,0,0,0,0.0
8,22,7,1,,,,37.2,0,0,0,0.0
8,23,7,1,,,,36.4,0,0,0,0.0
8,24,7,1,,,,37.5,0,0,0,0.0
8,1,1,1,,,,37.8,0,0,0,0.0
8,2,1,1,,,,37.5,0,0,0,0.0
8,3,1,1,,,,37.1,0,0,0,0.0
8,4,1,1,,,,36.2,0,0,0,0.0
8,5,1,1,,,,36.3,0,0,0,146.0
8,6,1,1,,,,39.1,0,0,0,415.0
8,7,1,1,,,,38.0,0,0,0,606.0
8,8,1,1,,,,37.1,0,0,0,688.0
8,9,1,1,,,,37.0,0,0,0,721.0
8,10,1,1,,,,36.6,0,0,0,730.0
8,11,1,1,,,,37.0,0,0,0,741.0
8,12,1,1,,,,37.4,0,0,0,661.0
8,13,1,1,,,,36.8,0,0,0,555.0
8,14,1,1,,,,37.3,0,0,0,439.0
8,15,1,1,,,,36.9,0,0,0,393.0
8,16,1,1,,,,36.9,0,0,0,311.0
8,17,1,1,,,,37.2,0,0,0,154.0
8,18,1,1,,,,37.1,0,0,0,37.0
8,19,1,1,,,,37.9,0,0,0,0.0
8,20,1,1,,,,38.4,0,0,0,0.0
8,21,1,1,,,,38.2,0,0,0,0.0
8,22,1,1,,,,38.0,0,0,0,0.0
8,23,1,1,,,,38.8,0,0,0,0.0
8,24,1,1,,,,38.7,0,0,0,0.0
8,1,2,1,,,,38.0,0,0,0,0.0
8,2,2,1,,,,37.6,0,0,0,0.0
8,3,2,1,,,,39.3,0,0,0,0.0
8,4,2,1,,,,36.0,0,0,0,0.0
8,5,2,1,,,,37.4,0,0,0,28.0
8,6,2,1,,,,40.1,0,0,0,251.0
8,7,2,1,,,,36.0,0,0,0,610.0
8,8,2,1,,,,37.9,0,0,0,759.0
8,9,2,1,,,,40.9,0,0,0,795.0
8,10,2,1,,,,41.5,0,0,0,778.0
8,11,2,1,,,,41.5,0,0,0,778.0
8,12,2,1,,,,41.0,0,0,0,800.0
8,13,2,1,,,,41.2,0,0,0,760.0
8,14,2,1,,,,44.5,0,0,0,559.0
8,15,2,1,,,,41.9,0,0,0,286.0
8,16,2,1,,,,41.2,0,0,0,122.0
8,17,2,1,,,,39.0,0,0,0,69.0
8,18,2,1,,,,38.1,0,0,0,31.0
8,19,2,1,,,,39.2,0,0,0,0.0
8,20,2,1,,,,37.4,0,0,0,0.0
8,21,2,1,,,,40.4,0,0,0,0.0
8,22,2,1,,,,38.5,0,0,0,0.0
8,23,2,1,,,,35.2,0,0,0,0.0
8,24,2,1,,,,35.2,0,0,0,0.0
8,1,3,1,,,,35.3,0,0,0,0.0
8,2,3,1,,,,37.6,0,0,0,0.0
8,3,3,1,,,,36.7,0,0,0,0.0
8,4,3,1,,,,37.2,0,0,0,0.0
8,5,3,1,,,,38.4,0,0,0,41.0
8,6,3,1,,,,36.6,0,0,0,230.0
8,7,3,1,,,,37.1,0,0,0,501.0
8,8,3,1,,,,38.2,0,0,0,695.0
8,9,3,1,,,,41.7,0,0,0,738.0
8,10,3,1,,,,48.3,0,0,0,663.0
8,11,3,1,,,,52.6,0,0,0,708.0
8,12,3,1,,,,53.3,0,0,0,731.0
8,13,3,1,,,,51.4,0,0,0,601.0
8,14,3,1,,,,51.9,0,0,0,403.0
8,15,3,1,,,,55.4,0,0,0,366.0
8,16,3,1,,,,56.8,0,0,0,262.0
8,17,3,1,,,,54.1,0,0,0,126.0
8,18,3,1,,,,48.8,0,0,0,16.0
8,19,3,1,,,,44.2,0,0,0,0.0
8,20,3,1,,,,40.6,0,0,0,0.0
8,21,3,1,,,,41.2,0,0,0,0.0
8,22,3,1,,,,39.8,0,0,0,0.0
8,23,3,1,,,,40.0,0,0,0,0.0
8,24,3,1,,,,41.2,0,0,0,0.0
8,1,4,1,,,,40.8,0,0,0,0.0
8,2,4,1,,,,40.7,0,0,0,0.0
8,3,4,1,,,,41.4,0,0,0,0.0
8,4,4,1,,,,42.1,0,0,0,0.0
8,5,4,1,,,,42.8,0,0,0,99.0
8,6,4,1,,,,42.2,0,0,0,388.0
8,7,4,1,,,,41.3,0,0,0,600.0
8,8,4,1,,,,42.8,0,0,0,766.0
8,9,4,1,,,,49.2,0,0,0,667.0
8,10,4,1,,,,52.8,0,0,0,733.0
8,11,4,1,,,,56.5,0,0,0,784.0
8,12,4,1,,,,57.6,0,0,0,799.0
8,13,4,1,,,,59.2,0,0,0,827.0
8,14,4,1,,,,57.1,0,0,0,811.0
8,15,4,1,,,,57.2,0,0,0,746.0
8,16,4,1,,,,56.5,0,0,0,574.0
8,17,4,1,,,,53.6,0,0,0,256.0
8,18,4,1,,,,46.8,0,0,0,46.0
8,19,4,1,,,,41.9,0,0,0,0.0
8,20,4,1,,,,41.8,0,0,0,0.0
8,21,4,1,,,,41.0,0,0,0,0.0
8,22,4,1,,,,40.8,0,0,0,0.0
8,23,4,1,,,,40.3,0,0,0,0.0
8,24,4,1,,,,39.8,0,0,0,0.0
9,1,5,1,,,,40.8,0,0,0,0.0
9,2,5,1,,,,40.0,0,0,0,0.0
9,3,5,1,,,,41.2,0,0,0,0.0
9,4,5,1,,,,41.0,0,0,0,0.0
9,5,5,1,,,,41.5,0,0,0,51.0
9,6,5,1,,,,41.1,0,0,0,292.0
9,7,5,1,,,,40.2,0,0,0,560.0
9,8,5,1,,,,41.2,0,0,0,749.0
9,9,5,1,,,,45.8,0,0,0,832.0
9,10,5,1,,,,48.6,0,0,0,855.0
9,11,5,1,,,,51.8,0,0,0,863.0
9,12,5,1,,,,52.6,0,0,0,860.0
9,13,5,1,,,,53.4,0,0,0,845.0
9,14,5,1,,,,51.2,0,0,0,816.0
9,15,5,1,,,,51.8,0,0,0,754.0
9,16,5,1,,,,47.8,0,0,0,637.0
9,17,5,1,,,,44.4,0,0,0,396.0
9,18,5,1,,,,43.0,0,0,0,65.0
9,19,5,1,,,,44.0,0,0,0,0.0
9,20,5,1,,,,42.9,0,0,0,0.0
9,21,5,1,,,,42.3,0,0,0,0.0
9,22,5,1,,,,41.0,0,0,0,0.0
9,23,5,1,,,,40.7,0,0,0,0.0
9,24,5,1,,,,40.0,0,0,0,0.0
9,1,6,1,,,,37.1,0,0,0,0.0
9,2,6,1,,,,36.7,0,0,0,0.0
9,3,6,1,,,,39.4,0,0,0,0.0
9,4,6,1,,,,39.5,0,0,0,0.0
9,5,6,1,,,,38.6,0,0,0,19.0
9,6,6,1,,,,42.9,0,0,0,94.0
9,7,6,1,,,,38.7,0,0,0,270.0
9,8,6,1,,,,40.8,0,0,0,601.0
9,9,6,1,,,,46.5,0,0,0,655.0
9,10,6,1,,,,48.2,0,0,0,634.0
9,11,6,1,,,,49.1,0,0,0,617.0
9,12,6,1,,,,46.0,0,0,0,612.0
9,13,6,1,,,,51.6,0,0,0,705.0
9,14,6,1,,,,52.2,0,0,0,744.0
9,15,6,1,,,,51.4,0,0,0,676.0
9,16,6,1,,,,46.1,0,0,0,482.0
9,17,6,1,,,,43.4,0,0,0,170.0
9,18,6,1,,,,39.1,0,0,0,13.0
9,19,6,1,,,,39.4,0,0,0,0.0
9,20,6,1,,,,40.4,0,0,0,0.0
9,21,6,1,,,,39.4,0,0,0,0.0
9,22,6,1,,,,37.9,0,0,0,0.0
9,23,6,1,,,,37.5,0,0,0,0.0
9,24,6,1,,,,36.8,0,0,0,0.0
9,1,7,1,,,,38.0,0,0,0,0.0
9,2,7,1,,,,38.7,0,0,0,0.0
9,3,7,1,,,,37.6,0,0,0,0.0
9,4,7,1,,,,38.2,0,0,0,0.0
9,5,7,1,,,,38.2,0,0,0,9.0
9,6,7,1,,,,39.2,0,0,0,73.0
9,7,7,1,,,,38.6,0,0,0,179.0
9,8,7,1,,,,36.7,0,0,0,293.0
9,9,7,1,,,,38.2,0,0,0,417.0
9,10,7,1,,,,37.9,0,0,0,541.0
9,11,7,1,,,,37.6,0,0,0,638.0
9,12,7,1,,,,39.2,0,0,0,664.0
9,13,7,1,,,,40.4,0,0,0,631.0
9,14,7,1,,,,39.8,0,0,0,505.0
9,15,7,1,,,,39.4,0,0,0,265.0
9,16,7,1,,,,37.4,0,0,0,126.0
9,17,7,1,,,,37.8,0,0,0,53.0
9,18,7,1,,,,37.5,0,0,0,5.0
9,19,7,1,,,,36.8,0,0,0,0.0
9,20,7,1,,,,39.6,0,0,0,0.0
9,21,7,1,,,,38.6,0,0,0,0.0
9,22,7,1,,,,37.1,0,0,0,0.0
9,23,7,1,,,,39.2,0,0,0,0.0
9,24,7,1,,,,38.8,0,0,0,0.0
9,1,1,1,,,,36.4,0,0,0,0.0
9,2,1,1,,,,37.0,0,0,0,0.0
9,3,1,1,,,,37.1,0,0,0,0.0
9,4,1,1,,,,37.0,0,0,0,0.0
9,5,1,1,,,,36.5,0,0,0,0.0
9,6,1,1,,,,35.6,0,0,0,21.0
9,7,1,1,,,,35.5,0,0,0,73.0
9,8,1,1,,,,35.8,0,0,0,152.0
9,9,1,1,,,,35.9,0,0,0,224.0
9,10,1,1,,,,35.7,0,0,0,276.0
9,11,1,1,,,,36.8,0,0,0,327.0
9,12,1,1,,,,37.6,0,0,0,361.0
9,13,1,1,,,,35.8,0,0,0,323.0
9,14,1,1,,,,36.2,0,0,0,248.0
9,15,1,1,,,,36.6,0,0,0,238.0
9,16,1,1,,,,37.8,0,0,0,239.0
9,17,1,1,,,,36.9,0,0,0,127.0
9,18,1,1,,,,39.5,0,0,0,12.0
9,19,1,1,,,,37.5,0,0,0,0.0
9,20,1,1,,,,39.6,0,0,0,0.0
9,21,1,1,,,,38.1,0,0,0,0.0
9,22,1,1,,,,38.5,0,0,0,0.0
9,23,1,1,,,,38.1,0,0,0,0.0
9,24,1,1,,,,38.0,0,0,0,0.0
9,1,2,1,,,,38.8,0,0,0,0.0
9,2,2,1,,,,38.1,0,0,0,0.0
9,3,2,1,,,,39.4,0,0,0,0.0
9,4,2,1,,,,38.0,0,0,0,0.0
9,5,2,1,,,,37.8,0,0,0,56.0
9,6,2,1,,,,36.8,0,0,0,390.0
9,7,2,1,,,,38.2,0,0,0,621.0
9,8,2,1,,,,41.5,0,0,0,749.0
9,9,2,1,,,,48.6,0,0,0,804.0
9,10,2,1,,,,51.4,0,0,0,792.0
9,11,2,1,,,,57.4,0,0,0,715.0
9,12,2,1,,,,56.5,0,0,0,693.0
9,13,2,1,,,,55.9,0,0,0,719.0
9,14,2,1,,,,54.2,0,0,0,675.0
9,15,2,1,,,,54.1,0,0,0,639.0
9,16,2,1,,,,53.8,0,0,0,281.0
9,17,2,1,,,,48.9,0,0,0,26.0
9,18,2,1,,,,44.1,0,0,0,0.0
9,19,2,1,,,,42.2,0,0,0,0.0
9,20,2,1,,,,40.6,0,0,0,0.0
9,21,2,1,,,,40.9,0,0,0,0.0
9,22,2,1,,,,42.7,0,0,0,0.0
9,23,2,1,,,,40.5,0,0,0,0.0
9,24,2,1,,,,38.6,0,0,0,0.0
9,1,3,1,,,,39.8,0,0,0,0.0
9,2,3,1,,,,38.7,0,0,0,0.0
9,3,3,1,,,,38.5,0,0,0,0.0
9,4,3,1,,,,39.0,0,0,0,0.0
9,5,3,1,,,,40.2,0,0,0,0.0
9,6,3,1,,,,40.8,0,0,0,7.0
9,7,3,1,,,,42.1,0,0,0,28.0
9,8,3,1,,,,45.0,0,0,0,42.0
9,9,3,1,,,,49.5,0,0,0,60.0
9,10,3,1,,,,54.5,0,0,0,98.0
9,11,3,1,,,,56.5,0,0,0,138.0
9,12,3,1,,,,57.0,0,0,0,155.0
9,13,3,1,,,,57.6,0,0,0,153.0
9,14,3,1,,,,56.4,0,0,0,120.0
9,15,3,1,,,,55.1,0,0,0,79.0
9,16,3,1,,,,53.4,0,0,0,53.0
9,17,3,1,,,,47.0,0,0,0,34.0
9,18,3,1,,,,42.8,0,0,0,2.0
9,19,3,1,,,,41.9,0,0,0,0.0
9,20,3,1,,,,41.7,0,0,0,0.0
9,21,3,1,,,,43.2,0,0,0,0.0
9,22,3,1,,,,40.1,0,0,0,0.0
9,23,3,1,,,,38.5,0,0,0,0.0
9,24,3,1,,,,39.0,0,0,0,0.0
9,1,4,1,,,,37.5,0,0,0,0.0
9,2,4,1,,,,37.5,0,0,0,0.0
9,3,4,1,,,,38.0,0,0,0,0.0
9,4,4,1,,,,38.6,0,0,0,0.0
9,5,4,1,,,,38.6,0,0,0,2.0
9,6,4,1,,,,37.8,0,0,0,24.0
9,7,4,1,,,,39.1,0,0,0,60.0
9,8,4,1,,,,44.2,0,0,0,129.0
9,9,4,1,,,,46.9,0,0,0,253.0
9,10,4,1,,,,51.4,0,0,0,402.0
9,11,4,1,,,,52.2,0,0,0,465.0
9,12,4,1,,,,54.1,0,0,0,530.0
9,13,4,1,,,,55.2,0,0,0,454.0
9,14,4,1,,,,59.1,0,0,0,271.0
9,15,4,1,,,,56.2,0,0,0,126.0
9,16,4,1,,,,51.8,0,0,0,111.0
9,17,4,1,,,,47.8,0,0,0,42.0
9,18,4,1,,,,44.4,0,0,0,0.0
9,19,4,1,,,,41.6,0,0,0,0.0
9,20,4,1,,,,41.2,0,0,0,0.0
9,21,4,1,,,,40.7,0,0,0,0.0
9,22,4,1,,,,40.2,0,0,0,0.0
9,23,4,1,,,,39.1,0,0,0,0.0
9,24,4,1,,,,39.2,0,0,0,0.0
9,1,5,1,,,,40.7,0,0,0,0.0
9,2,5,1,,,,39.1,0,0,0,0.0
9,3,5,1,,,,40.6,0,0,0,0.0
9,4,5,1,,,,38.9,0,0,0,0.0
9,5,5,1,,,,40.8,0,0,0,0.0
9,6,5,1,,,,40.8,0,0,0,41.0
9,7,5,1,,,,41.1,0,0,0,112.0
9,8,5,1,,,,43.8,0,0,0,227.0
9,9,5,1,,,,48.0,0,0,0,366.0
9,10,5,1,,,,55.5,0,0,0,405.0
9,11,5,1,,,,62.2,0,0,0,414.0
9,12,5,1,,,,64.1,0,0,0,468.0
9,13,5,1,,,,63.3,0,0,0,539.0
9,14,5,1,,,,63.1,0,0,0,497.0
9,15,5,1,,,,61.4,0,0,0,240.0
9,16,5,1,,,,47.8,0,0,0,100.0
9,17,5,1,,,,44.4,0,0,0,51.0
9,18,5,1,,,,39.6,0,0,0,3.0
9,19,5,1,,,,43.0,0,0,0,0.0
9,20,5,1,,,,40.4,0,0,0,0.0
9,21,5,1,,,,39.8,0,0,0,0.0
9,22,5,1,,,,39.1,0,0,0,0.0
9,23,5,1,,,,39.7,0,0,0,0.0
9,24,5,1,,,,40.8,0,0,0,0.0
9,1,6,1,,,,40.2,0,0,0,0.0
9,2,6,1,,,,39.7,0,0,0,0.0
9,3,6,1,,,,39.6,0,0,0,0.0
9,4,6,1,,,,38.4,0,0,0,0.0
9,5,6,1,,,,39.2,0,0,0,15.0
9,6,6,1,,,,39.8,0,0,0,186.0
9,7,6,1,,,,40.0,0,0,0,262.0
9,8,6,1,,,,41.4,0,0,0,334.0
9,9,6,1,,,,48.4,0,0,0,470.0
9,10,6,1,,,,58.6,0,0,0,541.0
9,11,6,1,,,,63.0,0,0,0,545.0
9,12,6,1,,,,65.0,0,0,0,359.0
9,13,6,1,,,,59.6,0,0,0,219.0
9,14,6,1,,,,55.8,0,0,0,157.0
9,15,6,1,,,,58.6,0,0,0,154.0
9,16,6,1,,,,56.9,0,0,0,162.0
9,17,6,1,,,,56.4,0,0,0,157.0
9,18,6,1,,,,47.5,0,0,0,6.0
9,19,6,1,,,,42.1,0,0,0,0.0
9,20,6,1,,,,39.6,0,0,0,0.0
9,21,6,1,,,,39.3,0,0,0,0.0
9,22,6,1,,,,38.0,0,0,0,0.0
9,23,6,1,,,,37.9,0,0,0,0.0
9,24,6,1,,,,37.2,0,0,0,0.0
9,1,7,1,,,,37.8,0,0,0,0.0
9,2,7,1,,,,37.7,0,0,0,0.0
9,3,7,1,,,,37.2,0,0,0,0.0
9,4,7,1,,,,36.8,0,0,0,0.0
9,5,7,1,,,,38.1,0,0,0,0.0
9,6,7,1,,,,36.9,0,0,0,21.0
9,7,7,1,,,,36.8,0,0,0,46.0
9,8,7,1,,,,36.2,0,0,0,132.0
9,9,7,1,,,,37.8,0,0,0,438.0
9,10,7,1,,,,36.2,0,0,0,691.0
9,11,7,1,,,,37.1,0,0,0,740.0
9,12,7,1,,,,38.6,0,0,0,728.0
9,13,7,1,,,,37.8,0,0,0,628.0
9,14,7,1,,,,38.5,0,0,0,420.0
9,15,7,1,,,,39.2,0,0,0,344.0
9,16,7,1,,,,38.9,0,0,0,346.0
9,17,7,1,,,,40.7,0,0,0,146.0
9,18,7,1,,,,38.7,0,0,0,4.0
9,19,7,1,,,,38.1,0,0,0,0.0
9,20,7,1,,,,38.2,0,0,0,0.0
9,21,7,1,,,,37.0,0,0,0,0.0
9,22,7,1,,,,36.6,0,0,0,0.0
9,23,7,1,,,,35.8,0,0,0,0.0
9,24,7,1,,,,36.5,0,0,0,0.0
9,1,1,1,,,,36.9,0,0,0,0.0
9,2,1,1,,,,36.4,0,0,0,0.0
9,3,1,1,,,,36.0,0,0,0,0.0
9,4,1,1,,,,36.2,0,0,0,0.0
9,5,1,1,,,,36.4,0,0,0,8.0
9,6,1,1,,,,36.9,0,0,0,187.0
9,7,1,1,,,,35.9,0,0,0,380.0
9,8,1,1,,,,36.3,0,0,0,562.0
9,9,1,1,,,,35.8,0,0,0,775.0
9,10,1,1,,,,35.1,0,0,0,828.0
9,11,1,1,,,,37.3,0,0,0,834.0
9,12,1,1,,,,38.0,0,0,0,823.0
9,13,1,1,,,,39.0,0,0,0,796.0
9,14,1,1,,,,39.7,0,0,0,761.0
9,15,1,1,,,,39.6,0,0,0,680.0
9,16,1,1,,,,41.3,0,0,0,378.0
9,17,1,1,,,,40.5,0,0,0,157.0
9,18,1,1,,,,36.8,0,0,0,3.0
9,19,1,1,,,,37.0,0,0,0,0.0
9,20,1,1,,,,38.1,0,0,0,0.0
9,21,1,1,,,,37.5,0,0,0,0.0
9,22,1,1,,,,37.3,0,0,0,0.0
9,23,1,1,,,,37.3,0,0,0,0.0
9,24,1,1,,,,36.9,0,0,0,0.0
9,1,2,1,,,,36.5,0,0,0,0.0
9,2,2,1,,,,37.0,0,0,0,0.0
9,3,2,1,,,,37.9,0,0,0,0.0
9,4,2,1,,,,37.1,0,0,0,0.0
9,5,2,1,,,,38.3,0,0,0,0.0
9,6,2,1,,,,38.2,0,0,0,108.0
9,7,2,1,,,,37.4,0,0,0,359.0
9,8,2,1,,,,39.5,0,0,0,451.0
9,9,2,1,,,,47.5,0,0,0,586.0
9,10,2,1,,,,56.0,0,0,0,621.0
9,11,2,1,,,,57.8,0,0,0,803.0
9,12,2,1,,,,58.4,0,0,0,859.0
9,13,2,1,,,,60.9,0,0,0,854.0
9,14,2,1,,,,58.1,0,0,0,827.0
9,15,2,1,,,,60.6,0,0,0,773.0
9,16,2,1,,,,62.8,0,0,0,656.0
9,17,2,1,,,,58.0,0,0,0,390.0
9,18,2,1,,,,52.7,0,0,0,6.0
9,19,2,1,,,,44.9,0,0,0,0.0
9,20,2,1,,,,41.1,0,0,0,0.0
9,21,2,1,,,,40.8,0,0,0,0.0
9,22,2,1,,,,40.1,0,0,0,0.0
9,23,2,1,,,,39.2,0,0,0,0.0
9,24,2,1,,,,38.5,0,0,0,0.0
9,1,3,1,,,,38.2,0,0,0,0.0
9,2,3,1,,,,39.0,0,0,0,0.0
9,3,3,1,,,,38.8,0,0,0,0.0
9,4,3,1,,,,39.0,0,0,0,0.0
9,5,3,1,,,,39.2,0,0,0,7.0
9,6,3,1,,,,40.2,0,0,0,365.0
9,7,3,1,,,,39.8,0,0,0,641.0
9,8,3,1,,,,41.6,0,0,0,767.0
9,9,3,1,,,,48.0,0,0,0,823.0
9,10,3,1,,,,58.8,0,0,0,840.0
9,11,3,1,,,,60.6,0,0,0,830.0
9,12,3,1,,,,61.1,0,0,0,800.0
9,13,3,1,,,,59.9,0,0,0,766.0
9,14,3,1,,,,58.8,0,0,0,751.0
9,15,3,1,,,,60.0,0,0,0,691.0
9,16,3,1,,,,59.1,0,0,0,574.0
9,17,3,1,,,,55.5,0,0,0,242.0
9,18,3,1,,,,51.5,0,0,0,2.0
9,19,3,1,,,,43.5,0,0,0,0.0
9,20,3,1,,,,41.2,0,0,0,0.0
9,21,3,1,,,,39.3,0,0,0,0.0
9,22,3,1,,,,39.7,0,0,0,0.0
9,23,3,1,,,,40.7,0,0,0,0.0
9,24,3,1,,,,39.0,0,0,0,0.0
9,1,4,1,,,,40.8,0,0,0,0.0
9,2,4,1,,,,38.6,0,0,0,0.0
9,3,4,1,,,,39.6,0,0,0,0.0
9,4,4,1,,,,40.6,0,0,0,0.0
9,5,4,1,,,,39.9,0,0,0,3.0
9,6,4,1,,,,41.6,0,0,0,268.0
9,7,4,1,,,,40.8,0,0,0,622.0
9,8,4,1,,,,41.8,0,0,0,749.0
9,9,4,1,,,,47.7,0,0,0,811.0
9,10,4,1,,,,52.9,0,0,0,831.0
9,11,4,1,,,,55.3,0,0,0,823.0
9,12,4,1,,,,56.0,0,0,0,819.0
9,13,4,1,,,,56.6,0,0,0,764.0
9,14,4,1,,,,55.6,0,0,0,758.0
9,15,4,1,,,,55.1,0,0,0,653.0
9,16,4,1,,,,54.7,0,0,0,378.0
9,17,4,1,,,,54.0,0,0,0,155.0
9,18,4,1,,,,47.2,0,0,0,0.0
9,19,4,1,,,,44.8,0,0,0,0.0
9,20,4,1,,,,40.8,0,0,0,0.0
9,21,4,1,,,,39.2,0,0,0,0.0
9,22,4,1,,,,39.2,0,0,0,0.0
9,23,4,1,,,,39.0,0,0,0,0.0
9,24,4,1,,,,39.2,0,0,0,0.0
9,1,5,1,,,,39.0,0,0,0,0.0
9,2,5,1,,,,39.3,0,0,0,0.0
9,3,5,1,,,,38.9,0,0,0,0.0
9,4,5,1,,,,40.0,0,0,0,0.0
9,5,5,1,,,,39.7,0,0,0,0.0
9,6,5,1,,,,39.5,0,0,0,111.0
9,7,5,1,,,,38.8,0,0,0,252.0
9,8,5,1,,,,40.5,0,0,0,392.0
9,9,5,1,,,,47.1,0,0,0,558.0
9,10,5,1,,,,50.6,0,0,0,636.0
9,11,5,1,,,,54.8,0,0,0,716.0
9,12,5,1,,,,53.9,0,0,0,706.0
9,13,5,1,,,,54.8,0,0,0,654.0
9,14,5,1,,,,50.8,0,0,0,569.0
9,15,5,1,,,,52.2,0,0,0,436.0
9,16,5,1,,,,51.1,0,0,0,253.0
9,17,5,1,,,,49.0,0,0,0,58.0
9,18,5,1,,,,46.0,0,0,0,0.0
9,19,5,1,,,,42.6,0,0,0,0.0
9,20,5,1,,,,41.2,0,0,0,0.0
9,21,5,1,,,,39.7,0,0,0,0.0
9,22,5,1,,,,38.6,0,0,0,0.0
9,23,5,1,,,,38.2,0,0,0,0.0
9,24,5,1,,,,37.8,0,0,0,0.0
9,1,6,1,,,,37.6,0,0,0,0.0
9,2,6,1,,,,38.2,0,0,0,0.0
9,3,6,1,,,,39.6,0,0,0,0.0
9,4,6,1,,,,39.5,0,0,0,0.0
9,5,6,1,,,,39.1,0,0,0,0.0
9,6,6,1,,,,39.0,0,0,0,23.0
9,7,6,1,,,,37.7,0,0,0,87.0
9,8,6,1,,,,38.7,0,0,0,252.0
9,9,6,1,,,,47.9,0,0,0,454.0
9,10,6,1,,,,51.6,0,0,0,514.0
9,11,6,1,,,,57.4,0,0,0,415.0
9,12,6,1,,,,57.5,0,0,0,367.0
9,13,6,1,,,,55.1,0,0,0,326.0
9,14,6,1,,,,55.0,0,0,0,362.0
9,15,6,1,,,,58.0,0,0,0,362.0
9,16,6,1,,,,57.9,0,0,0,185.0
9,17,6,1,,,,54.3,0,0,0,31.0
9,18,6,1,,,,49.5,0,0,0,0.0
9,19,6,1,,,,46.1,0,0,0,0.0
9,20,6,1,,,,40.5,0,0,0,0.0
9,21,6,1,,,,39.8,0,0,0,0.0
9,22,6,1,,,,41.6,0,0,0,0.0
9,23,6,1,,,,41.4,0,0,0,0.0
9,24,6,1,,,,42.5,0,0,0,0.0
9,1,7,1,,,,44.3,0,0,0,0.0
9,2,7,1,,,,44.7,0,0,0,0.0
9,3,7,1,,,,47.0,0,0,0,0.0
9,4,7,1,,,,46.0,0,0,0,0.0
9,5,7,1,,,,46.6,0,0,0,0.0
9,6,7,1,,,,46.8,0,0,0,38.0
9,7,7,1,,,,47.1,0,0,0,402.0
9,8,7,1,,,,45.2,0,0,0,609.0
9,9,7,1,,,,43.5,0,0,0,631.0
9,10,7,1,,,,40.3,0,0,0,709.0
9,11,7,1,,,,38.3,0,0,0,774.0
9,12,7,1,,,,37.2,0,0,0,783.0
9,13,7,1,,,,37.7,0,0,0,724.0
9,14,7,1,,,,36.4,0,0,0,558.0
9,15,7,1,,,,37.4,0,0,0,423.0
9,16,7,1,,,,37.2,0,0,0,98.0
9,17,7,1,,,,36.8,0,0,0,22.0
9,18,7,1,,,,37.2,0,0,0,0.0
9,19,7,1,,,,37.7,0,0,0,0.0
9,20,7,1,,,,39.5,0,0,0,0.0
9,21,7,1,,,,39.0,0,0,0,0.0
9,22,7,1,,,,38.4,0,0,0,0.0
9,23,7,1,,,,38.6,0,0,0,0.0
9,24,7,1,,,,39.0,0,0,0,0.0
9,1,1,1,,,,39.0,0,0,0,0.0
9,2,1,1,,,,39.1,0,0,0,0.0
9,3,1,1,,,,38.9,0,0,0,0.0
9,4,1,1,,,,39.7,0,0,0,0.0
9,5,1,1,,,,39.2,0,0,0,0.0
9,6,1,1,,,,38.7,0,0,0,74.0
9,7,1,1,,,,38.6,0,0,0,284.0
9,8,1,1,,,,37.9,0,0,0,563.0
9,9,1,1,,,,38.0,0,0,0,624.0
9,10,1,1,,,,37.6,0,0,0,612.0
9,11,1,1,,,,36.7,0,0,0,604.0
9,12,1,1,,,,37.4,0,0,0,513.0
9,13,1,1,,,,37.8,0,0,0,451.0
9,14,1,1,,,,36.0,0,0,0,424.0
9,15,1,1,,,,35.6,0,0,0,345.0
9,16,1,1,,,,35.4,0,0,0,178.0
9,17,1,1,,,,36.2,0,0,0,65.0
9,18,1,1,,,,37.4,0,0,0,0.0
9,19,1,1,,,,38.4,0,0,0,0.0
9,20,1,1,,,,38.3,0,0,0,0.0
9,21,1,1,,,,38.3,0,0,0,0.0
9,22,1,1,,,,38.8,0,0,0,0.0
9,23,1,1,,,,38.8,0,0,0,0.0
9,24,1,1,,,,37.9,0,0,0,0.0
9,1,2,1,,,,37.8,0,0,0,0.0
9,2,2,1,,,,37.8,0,0,0,0.0
9,3,2,1,,,,37.6,0,0,0,0.0
9,4,2,1,,,,38.6,0,0,0,0.0
9,5,2,1,,,,38.6,0,0,0,0.0
9,6,2,1,,,,38.8,0,0,0,163.0
9,7,2,1,,,,38.6,0,0,0,499.0
9,8,2,1,,,,39.1,0,0,0,605.0
9,9,2,1,,,,46.6,0,0,0,689.0
9,10,2,1,,,,53.9,0,0,0,800.0
9,11,2,1,,,,63.2,0,0,0,839.0
9,12,2,1,,,,64.0,0,0,0,824.0
9,13,2,1,,,,63.6,0,0,0,792.0
9,14,2,1,,,,60.2,0,0,0,524.0
9,15,2,1,,,,60.9,0,0,0,295.0
9,16,2,1,,,,57.8,0,0,0,209.0
9,17,2,1,,,,54.0,0,0,0,154.0
9,18,2,1,,,,45.4,0,0,0,0.0
9,19,2,1,,,,42.3,0,0,0,0.0
9,20,2,1,,,,42.3,0,0,0,0.0
9,21,2,1,,,,43.3,0,0,0,0.0
9,22,2,1,,,,43.2,0,0,0,0.0
9,23,2,1,,,,42.7,0,0,0,0.0
9,24,2,1,,,,43.0,0,0,0,0.0
9,1,3,1,,,,43.1,0,0,0,0.0
9,2,3,1,,,,40.1,0,0,0,0.0
9,3,3,1,,,,40.2,0,0,0,0.0
9,4,3,1,,,,42.2,0,0,0,0.0
9,5,3,1,,,,42.1,0,0,0,0.0
9,6,3,1,,,,42.2,0,0,0,18.0
9,7,3,1,,,,41.9,0,0,0,105.0
9,8,3,1,,,,42.5,0,0,0,172.0
9,9,3,1,,,,47.6,0,0,0,203.0
9,10,3,1,,,,52.7,0,0,0,257.0
9,11,3,1,,,,57.7,0,0,0,310.0
9,12,3,1,,,,59.0,0,0,0,367.0
9,13,3,1,,,,58.0,0,0,0,414.0
9,14,3,1,,,,54.3,0,0,0,348.0
9,15,3,1,,,,57.3,0,0,0,186.0
9,16,3,1,,,,56.5,0,0,0,87.0
9,17,3,1,,,,51.2,0,0,0,17.0
9,18,3,1,,,,49.0,0,0,0,0.0
9,19,3,1,,,,43.7,0,0,0,0.0
9,20,3,1,,,,39.8,0,0,0,0.0
9,21,3,1,,,,41.9,0,0,0,0.0
9,22,3,1,,,,41.4,0,0,0,0.0
9,23,3,1,,,,41.0,0,0,0,0.0
9,24,3,1,,,,38.9,0,0,0,0.0
9,1,4,1,,,,38.5,0,0,0,0.0
9,2,4,1,,,,38.2,0,0,0,0.0
9,3,4,1,,,,38.6,0,0,0,0.0
9,4,4,1,,,,39.2,0,0,0,0.0
9,5,4,1,,,,39.8,0,0,0,0.0
9,6,4,1,,,,40.2,0,0,0,38.0
9,7,4,1,,,,39.6,0,0,0,232.0
9,8,4,1,,,,41.2,0,0,0,521.0
9,9,4,1,,,,47.6,0,0,0,602.0
9,10,4,1,,,,54.3,0,0,0,585.0
9,11,4,1,,,,57.1,0,0,0,621.0
9,12,4,1,,,,59.8,0,0,0,725.0
9,13,4,1,,,,60.2,0,0,0,778.0
9,14,4,1,,,,58.5,0,0,0,722.0
9,15,4,1,,,,60.3,0,0,0,615.0
9,16,4,1,,,,58.8,0,0,0,459.0
9,17,4,1,,,,53.8,0,0,0,193.0
9,18,4,1,,,,47.7,0,0,0,0.0
9,19,4,1,,,,45.6,0,0,0,0.0
9,20,4,1,,,,42.9,0,0,0,0.0
9,21,4,1,,,,41.1,0,0,0,0.0
9,22,4,1,,,,38.8,0,0,0,0.0
9,23,4,1,,,,39.4,0,0,0,0.0
9,24,4,1,,,,38.4,0,0,0,0.0
9,1,5,1,,,,38.0,0,0,0,0.0
9,2,5,1,,,,37.2,0,0,0,0.0
9,3,5,1,,,,38.4,0,0,0,0.0
9,4,5,1,,,,38.6,0,0,0,0.0
9,5,5,1,,,,38.1,0,0,0,0.0
9,6,5,1,,,,37.9,0,0,0,145.0
9,7,5,1,,,,38.6,0,0,0,483.0
9,8,5,1,,,,40.1,0,0,0,729.0
9,9,5,1,,,,47.1,0,0,0,792.0
9,10,5,1,,,,54.8,0,0,0,752.0
9,11,5,1,,,,59.6,0,0,0,746.0
9,12,5,1,,,,63.0,0,0,0,821.0
9,13,5,1,,,,65.0,0,0,0,774.0
9,14,5,1,,,,61.5,0,0,0,395.0
9,15,5,1,,,,63.1,0,0,0,128.0
9,16,5,1,,,,61.0,0,0,0,78.0
9,17,5,1,,,,57.0,0,0,0,26.0
9,18,5,1,,,,52.2,0,0,0,0.0
9,19,5,1,,,,46.7,0,0,0,0.0
9,20,5,1,,,,45.2,0,0,0,0.0
9,21,5,1,,,,42.9,0,0,0,0.0
9,22,5,1,,,,42.5,0,0,0,0.0
9,23,5,1,,,,42.8,0,0,0,0.0
9,24,5,1,,,,43.0,0,0,0,0.0
9,1,6,1,,,,43.5,0,0,0,0.0
9,2,6,1,,,,42.6,0,0,0,0.0
9,3,6,1,,,,42.4,0,0,0,0.0
9,4,6,1,,,,43.5,0,0,0,0.0
9,5,6,1,,,,42.9,0,0,0,0.0
9,6,6,1,,,,43.6,0,0,0,88.0
9,7,6,1,,,,43.8,0,0,0,327.0
9,8,6,1,,,,44.2,0,0,0,631.0
9,9,6,1,,,,52.8,0,0,0,758.0
9,10,6,1,,,,61.1,0,0,0,817.0
9,11,6,1,,,,65.0,0,0,0,833.0
9,12,6,1,,,,65.2,0,0,0,818.0
9,13,6,1,,,,67.1,0,0,0,821.0
9,14,6,1,,,,67.5,0,0,0,800.0
9,15,6,1,,,,67.8,0,0,0,729.0
9,16,6,1,,,,66.0,0,0,0,582.0
9,17,6,1,,,,63.3,0,0,0,292.0
9,18,6,1,,,,59.6,0,0,0,0.0
9,19,6,1,,,,53.4,0,0,0,0.0
9,20,6,1,,,,49.8,0,0,0,0.0
9,21,6,1,,,,48.6,0,0,0,0.0
9,22,6,1,,,,49.1,0,0,0,0.0
9,23,6,1,,,,48.2,0,0,0,0.0
9,24,6,1,,,,49.4,0,0,0,0.0
9,1,7,1,,,,50.6,0,0,0,0.0
9,2,7,1,,,,49.9,0,0,0,0.0
9,3,7,1,,,,50.4,0,0,0,0.0
9,4,7,1,,,,50.8,0,0,0,0.0
9,5,7,1,,,,52.8,0,0,0,0.0
9,6,7,1,,,,50.6,0,0,0,94.0
9,7,7,1,,,,50.3,0,0,0,379.0
9,8,7,1,,,,51.6,0,0,0,549.0
9,9,7,1,,,,49.8,0,0,0,639.0
9,10,7,1,,,,48.0,0,0,0,686.0
9,11,7,1,,,,45.8,0,0,0,697.0
9,12,7,1,,,,45.6,0,0,0,685.0
9,13,7,1,,,,46.8,0,0,0,751.0
9,14,7,1,,,,45.8,0,0,0,643.0
9,15,7,1,,,,44.3,0,0,0,443.0
9,16,7,1,,,,45.8,0,0,0,155.0
9,17,7,1,,,,45.4,0,0,0,39.0
9,18,7,1,,,,45.2,0,0,0,0.0
9,19,7,1,,,,45.1,0,0,0,0.0
9,20,7,1,,,,44.6,0,0,0,0.0
9,21,7,1,,,,45.4,0,0,0,0.0
9,22,7,1,,,,46.6,0,0,0,0.0
9,23,7,1,,,,46.2,0,0,0,0.0
9,24,7,1,,,,46.7,0,0,0,0.0
9,1,1,1,,,,48.0,0,0,0,0.0
9,2,1,1,,,,47.2,0,0,0,0.0
9,3,1,1,,,,48.0,0,0,0,0.0
9,4,1,1,,,,47.9,0,0,0,0.0
9,5,1,1,,,,47.0,0,0,0,0.0
9,6,1,1,,,,46.5,0,0,0,98.0
9,7,1,1,,,,46.4,0,0,0,400.0
9,8,1,1,,,,44.8,0,0,0,544.0
9,9,1,1,,,,45.4,0,0,0,561.0
9,10,1,1,,,,44.0,0,0,0,606.0
9,11,1,1,,,,44.4,0,0,0,668.0
9,12,1,1,,,,44.2,0,0,0,613.0
9,13,1,1,,,,44.0,0,0,0,367.0
9,14,1,1,,,,43.9,0,0,0,230.0
9,15,1,1,,,,44.1,0,0,0,148.0
9,16,1,1,,,,41.8,0,0,0,59.0
9,17,1,1,,,,41.9,0,0,0,9.0
9,18,1,1,,,,42.0,0,0,0,0.0
9,19,1,1,,,,43.0,0,0,0,0.0
9,20,1,1,,,,42.4,0,0,0,0.0
9,21,1,1,,,,41.9,0,0,0,0.0
9,22,1,1,,,,41.8,0,0,0,0.0
9,23,1,1,,,,42.0,0,0,0,0.0
9,24,1,1,,,,43.4,0,0,0,0.0
9,1,2,1,,,,42.9,0,0,0,0.0
9,2,2,1,,,,43.2,0,0,0,0.0
9,3,2,1,,,,43.4,0,0,0,0.0
9,4,2,1,,,,43.4,0,0,0,0.0
9,5,2,1,,,,43.3,0,0,0,0.0
9,6,2,1,,,,42.5,0,0,0,35.0
9,7,2,1,,,,42.8,0,0,0,136.0
9,8,2,1,,,,45.9,0,0,0,256.0
9,9,2,1,,,,51.0,0,0,0,450.0
9,10,2,1,,,,59.1,0,0,0,607.0
9,11,2,1,,,,67.3,0,0,0,683.0
9,12,2,1,,,,70.9,0,0,0,644.0
9,13,2,1,,,,72.3,0,0,0,590.0
9,14,2,1,,,,71.5,0,0,0,461.0
9,15,2,1,,,,72.6,0,0,0,343.0
9,16,2,1,,,,71.6,0,0,0,151.0
9,17,2,1,,,,63.9,0,0,0,34.0
9,18,2,1,,,,52.6,0,0,0,0.0
9,19,2,1,,,,48.3,0,0,0,0.0
9,20,2,1,,,,46.1,0,0,0,0.0
9,21,2,1,,,,43.9,0,0,0,0.0
9,22,2,1,,,,43.8,0,0,0,0.0
9,23,2,1,,,,43.0,0,0,0,0.0
9,24,2,1,,,,42.6,0,0,0,0.0
9,1,3,1,,,,42.7,0,0,0,0.0
9,2,3,1,,,,42.8,0,0,0,0.0
9,3,3,1,,,,43.5,0,0,0,0.0
9,4,3,1,,,,43.0,0,0,0,0.0
9,5,3,1,,,,42.6,0,0,0,0.0
9,6,3,1,,,,42.8,0,0,0,125.0
9,7,3,1,,,,42.4,0,0,0,474.0
9,8,3,1,,,,43.6,0,0,0,680.0
9,9,3,1,,,,53.6,0,0,0,757.0
9,10,3,1,,,,63.1,0,0,0,797.0
9,11,3,1,,,,64.1,0,0,0,813.0
9,12,3,1,,,,63.6,0,0,0,814.0
9,13,3,1,,,,61.2,0,0,0,800.0
9,14,3,1,,,,59.6,0,0,0,765.0
9,15,3,1,,,,64.8,0,0,0,695.0
9,16,3,1,,,,64.4,0,0,0,542.0
9,17,3,1,,,,58.0,0,0,0,178.0
9,18,3,1,,,,49.9,0,0,0,0.0
9,19,3,1,,,,45.8,0,0,0,0.0
9,20,3,1,,,,45.2,0,0,0,0.0
9,21,3,1,,,,44.6,0,0,0,0.0
9,22,3,1,,,,43.0,0,0,0,0.0
9,23,3,1,,,,43.6,0,0,0,0.0
9,24,3,1,,,,43.6,0,0,0,0.0
9,1,4,1,,,,43.2,0,0,0,0.0
9,2,4,1,,,,43.2,0,0,0,0.0
9,3,4,1,,,,43.8,0,0,0,0.0
9,4,4,1,,,,45.1,0,0,0,0.0
9,5,4,1,,,,43.4,0,0,0,0.0
9,6,4,1,,,,44.9,0,0,0,152.0
9,7,4,1,,,,43.1,0,0,0,469.0
9,8,4,1,,,,46.4,0,0,0,661.0
9,9,4,1,,,,56.3,0,0,0,745.0
9,10,4,1,,,,69.0,0,0,0,785.0
9,11,4,1,,,,69.2,0,0,0,804.0
9,12,4,1,,,,66.3,0,0,0,810.0
9,13,4,1,,,,62.8,0,0,0,798.0
9,14,4,1,,,,61.7,0,0,0,765.0
9,15,4,1,,,,62.4,0,0,0,689.0
9,16,4,1,,,,61.6,0,0,0,527.0
9,17,4,1,,,,60.1,0,0,0,156.0
9,18,4,1,,,,54.0,0,0,0,0.0
9,19,4,1,,,,47.5,0,0,0,0.0
9,20,4,1,,,,43.6,0,0,0,0.0
9,21,4,1,,,,42.8,0,0,0,0.0
9,22,4,1,,,,41.0,0,0,0,0.0
9,23,4,1,,,,41.0,0,0,0,0.0
9,24,4,1,,,,41.5,0,0,0,0.0
9,1,5,1,,,,41.2,0,0,0,0.0
9,2,5,1,,,,41.5,0,0,0,0.0
9,3,5,1,,,,43.1,0,0,0,0.0
9,4,5,1,,,,43.6,0,0,0,0.0
9,5,5,1,,,,44.4,0,0,0,0.0
9,6,5,1,,,,43.0,0,0,0,137.0
9,7,5,1,,,,43.2,0,0,0,459.0
9,8,5,1,,,,45.6,0,0,0,660.0
9,9,5,1,,,,51.3,0,0,0,752.0
9,10,5,1,,,,60.6,0,0,0,790.0
9,11,5,1,,,,61.5,0,0,0,808.0
9,12,5,1,,,,62.2,0,0,0,814.0
9,13,5,1,,,,58.1,0,0,0,804.0
9,14,5,1,,,,61.3,0,0,0,774.0
9,15,5,1,,,,61.3,0,0,0,698.0
9,16,5,1,,,,60.2,0,0,0,533.0
9,17,5,1,,,,58.6,0,0,0,141.0
9,18,5,1,,,,51.6,0,0,0,0.0
9,19,5,1,,,,46.8,0,0,0,0.0
9,20,5,1,,,,45.6,0,0,0,0.0
9,21,5,1,,,,43.8,0,0,0,0.0
9,22,5,1,,,,44.6,0,0,0,0.0
9,23,5,1,,,,43.6,0,0,0,0.0
9,24,5,1,,,,43.7,0,0,0,0.0
9,1,6,1,,,,44.2,0,0,0,0.0
9,2,6,1,,,,43.0,0,0,0,0.0
9,3,6,1,,,,45.2,0,0,0,0.0
9,4,6,1,,,,45.4,0,0,0,0.0
9,5,6,1,,,,44.8,0,0,0,0.0
9,6,6,1,,,,43.2,0,0,0,132.0
9,7,6,1,,,,43.8,0,0,0,450.0
9,8,6,1,,,,44.4,0,0,0,648.0
9,9,6,1,,,,51.9,0,0,0,736.0
9,10,6,1,,,,61.9,0,0,0,774.0
9,11,6,1,,,,66.8,0,0,0,792.0
9,12,6,1,,,,69.0,0,0,0,795.0
9,13,6,1,,,,70.7,0,0,0,783.0
9,14,6,1,,,,66.0,0,0,0,750.0
9,15,6,1,,,,70.1,0,0,0,677.0
9,16,6,1,,,,66.5,0,0,0,509.0
9,17,6,1,,,,63.2,0,0,0,117.0
9,18,6,1,,,,54.2,0,0,0,0.0
9,19,6,1,,,,48.0,0,0,0,0.0
9,20,6,1,,,,45.4,0,0,0,0.0
9,21,6,1,,,,44.8,0,0,0,0.0
9,22,6,1,,,,44.3,0,0,0,0.0
9,23,6,1,,,,42.2,0,0,0,0.0
9,24,6,1,,,,41.9,0,0,0,0.0
10,1,7,1,,,,42.8,0,0,0,0.0
10,2,7,1,,,,42.8,0,0,0,0.0
10,3,7,1,,,,43.0,0,0,0,0.0
10,4,7,1,,,,42.9,0,0,0,0.0
10,5,7,1,,,,43.7,0,0,0,0.0
10,6,7,1,,,,43.2,0,0,0,125.0
10,7,7,1,,,,42.7,0,0,0,447.0
10,8,7,1,,,,42.4,0,0,0,647.0
10,9,7,1,,,,42.1,0,0,0,738.0
10,10,7,1,,,,40.4,0,0,0,775.0
10,11,7,1,,,,39.7,0,0,0,796.0
10,12,7,1,,,,39.0,0,0,0,799.0
10,13,7,1,,,,39.7,0,0,0,785.0
10,14,7,1,,,,39.4,0,0,0,746.0
10,15,7,1,,,,39.5,0,0,0,662.0
10,16,7,1,,,,40.2,0,0,0,485.0
10,17,7,1,,,,40.2,0,0,0,96.0
10,18,7,1,,,,39.7,0,0,0,0.0
10,19,7,1,,,,39.4,0,0,0,0.0
10,20,7,1,,,,39.8,0,0,0,0.0
10,21,7,1,,,,39.5,0,0,0,0.0
10,22,7,1,,,,39.8,0,0,0,0.0
10,23,7,1,,,,39.9,0,0,0,0.0
10,24,7,1,,,,40.4,0,0,0,0.0
10,1,1,1,,,,40.3,0,0,0,0.0
10,2,1,1,,,,40.0,0,0,0,0.0
10,3,1,1,,,,40.1,0,0,0,0.0
10,4,1,1,,,,40.4,0,0,0,0.0
10,5,1,1,,,,39.9,0,0,0,0.0
10,6,1,1,,,,39.7,0,0,0,100.0
10,7,1,1,,,,39.4,0,0,0,408.0
10,8,1,1,,,,38.8,0,0,0,630.0
10,9,1,1,,,,38.9,0,0,0,730.0
10,10,1,1,,,,38.3,0,0,0,773.0
10,11,1,1,,,,39.1,0,0,0,792.0
10,12,1,1,,,,38.6,0,0,0,793.0
10,13,1,1,,,,39.4,0,0,0,780.0
10,14,1,1,,,,39.4,0,0,0,744.0
10,15,1,1,,,,39.4,0,0,0,663.0
10,16,1,1,,,,39.6,0,0,0,486.0
10,17,1,1,,,,39.5,0,0,0,83.0
10,18,1,1,,,,39.5,0,0,0,0.0
10,19,1,1,,,,39.5,0,0,0,0.0
10,20,1,1,,,,40.0,0,0,0,0.0
10,21,1,1,,,,39.4,0,0,0,0.0
10,22,1,1,,,,39.5,0,0,0,0.0
10,23,1,1,,,,39.4,0,0,0,0.0
10,24,1,1,,,,39.5,0,0,0,0.0
10,1,2,1,,,,39.4,0,0,0,0.0
10,2,2,1,,,,39.3,0,0,0,0.0
10,3,2,1,,,,39.8,0,0,0,0.0
10,4,2,1,,,,39.6,0,0,0,0.0
10,5,2,1,,,,39.8,0,0,0,0.0
10,6,2,1,,,,39.5,0,0,0,21.0
10,7,2,1,,,,39.8,0,0,0,131.0
10,8,2,1,,,,41.9,0,0,0,288.0
10,9,2,1,,,,48.9,0,0,0,496.0
10,10,2,1,,,,55.7,0,0,0,657.0
10,11,2,1,,,,62.0,0,0,0,743.0
10,12,2,1,,,,62.9,0,0,0,749.0
10,13,2,1,,,,63.6,0,0,0,740.0
10,14,2,1,,,,61.5,0,0,0,698.0
10,15,2,1,,,,62.8,0,0,0,597.0
10,16,2,1,,,,62.0,0,0,0,394.0
10,17,2,1,,,,57.1,0,0,0,48.0
10,18,2,1,,,,50.0,0,0,0,0.0
10,19,2,1,,,,45.5,0,0,0,0.0
10,20,2,1,,,,43.1,0,0,0,0.0
10,21,2,1,,,,42.5,0,0,0,0.0
10,22,2,1,,,,42.7,0,0,0,0.0
10,23,2,1,,,,41.7,0,0,0,0.0
10,24,2,1,,,,40.7,0,0,0,0.0
10,1,3,1,,,,41.0,0,0,0,0.0
10,2,3,1,,,,40.2,0,0,0,0.0
10,3,3,1,,,,40.1,0,0,0,0.0
10,4,3,1,,,,40.8,0,0,0,0.0
10,5,3,1,,,,41.0,0,0,0,0.0
10,6,3,1,,,,41.6,0,0,0,33.0
10,7,3,1,,,,41.7,0,0,0,337.0
10,8,3,1,,,,43.3,0,0,0,654.0
10,9,3,1,,,,50.2,0,0,0,774.0
10,10,3,1,,,,58.0,0,0,0,789.0
10,11,3,1,,,,61.0,0,0,0,843.0
10,12,3,1,,,,61.1,0,0,0,840.0
10,13,3,1,,,,60.1,0,0,0,770.0
10,14,3,1,,,,58.5,0,0,0,601.0
10,15,3,1,,,,60.3,0,0,0,235.0
10,16,3,1,,,,59.5,0,0,0,50.0
10,17,3,1,,,,54.4,0,0,0,2.0
10,18,3,1,,,,49.5,0,0,0,0.0
10,19,3,1,,,,44.8,0,0,0,0.0
10,20,3,1,,,,42.7,0,0,0,0.0
10,21,3,1,,,,42.7,0,0,0,0.0
10,22,3,1,,,,41.5,0,0,0,0.0
10,23,3,1,,,,41.3,0,0,0,0.0
10,24,3,1,,,,39.6,0,0,0,0.0
10,1,4,1,,,,39.0,0,0,0,0.0
10,2,4,1,,,,38.4,0,0,0,0.0
10,3,4,1,,,,39.0,0,0,0,0.0
10,4,4,1,,,,39.7,0,0,0,0.0
10,5,4,1,,,,39.4,0,0,0,0.0
10,6,4,1,,,,39.8,0,0,0,40.0
10,7,4,1,,,,39.9,0,0,0,260.0
10,8,4,1,,,,42.7,0,0,0,480.0
10,9,4,1,,,,48.7,0,0,0,658.0
10,10,4,1,,,,55.5,0,0,0,746.0
10,11,4,1,,,,57.5,0,0,0,772.0
10,12,4,1,,,,58.2,0,0,0,778.0
10,13,4,1,,,,57.9,0,0,0,605.0
10,14,4,1,,,,58.1,0,0,0,578.0
10,15,4,1,,,,57.8,0,0,0,376.0
10,16,4,1,,,,56.0,0,0,0,181.0
10,17,4,1,,,,53.4,0,0,0,13.0
10,18,4,1,,,,48.1,0,0,0,0.0
10,19,4,1,,,,44.2,0,0,0,0.0
10,20,4,1,,,,41.7,0,0,0,0.0
10,21,4,1,,,,40.3,0,0,0,0.0
10,22,4,1,,,,39.2,0,0,0,0.0
10,23,4,1,,,,38.9,0,0,0,0.0
10,24,4,1,,,,39.2,0,0,0,0.0
10,1,5,1,,,,39.8,0,0,0,0.0
10,2,5,1,,,,39.4,0,0,0,0.0
10,3,5,1,,,,40.2,0,0,0,0.0
10,4,5,1,,,,40.2,0,0,0,0.0
10,5,5,1,,,,40.7,0,0,0,0.0
10,6,5,1,,,,40.4,0,0,0,14.0
10,7,5,1,,,,40.7,0,0,0,104.0
10,8,5,1,,,,42.7,0,0,0,364.0
10,9,5,1,,,,49.0,0,0,0,660.0
10,10,5,1,,,,56.0,0,0,0,603.0
10,11,5,1,,,,60.3,0,0,0,457.0
10,12,5,1,,,,61.0,0,0,0,399.0
10,13,5,1,,,,60.9,0,0,0,389.0
10,14,5,1,,,,59.8,0,0,0,377.0
10,15,5,1,,,,60.1,0,0,0,467.0
10,16,5,1,,,,55.8,0,0,0,403.0
10,17,5,1,,,,53.0,0,0,0,30.0
10,18,5,1,,,,48.3,0,0,0,0.0
10,19,5,1,,,,45.5,0,0,0,0.0
10,20,5,1,,,,43.5,0,0,0,0.0
10,21,5,1,,,,42.2,0,0,0,0.0
10,22,5,1,,,,41.7,0,0,0,0.0
10,23,5,1,,,,41.5,0,0,0,0.0
10,24,5,1,,,,41.4,0,0,0,0.0
10,1,6,1,,,,41.3,0,0,0,0.0
10,2,6,1,,,,40.8,0,0,0,0.0
10,3,6,1,,,,41.5,0,0,0,0.0
10,4,6,1,,,,40.3,0,0,0,0.0
10,5,6,1,,,,40.2,0,0,0,0.0
10,6,6,1,,,,40.1,0,0,0,4.0
10,7,6,1,,,,40.4,0,0,0,51.0
10,8,6,1,,,,41.3,0,0,0,108.0
10,9,6,1,,,,49.1,0,0,0,168.0
10,10,6,1,,,,56.5,0,0,0,377.0
10,11,6,1,,,,60.9,0,0,0,554.0
10,12,6,1,,,,61.5,0,0,0,672.0
10,13,6,1,,,,60.8,0,0,0,730.0
10,14,6,1,,,,59.1,0,0,0,660.0
10,15,6,1,,,,61.4,0,0,0,538.0
10,16,6,1,,,,59.6,0,0,0,182.0
10,17,6,1,,,,57.5,0,0,0,16.0
10,18,6,1,,,,51.4,0,0,0,0.0
10,19,6,1,,,,46.4,0,0,0,0.0
10,20,6,1,,,,42.9,0,0,0,0.0
10,21,6,1,,,,41.9,0,0,0,0.0
10,22,6,1,,,,42.0,0,0,0,0.0
10,23,6,1,,,,41.3,0,0,0,0.0
10,24,6,1,,,,41.8,0,0,0,0.0
10,1,7,1,,,,42.9,0,0,0,0.0
10,2,7,1,,,,42.7,0,0,0,0.0
10,3,7,1,,,,42.7,0,0,0,0.0
10,4,7,1,,,,42.8,0,0,0,0.0
10,5,7,1,,,,43.1,0,0,0,0.0
10,6,7,1,,,,43.0,0,0,0,7.0
10,7,7,1,,,,42.7,0,0,0,159.0
10,8,7,1,,,,42.2,0,0,0,333.0
10,9,7,1,,,,42.5,0,0,0,425.0
10,10,7,1,,,,41.8,0,0,0,424.0
10,11,7,1,,,,41.3,0,0,0,333.0
10,12,7,1,,,,40.4,0,0,0,229.0
10,13,7,1,,,,41.1,0,0,0,166.0
10,14,7,1,,,,40.6,0,0,0,94.0
10,15,7,1,,,,40.5,0,0,0,47.0
10,16,7,1,,,,41.2,0,0,0,17.0
10,17,7,1,,,,41.5,0,0,0,0.0
10,18,7,1,,,,41.0,0,0,0,0.0
10,19,7,1,,,,40.5,0,0,0,0.0
10,20,7,1,,,,40.5,0,0,0,0.0
10,21,7,1,,,,40.2,0,0,0,0.0
10,22,7,1,,,,40.3,0,0,0,0.0
10,23,7,1,,,,40.4,0,0,0,0.0
10,24,7,1,,,,40.8,0,0,0,0.0
10,1,1,1,,,,40.9,0,0,0,0.0
10,2,1,1,,,,40.4,0,0,0,0.0
10,3,1,1,,,,40.2,0,0,0,0.0
10,4,1,1,,,,40.7,0,0,0,0.0
10,5,1,1,,,,40.3,0,0,0,0.0
10,6,1,1,,,,40.3,0,0,0,0.0
10,7,1,1,,,,40.1,0,0,0,30.0
10,8,1,1,,,,39.2,0,0,0,151.0
10,9,1,1,,,,39.3,0,0,0,324.0
10,10,1,1,,,,39.0,0,0,0,440.0
10,11,1,1,,,,39.8,0,0,0,409.0
10,12,1,1,,,,39.5,0,0,0,435.0
10,13,1,1,,,,40.0,0,0,0,436.0
10,14,1,1,,,,40.4,0,0,0,274.0
10,15,1,1,,,,40.4,0,0,0,147.0
10,16,1,1,,,,41.0,0,0,0,51.0
10,17,1,1,,,,41.0,0,0,0,0.0
10,18,1,1,,,,41.0,0,0,0,0.0
10,19,1,1,,,,40.9,0,0,0,0.0
10,20,1,1,,,,40.9,0,0,0,0.0
10,21,1,1,,,,40.5,0,0,0,0.0
10,22,1,1,,,,40.6,0,0,0,0.0
10,23,1,1,,,,40.3,0,0,0,0.0
10,24,1,1,,,,40.7,0,0,0,0.0
10,1,2,1,,,,40.4,0,0,0,0.0
10,2,2,1,,,,40.0,0,0,0,0.0
10,3,2,1,,,,40.5,0,0,0,0.0
10,4,2,1,,,,40.4,0,0,0,0.0
10,5,2,1,,,,40.5,0,0,0,0.0
10,6,2,1,,,,40.6,0,0,0,14.0
10,7,2,1,,,,41.2,0,0,0,265.0
10,8,2,1,,,,43.2,0,0,0,470.0
10,9,2,1,,,,50.4,0,0,0,640.0
10,10,2,1,,,,57.4,0,0,0,702.0
10,11,2,1,,,,63.9,0,0,0,657.0
10,12,2,1,,,,64.4,0,0,0,560.0
10,13,2,1,,,,64.9,0,0,0,375.0
10,14,2,1,,,,63.1,0,0,0,182.0
10,15,2,1,,,,64.9,0,0,0,106.0
10,16,2,1,,,,63.4,0,0,0,56.0
10,17,2,1,,,,59.6,0,0,0,1.0
10,18,2,1,,,,53.5,0,0,0,0.0
10,19,2,1,,,,48.2,0,0,0,0.0
10,20,2,1,,,,44.7,0,0,0,0.0
10,21,2,1,,,,43.2,0,0,0,0.0
10,22,2,1,,,,43.3,0,0,0,0.0
10,23,2,1,,,,42.2,0,0,0,0.0
10,24,2,1,,,,40.9,0,0,0,0.0
10,1,3,1,,,,40.9,0,0,0,0.0
10,2,3,1,,,,40.3,0,0,0,0.0
10,3,3,1,,,,40.3,0,0,0,0.0
10,4,3,1,,,,40.9,0,0,0,0.0
10,5,3,1,,,,40.9,0,0,0,0.0
10,6,3,1,,,,41.7,0,0,0,2.0
10,7,3,1,,,,42.1,0,0,0,110.0
10,8,3,1,,,,43.2,0,0,0,319.0
10,9,3,1,,,,50.4,0,0,0,365.0
10,10,3,1,,,,59.2,0,0,0,430.0
10,11,3,1,,,,64.1,0,0,0,587.0
10,12,3,1,,,,63.5,0,0,0,668.0
10,13,3,1,,,,62.8,0,0,0,555.0
10,14,3,1,,,,61.8,0,0,0,266.0
10,15,3,1,,,,63.1,0,0,0,135.0
10,16,3,1,,,,62.4,0,0,0,90.0
10,17,3,1,,,,58.0,0,0,0,1.0
10,18,3,1,,,,52.4,0,0,0,0.0
10,19,3,1,,,,47.4,0,0,0,0.0
10,20,3,1,,,,44.1,0,0,0,0.0
10,21,3,1,,,,43.8,0,0,0,0.0
10,22,3,1,,,,42.6,0,0,0,0.0
10,23,3,1,,,,42.3,0,0,0,0.0
10,24,3,1,,,,41.2,0,0,0,0.0
10,1,4,1,,,,40.6,0,0,0,0.0
10,2,4,1,,,,40.2,0,0,0,0.0
10,3,4,1,,,,40.7,0,0,0,0.0
10,4,4,1,,,,40.9,0,0,0,0.0
10,5,4,1,,,,40.8,0,0,0,0.0
10,6,4,1,,,,41.1,0,0,0,0.0
10,7,4,1,,,,41.7,0,0,0,17.0
10,8,4,1,,,,44.0,0,0,0,95.0
10,9,4,1,,,,51.0,0,0,0,235.0
10,10,4,1,,,,58.1,0,0,0,417.0
10,11,4,1,,,,61.2,0,0,0,559.0
10,12,4,1,,,,61.8,0,0,0,608.0
10,13,4,1,,,,61.3,0,0,0,612.0
10,14,4,1,,,,61.9,0,0,0,461.0
10,15,4,1,,,,61.7,0,0,0,167.0
10,16,4,1,,,,59.8,0,0,0,71.0
10,17,4,1,,,,58.0,0,0,0,0.0
10,18,4,1,,,,52.5,0,0,0,0.0
10,19,4,1,,,,47.3,0,0,0,0.0
10,20,4,1,,,,44.4,0,0,0,0.0
10,21,4,1,,,,42.8,0,0,0,0.0
10,22,4,1,,,,41.5,0,0,0,0.0
10,23,4,1,,,,41.2,0,0,0,0.0
10,24,4,1,,,,40.1,0,0,0,0.0
10,1,5,1,,,,40.0,0,0,0,0.0
10,2,5,1,,,,39.7,0,0,0,0.0
10,3,5,1,,,,40.2,0,0,0,0.0
10,4,5,1,,,,40.3,0,0,0,0.0
10,5,5,1,,,,40.6,0,0,0,0.0
10,6,5,1,,,,40.7,0,0,0,0.0
10,7,5,1,,,,41.2,0,0,0,41.0
10,8,5,1,,,,42.2,0,0,0,171.0
10,9,5,1,,,,49.0,0,0,0,341.0
10,10,5,1,,,,57.4,0,0,0,469.0
10,11,5,1,,,,61.9,0,0,0,483.0
10,12,5,1,,,,61.8,0,0,0,305.0
10,13,5,1,,,,62.4,0,0,0,176.0
10,14,5,1,,,,61.8,0,0,0,190.0
10,15,5,1,,,,62.1,0,0,0,100.0
10,16,5,1,,,,58.9,0,0,0,64.0
10,17,5,1,,,,56.2,0,0,0,0.0
10,18,5,1,,,,51.6,0,0,0,0.0
10,19,5,1,,,,47.4,0,0,0,0.0
10,20,5,1,,,,44.7,0,0,0,0.0
10,21,5,1,,,,43.4,0,0,0,0.0
10,22,5,1,,,,43.1,0,0,0,0.0
10,23,5,1,,,,42.6,0,0,0,0.0
10,24,5,1,,,,42.1,0,0,0,0.0
10,1,6,1,,,,41.8,0,0,0,0.0
10,2,6,1,,,,41.2,0,0,0,0.0
10,3,6,1,,,,41.9,0,0,0,0.0
10,4,6,1,,,,34.7,0,0,0,0.0
10,5,6,1,,,,34.6,0,0,0,0.0
10,6,6,1,,,,34.6,0,0,0,6.0
10,7,6,1,,,,34.9,0,0,0,338.0
10,8,6,1,,,,35.3,0,0,0,621.0
10,9,6,1,,,,42.3,0,0,0,750.0
10,10,6,1,,,,49.3,0,0,0,815.0
10,11,6,1,,,,52.9,0,0,0,848.0
10,12,6,1,,,,53.3,0,0,0,859.0
10,13,6,1,,,,52.6,0,0,0,853.0
10,14,6,1,,,,51.2,0,0,0,822.0
10,15,6,1,,,,53.2,0,0,0,732.0
10,16,6,1,,,,51.7,0,0,0,525.0
10,17,6,1,,,,50.8,0,0,0,9.0
10,18,6,1,,,,45.8,0,0,0,0.0
10,19,6,1,,,,41.4,0,0,0,0.0
10,20,6,1,,,,37.6,0,0,0,0.0
10,21,6,1,,,,36.2,0,0,0,0.0
10,22,6,1,,,,36.2,0,0,0,0.0
10,23,6,1,,,,35.6,0,0,0,0.0
10,24,6,1,,,,38.7,0,0,0,0.0
10,1,7,1,,,,42.9,0,0,0,0.0
10,2,7,1,,,,42.9,0,0,0,0.0
10,3,7,1,,,,42.8,0,0,0,0.0
10,4,7,1,,,,43.0,0,0,0,0.0
10,5,7,1,,,,43.5,0,0,0,0.0
10,6,7,1,,,,43.1,0,0,0,4.0
10,7,7,1,,,,42.6,0,0,0,342.0
10,8,7,1,,,,42.4,0,0,0,639.0
10,9,7,1,,,,42.2,0,0,0,780.0
10,10,7,1,,,,40.8,0,0,0,839.0
10,11,7,1,,,,40.2,0,0,0,868.0
10,12,7,1,,,,39.3,0,0,0,876.0
10,13,7,1,,,,40.0,0,0,0,868.0
10,14,7,1,,,,39.5,0,0,0,836.0
10,15,7,1,,,,39.7,0,0,0,758.0
10,16,7,1,,,,40.5,0,0,0,570.0
10,17,7,1,,,,40.6,0,0,0,11.0
10,18,7,1,,,,40.1,0,0,0,0.0
10,19,7,1,,,,39.7,0,0,0,0.0
10,20,7,1,,,,39.9,0,0,0,0.0
10,21,7,1,,,,39.8,0,0,0,0.0
10,22,7,1,,,,40.0,0,0,0,0.0
10,23,7,1,,,,40.1,0,0,0,0.0
10,24,7,1,,,,40.7,0,0,0,0.0
10,1,1,1,,,,40.8,0,0,0,0.0
10,2,1,1,,,,40.2,0,0,0,0.0
10,3,1,1,,,,40.4,0,0,0,0.0
10,4,1,1,,,,40.6,0,0,0,0.0
10,5,1,1,,,,40.1,0,0,0,0.0
10,6,1,1,,,,40.0,0,0,0,0.0
10,7,1,1,,,,39.8,0,0,0,20.0
10,8,1,1,,,,39.0,0,0,0,100.0
10,9,1,1,,,,39.2,0,0,0,422.0
10,10,1,1,,,,38.8,0,0,0,702.0
10,11,1,1,,,,39.6,0,0,0,702.0
10,12,1,1,,,,39.2,0,0,0,536.0
10,13,1,1,,,,39.8,0,0,0,455.0
10,14,1,1,,,,40.0,0,0,0,378.0
10,15,1,1,,,,40.0,0,0,0,286.0
10,16,1,1,,,,40.4,0,0,0,144.0
10,17,1,1,,,,40.2,0,0,0,0.0
10,18,1,1,,,,40.0,0,0,0,0.0
10,19,1,1,,,,40.2,0,0,0,0.0
10,20,1,1,,,,40.5,0,0,0,0.0
10,21,1,1,,,,39.8,0,0,0,0.0
10,22,1,1,,,,40.2,0,0,0,0.0
10,23,1,1,,,,39.8,0,0,0,0.0
10,24,1,1,,,,40.3,0,0,0,0.0
10,1,2,1,,,,40.1,0,0,0,0.0
10,2,2,1,,,,39.7,0,0,0,0.0
10,3,2,1,,,,40.1,0,0,0,0.0
10,4,2,1,,,,40.0,0,0,0,0.0
10,5,2,1,,,,40.2,0,0,0,0.0
10,6,2,1,,,,40.1,0,0,0,0.0
10,7,2,1,,,,40.5,0,0,0,102.0
10,8,2,1,,,,42.4,0,0,0,345.0
10,9,2,1,,,,49.4,0,0,0,606.0
10,10,2,1,,,,56.4,0,0,0,681.0
10,11,2,1,,,,62.8,0,0,0,693.0
10,12,2,1,,,,63.4,0,0,0,549.0
10,13,2,1,,,,64.2,0,0,0,179.0
10,14,2,1,,,,62.0,0,0,0,69.0
10,15,2,1,,,,63.9,0,0,0,51.0
10,16,2,1,,,,62.7,0,0,0,32.0
10,17,2,1,,,,58.1,0,0,0,0.0
10,18,2,1,,,,51.6,0,0,0,0.0
10,19,2,1,,,,46.8,0,0,0,0.0
10,20,2,1,,,,43.9,0,0,0,0.0
10,21,2,1,,,,43.2,0,0,0,0.0
10,22,2,1,,,,43.2,0,0,0,0.0
10,23,2,1,,,,42.5,0,0,0,0.0
10,24,2,1,,,,41.0,0,0,0,0.0
10,1,3,1,,,,41.1,0,0,0,0.0
10,2,3,1,,,,40.5,0,0,0,0.0
10,3,3,1,,,,40.2,0,0,0,0.0
10,4,3,1,,,,40.6,0,0,0,0.0
10,5,3,1,,,,41.0,0,0,0,0.0
10,6,3,1,,,,41.9,0,0,0,0.0
10,7,3,1,,,,42.2,0,0,0,221.0
10,8,3,1,,,,44.3,0,0,0,532.0
10,9,3,1,,,,52.2,0,0,0,673.0
10,10,3,1,,,,59.7,0,0,0,761.0
10,11,3,1,,,,62.8,0,0,0,788.0
10,12,3,1,,,,62.2,0,0,0,769.0
10,13,3,1,,,,61.0,0,0,0,736.0
10,14,3,1,,,,60.4,0,0,0,622.0
10,15,3,1,,,,61.8,0,0,0,382.0
10,16,3,1,,,,61.2,0,0,0,187.0
10,17,3,1,,,,56.6,0,0,0,0.0
10,18,3,1,,,,51.7,0,0,0,0.0
10,19,3,1,,,,46.9,0,0,0,0.0
10,20,3,1,,,,44.4,0,0,0,0.0
10,21,3,1,,,,43.8,0,0,0,0.0
10,22,3,1,,,,42.4,0,0,0,0.0
10,23,3,1,,,,41.9,0,0,0,0.0
10,24,3,1,,,,37.4,0,0,0,0.0
10,1,4,1,,,,33.1,0,0,0,0.0
10,2,4,1,,,,32.8,0,0,0,0.0
10,3,4,1,,,,33.5,0,0,0,0.0
10,4,4,1,,,,33.8,0,0,0,0.0
10,5,4,1,,,,33.9,0,0,0,0.0
10,6,4,1,,,,34.3,0,0,0,0.0
10,7,4,1,,,,35.0,0,0,0,57.0
10,8,4,1,,,,38.3,0,0,0,484.0
10,9,4,1,,,,42.8,0,0,0,710.0
10,10,4,1,,,,47.2,0,0,0,751.0
10,11,4,1,,,,50.0,0,0,0,698.0
10,12,4,1,,,,51.0,0,0,0,585.0
10,13,4,1,,,,51.4,0,0,0,440.0
10,14,4,1,,,,51.9,0,0,0,265.0
10,15,4,1,,,,51.1,0,0,0,131.0
10,16,4,1,,,,49.3,0,0,0,60.0
10,17,4,1,,,,47.0,0,0,0,0.0
10,18,4,1,,,,42.5,0,0,0,0.0
10,19,4,1,,,,38.6,0,0,0,0.0
10,20,4,1,,,,37.2,0,0,0,0.0
10,21,4,1,,,,35.4,0,0,0,0.0
10,22,4,1,,,,34.4,0,0,0,0.0
10,23,4,1,,,,33.9,0,0,0,0.0
10,24,4,1,,,,36.5,0,0,0,0.0
10,1,5,1,,,,40.1,0,0,0,0.0
10,2,5,1,,,,39.7,0,0,0,0.0
10,3,5,1,,,,40.0,0,0,0,0.0
10,4,5,1,,,,40.1,0,0,0,0.0
10,5,5,1,,,,40.3,0,0,0,0.0
10,6,5,1,,,,40.6,0,0,0,0.0
10,7,5,1,,,,41.3,0,0,0,33.0
10,8,5,1,,,,44.3,0,0,0,226.0
10,9,5,1,,,,51.4,0,0,0,678.0
10,10,5,1,,,,57.1,0,0,0,762.0
10,11,5,1,,,,61.7,0,0,0,738.0
10,12,5,1,,,,61.1,0,0,0,730.0
10,13,5,1,,,,62.0,0,0,0,692.0
10,14,5,1,,,,60.5,0,0,0,517.0
10,15,5,1,,,,60.7,0,0,0,187.0
10,16,5,1,,,,55.7,0,0,0,51.0
10,17,5,1,,,,52.6,0,0,0,0.0
10,18,5,1,,,,48.7,0,0,0,0.0
10,19,5,1,,,,46.4,0,0,0,0.0
10,20,5,1,,,,44.1,0,0,0,0.0
10,21,5,1,,,,43.4,0,0,0,0.0
10,22,5,1,,,,42.4,0,0,0,0.0
10,23,5,1,,,,42.3,0,0,0,0.0
10,24,5,1,,,,41.0,0,0,0,0.0
10,1,6,1,,,,40.5,0,0,0,0.0
10,2,6,1,,,,40.1,0,0,0,0.0
10,3,6,1,,,,40.5,0,0,0,0.0
10,4,6,1,,,,40.5,0,0,0,0.0
10,5,6,1,,,,40.7,0,0,0,0.0
10,6,6,1,,,,40.5,0,0,0,0.0
10,7,6,1,,,,41.9,0,0,0,51.0
10,8,6,1,,,,43.5,0,0,0,159.0
10,9,6,1,,,,51.0,0,0,0,318.0
10,10,6,1,,,,56.8,0,0,0,424.0
10,11,6,1,,,,60.2,0,0,0,505.0
10,12,6,1,,,,59.3,0,0,0,561.0
10,13,6,1,,,,59.8,0,0,0,470.0
10,14,6,1,,,,59.4,0,0,0,233.0
10,15,6,1,,,,60.8,0,0,0,91.0
10,16,6,1,,,,58.8,0,0,0,24.0
10,17,6,1,,,,57.0,0,0,0,0.0
10,18,6,1,,,,51.9,0,0,0,0.0
10,19,6,1,,,,47.7,0,0,0,0.0
10,20,6,1,,,,44.6,0,0,0,0.0
10,21,6,1,,,,42.5,0,0,0,0.0
10,22,6,1,,,,42.6,0,0,0,0.0
10,23,6,1,,,,42.5,0,0,0,0.0
10,24,6,1,,,,42.2,0,0,0,0.0
10,1,7,1,,,,42.9,0,0,0,0.0
10,2,7,1,,,,42.7,0,0,0,0.0
10,3,7,1,,,,42.7,0,0,0,0.0
10,4,7,1,,,,42.8,0,0,0,0.0
10,5,7,1,,,,43.1,0,0,0,0.0
10,6,7,1,,,,43.0,0,0,0,0.0
10,7,7,1,,,,42.7,0,0,0,197.0
10,8,7,1,,,,42.2,0,0,0,554.0
10,9,7,1,,,,42.5,0,0,0,723.0
10,10,7,1,,,,41.8,0,0,0,801.0
10,11,7,1,,,,41.3,0,0,0,839.0
10,12,7,1,,,,40.4,0,0,0,852.0
10,13,7,1,,,,41.1,0,0,0,842.0
10,14,7,1,,,,40.6,0,0,0,799.0
10,15,7,1,,,,40.5,0,0,0,685.0
10,16,7,1,,,,41.2,0,0,0,375.0
10,17,7,1,,,,41.5,0,0,0,0.0
10,18,7,1,,,,41.0,0,0,0,0.0
10,19,7,1,,,,40.5,0,0,0,0.0
10,20,7,1,,,,40.5,0,0,0,0.0
10,21,7,1,,,,40.2,0,0,0,0.0
10,22,7,1,,,,40.3,0,0,0,0.0
10,23,7,1,,,,40.4,0,0,0,0.0
10,24,7,1,,,,40.8,0,0,0,0.0
10,1,1,1,,,,40.9,0,0,0,0.0
10,2,1,1,,,,40.4,0,0,0,0.0
10,3,1,1,,,,40.2,0,0,0,0.0
10,4,1,1,,,,40.7,0,0,0,0.0
10,5,1,1,,,,40.3,0,0,0,0.0
10,6,1,1,,,,40.3,0,0,0,0.0
10,7,1,1,,,,40.1,0,0,0,109.0
10,8,1,1,,,,39.2,0,0,0,376.0
10,9,1,1,,,,39.3,0,0,0,488.0
10,10,1,1,,,,39.0,0,0,0,601.0
10,11,1,1,,,,39.8,0,0,0,684.0
10,12,1,1,,,,39.5,0,0,0,693.0
10,13,1,1,,,,40.0,0,0,0,667.0
10,14,1,1,,,,40.4,0,0,0,583.0
10,15,1,1,,,,40.4,0,0,0,398.0
10,16,1,1,,,,41.0,0,0,0,166.0
10,17,1,1,,,,41.0,0,0,0,0.0
10,18,1,1,,,,41.0,0,0,0,0.0
10,19,1,1,,,,40.9,0,0,0,0.0
10,20,1,1,,,,40.9,0,0,0,0.0
10,21,1,1,,,,40.5,0,0,0,0.0
10,22,1,1,,,,40.6,0,0,0,0.0
10,23,1,1,,,,40.3,0,0,0,0.0
10,24,1,1,,,,40.7,0,0,0,0.0
10,1,2,1,,,,40.4,0,0,0,0.0
10,2,2,1,,,,40.0,0,0,0,0.0
10,3,2,1,,,,40.5,0,0,0,0.0
10,4,2,1,,,,40.4,0,0,0,0.0
10,5,2,1,,,,40.5,0,0,0,0.0
10,6,2,1,,,,40.6,0,0,0,0.0
10,7,2,1,,,,41.2,0,0,0,47.0
10,8,2,1,,,,43.2,0,0,0,223.0
10,9,2,1,,,,50.4,0,0,0,472.0
10,10,2,1,,,,57.4,0,0,0,657.0
10,11,2,1,,,,63.9,0,0,0,750.0
10,12,2,1,,,,64.4,0,0,0,788.0
10,13,2,1,,,,64.9,0,0,0,769.0
10,14,2,1,,,,63.1,0,0,0,626.0
10,15,2,1,,,,67.4,0,0,0,272.0
10,16,2,1,,,,65.4,0,0,0,48.0
10,17,2,1,,,,60.6,0,0,0,0.0
10,18,2,1,,,,54.9,0,0,0,0.0
10,19,2,1,,,,49.7,0,0,0,0.0
10,20,2,1,,,,46.6,0,0,0,0.0
10,21,2,1,,,,46.2,0,0,0,0.0
10,22,2,1,,,,45.7,0,0,0,0.0
10,23,2,1,,,,44.5,0,0,0,0.0
10,24,2,1,,,,41.7,0,0,0,0.0
10,1,3,1,,,,41.8,0,0,0,0.0
10,2,3,1,,,,42.4,0,0,0,0.0
10,3,3,1,,,,41.6,0,0,0,0.0
10,4,3,1,,,,40.8,0,0,0,0.0
10,5,3,1,,,,42.8,0,0,0,0.0
10,6,3,1,,,,44.4,0,0,0,0.0
10,7,3,1,,,,43.5,0,0,0,3.0
10,8,3,1,,,,51.6,0,0,0,38.0
10,9,3,1,,,,62.1,0,0,0,118.0
10,10,3,1,,,,66.5,0,0,0,334.0
10,11,3,1,,,,67.3,0,0,0,613.0
10,12,3,1,,,,64.7,0,0,0,718.0
10,13,3,1,,,,61.8,0,0,0,689.0
10,14,3,1,,,,63.0,0,0,0,591.0
10,15,3,1,,,,61.5,0,0,0,361.0
10,16,3,1,,,,62.2,0,0,0,74.0
10,17,3,1,,,,58.0,0,0,0,0.0
10,18,3,1,,,,53.3,0,0,0,0.0
10,19,3,1,,,,49.0,0,0,0,0.0
10,20,3,1,,,,47.4,0,0,0,0.0
10,21,3,1,,,,44.8,0,0,0,0.0
10,22,3,1,,,,42.4,0,0,0,0.0
10,23,3,1,,,,41.0,0,0,0,0.0
10,24,3,1,,,,40.9,0,0,0,0.0
10,1,4,1,,,,39.4,0,0,0,0.0
10,2,4,1,,,,39.5,0,0,0,0.0
10,3,4,1,,,,41.3,0,0,0,0.0
10,4,4,1,,,,42.3,0,0,0,0.0
10,5,4,1,,,,42.0,0,0,0,0.0
10,6,4,1,,,,43.7,0,0,0,0.0
10,7,4,1,,,,45.5,0,0,0,19.0
10,8,4,1,,,,54.9,0,0,0,152.0
10,9,4,1,,,,61.8,0,0,0,316.0
10,10,4,1,,,,64.2,0,0,0,230.0
10,11,4,1,,,,67.0,0,0,0,208.0
10,12,4,1,,,,67.7,0,0,0,326.0
10,13,4,1,,,,67.9,0,0,0,317.0
10,14,4,1,,,,68.7,0,0,0,212.0
10,15,4,1,,,,65.6,0,0,0,113.0
10,16,4,1,,,,62.3,0,0,0,21.0
10,17,4,1,,,,59.8,0,0,0,0.0
10,18,4,1,,,,55.1,0,0,0,0.0
10,19,4,1,,,,48.5,0,0,0,0.0
10,20,4,1,,,,50.0,0,0,0,0.0
10,21,4,1,,,,46.0,0,0,0,0.0
10,22,4,1,,,,43.6,0,0,0,0.0
10,23,4,1,,,,42.0,0,0,0,0.0
10,24,4,1,,,,40.2,0,0,0,0.0
10,1,5,1,,,,40.4,0,0,0,0.0
10,2,5,1,,,,40.4,0,0,0,0.0
10,3,5,1,,,,40.2,0,0,0,0.0
10,4,5,1,,,,40.6,0,0,0,0.0
10,5,5,1,,,,41.0,0,0,0,0.0
10,6,5,1,,,,42.4,0,0,0,0.0
10,7,5,1,,,,44.8,0,0,0,2.0
10,8,5,1,,,,56.8,0,0,0,51.0
10,9,5,1,,,,70.0,0,0,0,190.0
10,10,5,1,,,,71.2,0,0,0,204.0
10,11,5,1,,,,74.9,0,0,0,96.0
10,12,5,1,,,,70.4,0,0,0,64.0
10,13,5,1,,,,70.6,0,0,0,59.0
10,14,5,1,,,,70.2,0,0,0,50.0
10,15,5,1,,,,69.4,0,0,0,22.0
10,16,5,1,,,,61.8,0,0,0,0.0
10,17,5,1,,,,56.9,0,0,0,0.0
10,18,5,1,,,,53.5,0,0,0,0.0
10,19,5,1,,,,50.6,0,0,0,0.0
10,20,5,1,,,,47.5,0,0,0,0.0
10,21,5,1,,,,47.4,0,0,0,0.0
10,22,5,1,,,,45.5,0,0,0,0.0
10,23,5,1,,,,45.5,0,0,0,0.0
10,24,5,1,,,,42.2,0,0,0,0.0
10,1,6,1,,,,42.4,0,0,0,0.0
10,2,6,1,,,,41.5,0,0,0,0.0
10,3,6,1,,,,43.3,0,0,0,0.0
10,4,6,1,,,,43.6,0,0,0,0.0
10,5,6,1,,,,42.8,0,0,0,0.0
10,6,6,1,,,,43.4,0,0,0,0.0
10,7,6,1,,,,47.2,0,0,0,108.0
10,8,6,1,,,,52.4,0,0,0,394.0
10,9,6,1,,,,57.7,0,0,0,676.0
10,10,6,1,,,,58.7,0,0,0,774.0
10,11,6,1,,,,61.2,0,0,0,813.0
10,12,6,1,,,,58.9,0,0,0,813.0
10,13,6,1,,,,62.3,0,0,0,793.0
10,14,6,1,,,,63.0,0,0,0,690.0
10,15,6,1,,,,64.1,0,0,0,462.0
10,16,6,1,,,,63.0,0,0,0,63.0
10,17,6,1,,,,57.5,0,0,0,0.0
10,18,6,1,,,,51.5,0,0,0,0.0
10,19,6,1,,,,46.4,0,0,0,0.0
10,20,6,1,,,,47.2,0,0,0,0.0
10,21,6,1,,,,43.5,0,0,0,0.0
10,22,6,1,,,,45.1,0,0,0,0.0
10,23,6,1,,,,45.8,0,0,0,0.0
10,24,6,1,,,,43.2,0,0,0,0.0
10,1,7,1,,,,43.8,0,0,0,0.0
10,2,7,1,,,,43.9,0,0,0,0.0
10,3,7,1,,,,41.8,0,0,0,0.0
10,4,7,1,,,,43.4,0,0,0,0.0
10,5,7,1,,,,41.9,0,0,0,0.0
10,6,7,1,,,,42.2,0,0,0,0.0
10,7,7,1,,,,42.0,0,0,0,21.0
10,8,7,1,,,,42.8,0,0,0,180.0
10,9,7,1,,,,43.0,0,0,0,389.0
10,10,7,1,,,,43.8,0,0,0,564.0
10,11,7,1,,,,43.3,0,0,0,550.0
10,12,7,1,,,,41.3,0,0,0,470.0
10,13,7,1,,,,41.5,0,0,0,469.0
10,14,7,1,,,,39.9,0,0,0,395.0
10,15,7,1,,,,40.7,0,0,0,237.0
10,16,7,1,,,,42.6,0,0,0,76.0
10,17,7,1,,,,42.7,0,0,0,0.0
10,18,7,1,,,,42.0,0,0,0,0.0
10,19,7,1,,,,41.0,0,0,0,0.0
10,20,7,1,,,,40.9,0,0,0,0.0
10,21,7,1,,,,41.6,0,0,0,0.0
10,22,7,1,,,,41.2,0,0,0,0.0
10,23,7,1,,,,40.8,0,0,0,0.0
10,24,7,1,,,,42.2,0,0,0,0.0
10,1,1,0,,,,43.4,0,0,0,0.0
10,2,1,0,,,,40.9,0,0,0,0.0
10,3,1,0,,,,42.1,0,0,0,0.0
10,4,1,0,,,,42.0,0,0,0,0.0
10,5,1,0,,,,41.4,0,0,0,0.0
10,6,1,0,,,,42.0,0,0,0,0.0
10,7,1,0,,,,42.1,0,0,0,22.0
10,8,1,0,,,,40.0,0,0,0,71.0
10,9,1,0,,,,40.8,0,0,0,117.0
10,10,1,0,,,,42.0,0,0,0,192.0
10,11,1,0,,,,42.9,0,0,0,279.0
10,12,1,0,,,,42.9,0,0,0,308.0
10,13,1,0,,,,42.0,0,0,0,285.0
10,14,1,0,,,,43.9,0,0,0,219.0
10,15,1,0,,,,43.6,0,0,0,127.0
10,16,1,0,,,,45.2,0,0,0,18.0
10,17,1,0,,,,45.0,0,0,0,0.0
10,18,1,0,,,,43.6,0,0,0,0.0
10,19,1,0,,,,44.6,0,0,0,0.0
10,20,1,0,,,,43.6,0,0,0,0.0
10,21,1,0,,,,42.7,0,0,0,0.0
10,22,1,0,,,,44.2,0,0,0,0.0
10,23,1,0,,,,42.4,0,0,0,0.0
10,24,1,0,,,,44.7,0,0,0,0.0
10,1,2,0,,,,44.4,0,0,0,0.0
10,2,2,0,,,,41.8,0,0,0,0.0
10,3,2,0,,,,41.6,0,0,0,0.0
10,4,2,0,,,,42.6,0,0,0,0.0
10,5,2,0,,,,42.6,0,0,0,0.0
10,6,2,0,,,,43.8,0,0,0,0.0
10,7,2,0,,,,45.0,0,0,0,9.0
10,8,2,0,,,,44.9,0,0,0,70.0
10,9,2,0,,,,52.2,0,0,0,148.0
10,10,2,0,,,,60.8,0,0,0,272.0
10,11,2,0,,,,67.1,0,0,0,374.0
10,12,2,0,,,,66.4,0,0,0,294.0
10,13,2,0,,,,67.5,0,0,0,137.0
10,14,2,0,,,,64.5,0,0,0,82.0
10,15,2,0,,,,67.9,0,0,0,43.0
10,16,2,0,,,,65.0,0,0,0,5.0
10,17,2,0,,,,63.2,0,0,0,0.0
10,18,2,0,,,,59.5,0,0,0,0.0
10,19,2,0,,,,53.6,0,0,0,0.0
10,20,2,0,,,,46.8,0,0,0,0.0
10,21,2,0,,,,43.8,0,0,0,0.0
10,22,2,0,,,,44.0,0,0,0,0.0
10,23,2,0,,,,45.1,0,0,0,0.0
10,24,2,0,,,,41.6,0,0,0,0.0
11,1,3,0,,,,40.7,0,0,0,0.0
11,2,3,0,,,,40.1,0,0,0,0.0
11,3,3,0,,,,39.8,0,0,0,0.0
11,4,3,0,,,,39.9,0,0,0,0.0
11,5,3,0,,,,39.4,0,0,0,0.0
11,6,3,0,,,,40.6,0,0,0,0.0
11,7,3,0,,,,43.4,0,0,0,5.0
11,8,3,0,,,,41.8,0,0,0,65.0
11,9,3,0,,,,52.1,0,0,0,217.0
11,10,3,0,,,,62.9,0,0,0,428.0
11,11,3,0,,,,70.6,0,0,0,608.0
11,12,3,0,,,,68.1,0,0,0,710.0
11,13,3,0,,,,67.4,0,0,0,687.0
11,14,3,0,,,,70.7,0,0,0,606.0
11,15,3,0,,,,72.0,0,0,0,399.0
11,16,3,0,,,,71.4,0,0,0,41.0
11,17,3,0,,,,69.7,0,0,0,0.0
11,18,3,0,,,,63.8,0,0,0,0.0
11,19,3,0,,,,57.7,0,0,0,0.0
11,20,3,0,,,,51.1,0,0,0,0.0
11,21,3,0,,,,48.9,0,0,0,0.0
11,22,3,0,,,,47.9,0,0,0,0.0
11,23,3,0,,,,46.6,0,0,0,0.0
11,24,3,0,,,,45.7,0,0,0,0.0
11,1,4,0,,,,42.6,0,0,0,0.0
11,2,4,0,,,,43.3,0,0,0,0.0
11,3,4,0,,,,43.2,0,0,0,0.0
11,4,4,0,,,,42.3,0,0,0,0.0
11,5,4,0,,,,43.4,0,0,0,0.0
11,6,4,0,,,,43.4,0,0,0,0.0
11,7,4,0,,,,45.4,0,0,0,70.0
11,8,4,0,,,,47.8,0,0,0,352.0
11,9,4,0,,,,52.9,0,0,0,613.0
11,10,4,0,,,,60.3,0,0,0,727.0
11,11,4,0,,,,68.5,0,0,0,774.0
11,12,4,0,,,,68.6,0,0,0,784.0
11,13,4,0,,,,68.5,0,0,0,760.0
11,14,4,0,,,,69.4,0,0,0,672.0
11,15,4,0,,,,69.5,0,0,0,446.0
11,16,4,0,,,,68.2,0,0,0,39.0
11,17,4,0,,,,66.9,0,0,0,0.0
11,18,4,0,,,,61.0,0,0,0,0.0
11,19,4,0,,,,51.1,0,0,0,0.0
11,20,4,0,,,,48.5,0,0,0,0.0
11,21,4,0,,,,45.5,0,0,0,0.0
11,22,4,0,,,,44.7,0,0,0,0.0
11,23,4,0,,,,43.9,0,0,0,0.0
11,24,4,0,,,,42.4,0,0,0,0.0
11,1,5,0,,,,41.8,0,0,0,0.0
11,2,5,0,,,,42.1,0,0,0,0.0
11,3,5,0,,,,40.7,0,0,0,0.0
11,4,5,0,,,,41.7,0,0,0,0.0
11,5,5,0,,,,40.9,0,0,0,0.0
11,6,5,0,,,,42.0,0,0,0,0.0
11,7,5,0,,,,44.0,0,0,0,2.0
11,8,5,0,,,,43.3,0,0,0,17.0
11,9,5,0,,,,50.5,0,0,0,24.0
11,10,5,0,,,,62.1,0,0,0,41.0
11,11,5,0,,,,66.8,0,0,0,57.0
11,12,5,0,,,,62.8,0,0,0,48.0
11,13,5,0,,,,65.2,0,0,0,55.0
11,14,5,0,,,,66.2,0,0,0,122.0
11,15,5,0,,,,66.2,0,0,0,49.0
11,16,5,0,,,,64.5,0,0,0,0.0
11,17,5,0,,,,63.6,0,0,0,0.0
11,18,5,0,,,,58.3,0,0,0,0.0
11,19,5,0,,,,51.7,0,0,0,0.0
11,20,5,0,,,,47.6,0,0,0,0.0
11,21,5,0,,,,48.1,0,0,0,0.0
11,22,5,0,,,,47.7,0,0,0,0.0
11,23,5,0,,,,46.8,0,0,0,0.0
11,24,5,0,,,,44.0,0,0,0,0.0
11,1,6,0,,,,42.1,0,0,0,0.0
11,2,6,0,,,,41.9,0,0,0,0.0
11,3,6,0,,,,42.1,0,0,0,0.0
11,4,6,0,,,,41.4,0,0,0,0.0
11,5,6,0,,,,41.6,0,0,0,0.0
11,6,6,0,,,,41.9,0,0,0,0.0
11,7,6,0,,,,44.0,0,0,0,0.0
11,8,6,0,,,,43.2,0,0,0,24.0
11,9,6,0,,,,52.9,0,0,0,94.0
11,10,6,0,,,,62.5,0,0,0,206.0
11,11,6,0,,,,65.3,0,0,0,255.0
11,12,6,0,,,,63.2,0,0,0,252.0
11,13,6,0,,,,62.8,0,0,0,307.0
11,14,6,0,,,,62.7,0,0,0,324.0
11,15,6,0,,,,64.8,0,0,0,109.0
11,16,6,0,,,,62.9,0,0,0,3.0
11,17,6,0,,,,67.3,0,0,0,0.0
11,18,6,0,,,,64.2,0,0,0,0.0
11,19,6,0,,,,58.6,0,0,0,0.0
11,20,6,0,,,,50.0,0,0,0,0.0
11,21,6,0,,,,44.6,0,0,0,0.0
11,22,6,0,,,,44.0,0,0,0,0.0
11,23,6,0,,,,44.2,0,0,0,0.0
11,24,6,0,,,,44.3,0,0,0,0.0
11,1,7,0,,,,43.1,0,0,0,0.0
11,2,7,0,,,,41.6,0,0,0,0.0
11,3,7,0,,,,42.4,0,0,0,0.0
11,4,7,0,,,,41.6,0,0,0,0.0
11,5,7,0,,,,41.1,0,0,0,0.0
11,6,7,0,,,,42.2,0,0,0,0.0
11,7,7,0,,,,43.1,0,0,0,0.0
11,8,7,0,,,,40.9,0,0,0,38.0
11,9,7,0,,,,43.8,0,0,0,88.0
11,10,7,0,,,,47.4,0,0,0,96.0
11,11,7,0,,,,47.9,0,0,0,147.0
11,12,7,0,,,,46.9,0,0,0,219.0
11,13,7,0,,,,47.6,0,0,0,171.0
11,14,7,0,,,,47.3,0,0,0,95.0
11,15,7,0,,,,45.8,0,0,0,37.0
11,16,7,0,,,,45.6,0,0,0,0.0
11,17,7,0,,,,47.2,0,0,0,0.0
11,18,7,0,,,,46.6,0,0,0,0.0
11,19,7,0,,,,45.6,0,0,0,0.0
11,20,7,0,,,,43.8,0,0,0,0.0
11,21,7,0,,,,42.6,0,0,0,0.0
11,22,7,0,,,,42.1,0,0,0,0.0
11,23,7,0,,,,42.4,0,0,0,0.0
11,24,7,0,,,,41.6,0,0,0,0.0
11,1,1,0,,,,41.5,0,0,0,0.0
11,2,1,0,,,,41.5,0,0,0,0.0
11,3,1,0,,,,39.3,0,0,0,0.0
11,4,1,0,,,,41.3,0,0,0,0.0
11,5,1,0,,,,41.6,0,0,0,0.0
11,6,1,0,,,,41.9,0,0,0,0.0
11,7,1,0,,,,42.2,0,0,0,0.0
11,8,1,0,,,,40.7,0,0,0,26.0
11,9,1,0,,,,40.2,0,0,0,83.0
11,10,1,0,,,,40.2,0,0,0,149.0
11,11,1,0,,,,40.6,0,0,0,197.0
11,12,1,0,,,,41.2,0,0,0,299.0
11,13,1,0,,,,41.4,0,0,0,317.0
11,14,1,0,,,,42.6,0,0,0,258.0
11,15,1,0,,,,42.7,0,0,0,124.0
11,16,1,0,,,,44.6,0,0,0,4.0
11,17,1,0,,,,45.4,0,0,0,0.0
11,18,1,0,,,,46.8,0,0,0,0.0
11,19,1,0,,,,44.9,0,0,0,0.0
11,20,1,0,,,,43.7,0,0,0,0.0
11,21,1,0,,,,44.2,0,0,0,0.0
11,22,1,0,,,,42.8,0,0,0,0.0
11,23,1,0,,,,43.2,0,0,0,0.0
11,24,1,0,,,,43.6,0,0,0,0.0
11,1,2,0,,,,42.2,0,0,0,0.0
11,2,2,0,,,,42.4,0,0,0,0.0
11,3,2,0,,,,43.1,0,0,0,0.0
11,4,2,0,,,,42.8,0,0,0,0.0
11,5,2,0,,,,42.1,0,0,0,0.0
11,6,2,0,,,,43.6,0,0,0,0.0
11,7,2,0,,,,45.5,0,0,0,0.0
11,8,2,0,,,,48.4,0,0,0,9.0
11,9,2,0,,,,56.8,0,0,0,30.0
11,10,2,0,,,,63.4,0,0,0,57.0
11,11,2,0,,,,70.4,0,0,0,81.0
11,12,2,0,,,,70.3,0,0,0,96.0
11,13,2,0,,,,69.3,0,0,0,103.0
11,14,2,0,,,,70.0,0,0,0,67.0
11,15,2,0,,,,73.4,0,0,0,18.0
11,16,2,0,,,,69.2,0,0,0,0.0
11,17,2,0,,,,69.8,0,0,0,0.0
11,18,2,0,,,,66.7,0,0,0,0.0
11,19,2,0,,,,58.1,0,0,0,0.0
11,20,2,0,,,,51.0,0,0,0,0.0
11,21,2,0,,,,46.2,0,0,0,0.0
11,22,2,0,,,,46.2,0,0,0,0.0
11,23,2,0,,,,42.6,0,0,0,0.0
11,24,2,0,,,,41.2,0,0,0,0.0
11,1,3,0,,,,41.0,0,0,0,0.0
11,2,3,0,,,,41.2,0,0,0,0.0
11,3,3,0,,,,42.0,0,0,0,0.0
11,4,3,0,,,,42.2,0,0,0,0.0
11,5,3,0,,,,41.8,0,0,0,0.0
11,6,3,0,,,,43.3,0,0,0,0.0
11,7,3,0,,,,43.1,0,0,0,0.0
11,8,3,0,,,,44.5,0,0,0,15.0
11,9,3,0,,,,51.4,0,0,0,56.0
11,10,3,0,,,,63.2,0,0,0,92.0
11,11,3,0,,,,75.1,0,0,0,92.0
11,12,3,0,,,,72.2,0,0,0,112.0
11,13,3,0,,,,72.6,0,0,0,84.0
11,14,3,0,,,,71.5,0,0,0,43.0
11,15,3,0,,,,69.2,0,0,0,19.0
11,16,3,0,,,,69.3,0,0,0,0.0
11,17,3,0,,,,66.4,0,0,0,0.0
11,18,3,0,,,,57.5,0,0,0,0.0
11,19,3,0,,,,51.8,0,0,0,0.0
11,20,3,0,,,,45.9,0,0,0,0.0
11,21,3,0,,,,45.2,0,0,0,0.0
11,22,3,0,,,,43.5,0,0,0,0.0
11,23,3,0,,,,43.7,0,0,0,0.0
11,24,3,0,,,,42.6,0,0,0,0.0
11,1,4,0,,,,41.0,0,0,0,0.0
11,2,4,0,,,,40.2,0,0,0,0.0
11,3,4,0,,,,40.9,0,0,0,0.0
11,4,4,0,,,,39.8,0,0,0,0.0
11,5,4,0,,,,39.8,0,0,0,0.0
11,6,4,0,,,,39.8,0,0,0,0.0
11,7,4,0,,,,42.2,0,0,0,0.0
11,8,4,0,,,,42.9,0,0,0,38.0
11,9,4,0,,,,54.8,0,0,0,116.0
11,10,4,0,,,,60.9,0,0,0,242.0
11,11,4,0,,,,64.7,0,0,0,463.0
11,12,4,0,,,,66.0,0,0,0,593.0
11,13,4,0,,,,64.6,0,0,0,574.0
11,14,4,0,,,,67.5,0,0,0,345.0
11,15,4,0,,,,66.8,0,0,0,118.0
11,16,4,0,,,,63.5,0,0,0,4.0
11,17,4,0,,,,65.7,0,0,0,0.0
11,18,4,0,,,,61.0,0,0,0,0.0
11,19,4,0,,,,53.6,0,0,0,0.0
11,20,4,0,,,,49.2,0,0,0,0.0
11,21,4,0,,,,47.2,0,0,0,0.0
11,22,4,0,,,,44.9,0,0,0,0.0
11,23,4,0,,,,44.8,0,0,0,0.0
11,24,4,0,,,,40.1,0,0,0,0.0
11,1,5,0,,,,39.6,0,0,0,0.0
11,2,5,0,,,,39.0,0,0,0,0.0
11,3,5,0,,,,39.3,0,0,0,0.0
11,4,5,0,,,,39.1,0,0,0,0.0
11,5,5,0,,,,39.4,0,0,0,0.0
11,6,5,0,,,,40.9,0,0,0,0.0
11,7,5,0,,,,41.1,0,0,0,4.0
11,8,5,0,,,,40.1,0,0,0,68.0
11,9,5,0,,,,50.1,0,0,0,158.0
11,10,5,0,,,,60.7,0,0,0,251.0
11,11,5,0,,,,66.2,0,0,0,336.0
11,12,5,0,,,,65.2,0,0,0,367.0
11,13,5,0,,,,68.3,0,0,0,402.0
11,14,5,0,,,,67.8,0,0,0,431.0
11,15,5,0,,,,68.2,0,0,0,308.0
11,16,5,0,,,,68.8,0,0,0,15.0
11,17,5,0,,,,64.3,0,0,0,0.0
11,18,5,0,,,,61.9,0,0,0,0.0
11,19,5,0,,,,53.8,0,0,0,0.0
11,20,5,0,,,,48.1,0,0,0,0.0
11,21,5,0,,,,46.3,0,0,0,0.0
11,22,5,0,,,,46.3,0,0,0,0.0
11,23,5,0,,,,44.8,0,0,0,0.0
11,24,5,0,,,,43.4,0,0,0,0.0
11,1,6,0,,,,43.5,0,0,0,0.0
11,2,6,0,,,,41.9,0,0,0,0.0
11,3,6,0,,,,42.8,0,0,0,0.0
11,4,6,0,,,,41.6,0,0,0,0.0
11,5,6,0,,,,41.9,0,0,0,0.0
11,6,6,0,,,,42.7,0,0,0,0.0
11,7,6,0,,,,43.4,0,0,0,0.0
11,8,6,0,,,,45.3,0,0,0,16.0
11,9,6,0,,,,53.4,0,0,0,44.0
11,10,6,0,,,,63.0,0,0,0,74.0
11,11,6,0,,,,68.1,0,0,0,88.0
11,12,6,0,,,,69.4,0,0,0,87.0
11,13,6,0,,,,69.2,0,0,0,75.0
11,14,6,0,,,,69.5,0,0,0,48.0
11,15,6,0,,,,66.3,0,0,0,16.0
11,16,6,0,,,,67.8,0,0,0,0.0
11,17,6,0,,,,66.2,0,0,0,0.0
11,18,6,0,,,,63.3,0,0,0,0.0
11,19,6,0,,,,54.4,0,0,0,0.0
11,20,6,0,,,,47.8,0,0,0,0.0
11,21,6,0,,,,45.2,0,0,0,0.0
11,22,6,0,,,,42.2,0,0,0,0.0
11,23,6,0,,,,41.4,0,0,0,0.0
11,24,6,0,,,,40.0,0,0,0,0.0
11,1,7,0,,,,39.2,0,0,0,0.0
11,2,7,0,,,,41.9,0,0,0,0.0
11,3,7,0,,,,39.2,0,0,0,0.0
11,4,7,0,,,,41.8,0,0,0,0.0
11,5,7,0,,,,39.9,0,0,0,0.0
11,6,7,0,,,,41.3,0,0,0,0.0
11,7,7,0,,,,40.3,0,0,0,1.0
11,8,7,0,,,,40.9,0,0,0,89.0
11,9,7,0,,,,41.6,0,0,0,444.0
11,10,7,0,,,,42.2,0,0,0,582.0
11,11,7,0,,,,43.5,0,0,0,578.0
11,12,7,0,,,,42.4,0,0,0,540.0
11,13,7,0,,,,43.2,0,0,0,377.0
11,14,7,0,,,,43.0,0,0,0,174.0
11,15,7,0,,,,43.4,0,0,0,78.0
11,16,7,0,,,,43.6,0,0,0,2.0
11,17,7,0,,,,44.8,0,0,0,0.0
11,18,7,0,,,,45.1,0,0,0,0.0
11,19,7,0,,,,42.5,0,0,0,0.0
11,20,7,0,,,,42.4,0,0,0,0.0
11,21,7,0,,,,41.7,0,0,0,0.0
11,22,7,0,,,,42.6,0,0,0,0.0
11,23,7,0,,,,39.9,0,0,0,0.0
11,24,7,0,,,,41.0,0,0,0,0.0
11,1,1,0,,,,39.4,0,0,0,0.0
11,2,1,0,,,,40.0,0,0,0,0.0
11,3,1,0,,,,39.7,0,0,0,0.0
11,4,1,0,,,,40.0,0,0,0,0.0
11,5,1,0,,,,39.8,0,0,0,0.0
11,6,1,0,,,,40.5,0,0,0,0.0
11,7,1,0,,,,38.4,0,0,0,4.0
11,8,1,0,,,,38.8,0,0,0,174.0
11,9,1,0,,,,38.8,0,0,0,381.0
11,10,1,0,,,,38.1,0,0,0,553.0
11,11,1,0,,,,39.6,0,0,0,632.0
11,12,1,0,,,,37.5,0,0,0,646.0
11,13,1,0,,,,38.4,0,0,0,609.0
11,14,1,0,,,,40.5,0,0,0,492.0
11,15,1,0,,,,40.5,0,0,0,282.0
11,16,1,0,,,,41.4,0,0,0,7.0
11,17,1,0,,,,43.0,0,0,0,0.0
11,18,1,0,,,,45.1,0,0,0,0.0
11,19,1,0,,,,45.0,0,0,0,0.0
11,20,1,0,,,,44.4,0,0,0,0.0
11,21,1,0,,,,43.8,0,0,0,0.0
11,22,1,0,,,,42.8,0,0,0,0.0
11,23,1,0,,,,43.5,0,0,0,0.0
11,24,1,0,,,,41.3,0,0,0,0.0
11,1,2,0,,,,42.8,0,0,0,0.0
11,2,2,0,,,,40.2,0,0,0,0.0
11,3,2,0,,,,41.0,0,0,0,0.0
11,4,2,0,,,,41.2,0,0,0,0.0
11,5,2,0,,,,40.8,0,0,0,0.0
11,6,2,0,,,,42.0,0,0,0,0.0
11,7,2,0,,,,42.6,0,0,0,0.0
11,8,2,0,,,,44.2,0,0,0,10.0
11,9,2,0,,,,51.1,0,0,0,34.0
11,10,2,0,,,,60.4,0,0,0,57.0
11,11,2,0,,,,67.5,0,0,0,65.0
11,12,2,0,,,,69.3,0,0,0,65.0
11,13,2,0,,,,77.7,0,0,0,53.0
11,14,2,0,,,,72.2,0,0,0,37.0
11,15,2,0,,,,70.8,0,0,0,15.0
11,16,2,0,,,,67.4,0,0,0,0.0
11,17,2,0,,,,68.1,0,0,0,0.0
11,18,2,0,,,,64.2,0,0,0,0.0
11,19,2,0,,,,56.2,0,0,0,0.0
11,20,2,0,,,,47.6,0,0,0,0.0
11,21,2,0,,,,49.8,0,0,0,0.0
11,22,2,0,,,,47.2,0,0,0,0.0
11,23,2,0,,,,45.2,0,0,0,0.0
11,24,2,0,,,,42.9,0,0,0,0.0
11,1,3,0,,,,42.0,0,0,0,0.0
11,2,3,0,,,,42.5,0,0,0,0.0
11,3,3,0,,,,42.2,0,0,0,0.0
11,4,3,0,,,,43.1,0,0,0,0.0
11,5,3,0,,,,42.1,0,0,0,0.0
11,6,3,0,,,,43.2,0,0,0,0.0
11,7,3,0,,,,42.4,0,0,0,0.0
11,8,3,0,,,,44.7,0,0,0,114.0
11,9,3,0,,,,52.6,0,0,0,400.0
11,10,3,0,,,,63.0,0,0,0,696.0
11,11,3,0,,,,71.4,0,0,0,762.0
11,12,3,0,,,,71.2,0,0,0,766.0
11,13,3,0,,,,71.8,0,0,0,741.0
11,14,3,0,,,,67.3,0,0,0,651.0
11,15,3,0,,,,66.9,0,0,0,416.0
11,16,3,0,,,,65.6,0,0,0,7.0
11,17,3,0,,,,69.3,0,0,0,0.0
11,18,3,0,,,,65.9,0,0,0,0.0
11,19,3,0,,,,54.9,0,0,0,0.0
11,20,3,0,,,,50.2,0,0,0,0.0
11,21,3,0,,,,48.9,0,0,0,0.0
11,22,3,0,,,,45.7,0,0,0,0.0
11,23,3,0,,,,45.9,0,0,0,0.0
11,24,3,0,,,,45.3,0,0,0,0.0
11,1,4,0,,,,42.6,0,0,0,0.0
11,2,4,0,,,,43.2,0,0,0,0.0
11,3,4,0,,,,42.5,0,0,0,0.0
11,4,4,0,,,,42.7,0,0,0,0.0
11,5,4,0,,,,43.0,0,0,0,0.0
11,6,4,0,,,,43.9,0,0,0,0.0
11,7,4,0,,,,45.1,0,0,0,0.0
11,8,4,0,,,,47.3,0,0,0,18.0
11,9,4,0,,,,55.7,0,0,0,71.0
11,10,4,0,,,,64.4,0,0,0,148.0
11,11,4,0,,,,67.4,0,0,0,233.0
11,12,4,0,,,,66.8,0,0,0,317.0
11,13,4,0,,,,67.3,0,0,0,400.0
11,14,4,0,,,,65.2,0,0,0,383.0
11,15,4,0,,,,65.7,0,0,0,242.0
11,16,4,0,,,,68.2,0,0,0,3.0
11,17,4,0,,,,70.9,0,0,0,0.0
11,18,4,0,,,,65.9,0,0,0,0.0
11,19,4,0,,,,57.0,0,0,0,0.0
11,20,4,0,,,,52.5,0,0,0,0.0
11,21,4,0,,,,49.0,0,0,0,0.0
11,22,4,0,,,,48.5,0,0,0,0.0
11,23,4,0,,,,47.8,0,0,0,0.0
11,24,4,0,,,,49.6,0,0,0,0.0
11,1,5,0,,,,48.5,0,0,0,0.0
11,2,5,0,,,,48.4,0,0,0,0.0
11,3,5,0,,,,47.2,0,0,0,0.0
11,4,5,0,,,,46.4,0,0,0,0.0
11,5,5,0,,,,43.8,0,0,0,0.0
11,6,5,0,,,,45.2,0,0,0,0.0
11,7,5,0,,,,45.8,0,0,0,0.0
11,8,5,0,,,,46.0,0,0,0,83.0
11,9,5,0,,,,49.9,0,0,0,197.0
11,10,5,0,,,,61.8,0,0,0,270.0
11,11,5,0,,,,67.3,0,0,0,291.0
11,12,5,0,,,,65.8,0,0,0,264.0
11,13,5,0,,,,67.4,0,0,0,262.0
11,14,5,0,,,,71.0,0,0,0,274.0
11,15,5,0,,,,69.3,0,0,0,171.0
11,16,5,0,,,,67.2,0,0,0,8.0
11,17,5,0,,,,68.5,0,0,0,0.0
11,18,5,0,,,,59.9,0,0,0,0.0
11,19,5,0,,,,52.9,0,0,0,0.0
11,20,5,0,,,,48.1,0,0,0,0.0
11,21,5,0,,,,47.9,0,0,0,0.0
11,22,5,0,,,,44.7,0,0,0,0.0
11,23,5,0,,,,45.8,0,0,0,0.0
11,24,5,0,,,,43.9,0,0,0,0.0
11,1,6,0,,,,42.7,0,0,0,0.0
11,2,6,0,,,,42.1,0,0,0,0.0
11,3,6,0,,,,41.8,0,0,0,0.0
11,4,6,0,,,,43.0,0,0,0,0.0
11,5,6,0,,,,42.8,0,0,0,0.0
11,6,6,0,,,,44.1,0,0,0,0.0
11,7,6,0,,,,44.4,0,0,0,0.0
11,8,6,0,,,,46.5,0,0,0,75.0
11,9,6,0,,,,52.4,0,0,0,218.0
11,10,6,0,,,,63.5,0,0,0,352.0
11,11,6,0,,,,67.6,0,0,0,382.0
11,12,6,0,,,,67.0,0,0,0,377.0
11,13,6,0,,,,64.8,0,0,0,300.0
11,14,6,0,,,,64.9,0,0,0,173.0
11,15,6,0,,,,62.2,0,0,0,77.0
11,16,6,0,,,,64.7,0,0,0,0.0
11,17,6,0,,,,64.0,0,0,0,0.0
11,18,6,0,,,,61.9,0,0,0,0.0
11,19,6,0,,,,55.5,0,0,0,0.0
11,20,6,0,,,,47.1,0,0,0,0.0
11,21,6,0,,,,45.3,0,0,0,0.0
11,22,6,0,,,,47.6,0,0,0,0.0
11,23,6,0,,,,46.4,0,0,0,0.0
11,24,6,0,,,,43.6,0,0,0,0.0
11,1,7,0,,,,43.2,0,0,0,0.0
11,2,7,0,,,,42.7,0,0,0,0.0
11,3,7,0,,,,42.6,0,0,0,0.0
11,4,7,0,,,,43.1,0,0,0,0.0
11,5,7,0,,,,43.2,0,0,0,0.0
11,6,7,0,,,,43.8,0,0,0,0.0
11,7,7,0,,,,43.8,0,0,0,0.0
11,8,7,0,,,,43.3,0,0,0,18.0
11,9,7,0,,,,44.5,0,0,0,115.0
11,10,7,0,,,,46.1,0,0,0,275.0
11,11,7,0,,,,46.8,0,0,0,525.0
11,12,7,0,,,,44.9,0,0,0,629.0
11,13,7,0,,,,45.2,0,0,0,598.0
11,14,7,0,,,,44.5,0,0,0,507.0
11,15,7,0,,,,44.2,0,0,0,281.0
11,16,7,0,,,,45.2,0,0,0,0.0
11,17,7,0,,,,47.9,0,0,0,0.0
11,18,7,0,,,,48.6,0,0,0,0.0
11,19,7,0,,,,45.4,0,0,0,0.0
11,20,7,0,,,,44.8,0,0,0,0.0
11,21,7,0,,,,44.6,0,0,0,0.0
11,22,7,0,,,,45.4,0,0,0,0.0
11,23,7,0,,,,46.1,0,0,0,0.0
11,24,7,0,,,,45.2,0,0,0,0.0
11,1,1,0,,,,46.1,0,0,0,0.0
11,2,1,0,,,,46.0,0,0,0,0.0
11,3,1,0,,,,46.6,0,0,0,0.0
11,4,1,0,,,,46.1,0,0,0,0.0
11,5,1,0,,,,48.2,0,0,0,0.0
11,6,1,0,,,,47.5,0,0,0,0.0
11,7,1,0,,,,47.6,0,0,0,0.0
11,8,1,0,,,,46.8,0,0,0,11.0
11,9,1,0,,,,46.9,0,0,0,49.0
11,10,1,0,,,,45.2,0,0,0,91.0
11,11,1,0,,,,44.2,0,0,0,139.0
11,12,1,0,,,,41.6,0,0,0,212.0
11,13,1,0,,,,41.5,0,0,0,511.0
11,14,1,0,,,,41.9,0,0,0,497.0
11,15,1,0,,,,44.8,0,0,0,252.0
11,16,1,0,,,,44.0,0,0,0,0.0
11,17,1,0,,,,46.1,0,0,0,0.0
11,18,1,0,,,,45.0,0,0,0,0.0
11,19,1,0,,,,46.4,0,0,0,0.0
11,20,1,0,,,,47.0,0,0,0,0.0
11,21,1,0,,,,43.7,0,0,0,0.0
11,22,1,0,,,,43.3,0,0,0,0.0
11,23,1,0,,,,42.5,0,0,0,0.0
11,24,1,0,,,,42.2,0,0,0,0.0
11,1,2,0,,,,42.5,0,0,0,0.0
11,2,2,0,,,,41.5,0,0,0,0.0
11,3,2,0,,,,42.2,0,0,0,0.0
11,4,2,0,,,,41.6,0,0,0,0.0
11,5,2,0,,,,42.6,0,0,0,0.0
11,6,2,0,,,,43.6,0,0,0,0.0
11,7,2,0,,,,44.6,0,0,0,0.0
11,8,2,0,,,,46.8,0,0,0,10.0
11,9,2,0,,,,52.8,0,0,0,40.0
11,10,2,0,,,,67.0,0,0,0,67.0
11,11,2,0,,,,74.2,0,0,0,99.0
11,12,2,0,,,,74.6,0,0,0,122.0
11,13,2,0,,,,73.1,0,0,0,121.0
11,14,2,0,,,,69.5,0,0,0,88.0
11,15,2,0,,,,71.7,0,0,0,33.0
11,16,2,0,,,,69.8,0,0,0,0.0
11,17,2,0,,,,70.7,0,0,0,0.0
11,18,2,0,,,,68.0,0,0,0,0.0
11,19,2,0,,,,56.6,0,0,0,0.0
11,20,2,0,,,,49.0,0,0,0,0.0
11,21,2,0,,,,46.8,0,0,0,0.0
11,22,2,0,,,,47.1,0,0,0,0.0
11,23,2,0,,,,49.3,0,0,0,0.0
11,24,2,0,,,,45.4,0,0,0,0.0
11,1,3,0,,,,42.8,0,0,0,0.0
11,2,3,0,,,,42.6,0,0,0,0.0
11,3,3,0,,,,42.1,0,0,0,0.0
11,4,3,0,,,,41.6,0,0,0,0.0
11,5,3,0,,,,42.1,0,0,0,0.0
11,6,3,0,,,,42.4,0,0,0,0.0
11,7,3,0,,,,44.0,0,0,0,0.0
11,8,3,0,,,,45.6,0,0,0,19.0
11,9,3,0,,,,53.2,0,0,0,75.0
11,10,3,0,,,,63.9,0,0,0,110.0
11,11,3,0,,,,69.2,0,0,0,117.0
11,12,3,0,,,,68.2,0,0,0,109.0
11,13,3,0,,,,69.3,0,0,0,70.0
11,14,3,0,,,,74.5,0,0,0,31.0
11,15,3,0,,,,70.2,0,0,0,6.0
11,16,3,0,,,,69.0,0,0,0,0.0
11,17,3,0,,,,70.2,0,0,0,0.0
11,18,3,0,,,,65.8,0,0,0,0.0
11,19,3,0,,,,56.5,0,0,0,0.0
11,20,3,0,,,,49.0,0,0,0,0.0
11,21,3,0,,,,50.0,0,0,0,0.0
11,22,3,0,,,,49.8,0,0,0,0.0
11,23,3,0,,,,49.5,0,0,0,0.0
11,24,3,0,,,,45.0,0,0,0,0.0
11,1,4,0,,,,44.4,0,0,0,0.0
11,2,4,0,,,,44.9,0,0,0,0.0
11,3,4,0,,,,43.8,0,0,0,0.0
11,4,4,0,,,,43.7,0,0,0,0.0
11,5,4,0,,,,44.1,0,0,0,0.0
11,6,4,0,,,,46.4,0,0,0,0.0
11,7,4,0,,,,49.1,0,0,0,0.0
11,8,4,0,,,,51.2,0,0,0,39.0
11,9,4,0,,,,57.0,0,0,0,171.0
11,10,4,0,,,,64.2,0,0,0,396.0
11,11,4,0,,,,70.1,0,0,0,380.0
11,12,4,0,,,,69.3,0,0,0,197.0
11,13,4,0,,,,68.9,0,0,0,70.0
11,14,4,0,,,,70.6,0,0,0,30.0
11,15,4,0,,,,72.8,0,0,0,10.0
11,16,4,0,,,,70.1,0,0,0,0.0
11,17,4,0,,,,68.8,0,0,0,0.0
11,18,4,0,,,,63.4,0,0,0,0.0
11,19,4,0,,,,56.7,0,0,0,0.0
11,20,4,0,,,,50.4,0,0,0,0.0
11,21,4,0,,,,49.3,0,0,0,0.0
11,22,4,0,,,,47.4,0,0,0,0.0
11,23,4,0,,,,47.0,0,0,0,0.0
11,24,4,0,,,,44.8,0,0,0,0.0
11,1,5,0,,,,44.6,0,0,0,0.0
11,2,5,0,,,,43.9,0,0,0,0.0
11,3,5,0,,,,43.4,0,0,0,0.0
11,4,5,0,,,,44.0,0,0,0,0.0
11,5,5,0,,,,43.0,0,0,0,0.0
11,6,5,0,,,,43.9,0,0,0,0.0
11,7,5,0,,,,45.4,0,0,0,0.0
11,8,5,0,,,,47.6,0,0,0,25.0
11,9,5,0,,,,51.5,0,0,0,100.0
11,10,5,0,,,,58.3,0,0,0,196.0
11,11,5,0,,,,64.9,0,0,0,263.0
11,12,5,0,,,,65.8,0,0,0,267.0
11,13,5,0,,,,64.0,0,0,0,225.0
11,14,5,0,,,,63.0,0,0,0,173.0
11,15,5,0,,,,62.7,0,0,0,76.0
11,16,5,0,,,,64.7,0,0,0,0.0
11,17,5,0,,,,62.4,0,0,0,0.0
11,18,5,0,,,,56.8,0,0,0,0.0
11,19,5,0,,,,52.0,0,0,0,0.0
11,20,5,0,,,,44.2,0,0,0,0.0
11,21,5,0,,,,43.4,0,0,0,0.0
11,22,5,0,,,,40.8,0,0,0,0.0
11,23,5,0,,,,40.8,0,0,0,0.0
11,24,5,0,,,,39.6,0,0,0,0.0
11,1,6,0,,,,39.2,0,0,0,0.0
11,2,6,0,,,,38.7,0,0,0,0.0
11,3,6,0,,,,39.6,0,0,0,0.0
11,4,6,0,,,,39.4,0,0,0,0.0
11,5,6,0,,,,41.4,0,0,0,0.0
11,6,6,0,,,,43.6,0,0,0,0.0
11,7,6,0,,,,43.2,0,0,0,0.0
11,8,6,0,,,,43.8,0,0,0,124.0
11,9,6,0,,,,49.2,0,0,0,286.0
11,10,6,0,,,,57.1,0,0,0,639.0
11,11,6,0,,,,61.4,0,0,0,726.0
11,12,6,0,,,,63.7,0,0,0,742.0
11,13,6,0,,,,64.3,0,0,0,656.0
11,14,6,0,,,,64.7,0,0,0,465.0
11,15,6,0,,,,64.8,0,0,0,126.0
11,16,6,0,,,,66.8,0,0,0,0.0
11,17,6,0,,,,64.4,0,0,0,0.0
11,18,6,0,,,,62.2,0,0,0,0.0
11,19,6,0,,,,52.8,0,0,0,0.0
11,20,6,0,,,,46.9,0,0,0,0.0
11,21,6,0,,,,43.6,0,0,0,0.0
11,22,6,0,,,,42.4,0,0,0,0.0
11,23,6,0,,,,41.8,0,0,0,0.0
11,24,6,0,,,,41.5,0,0,0,0.0
11,1,7,0,,,,40.7,0,0,0,0.0
11,2,7,0,,,,38.3,0,0,0,0.0
11,3,7,0,,,,38.0,0,0,0,0.0
11,4,7,0,,,,40.1,0,0,0,0.0
11,5,7,0,,,,38.9,0,0,0,0.0
11,6,7,0,,,,39.0,0,0,0,0.0
11,7,7,0,,,,40.0,0,0,0,0.0
11,8,7,0,,,,39.6,0,0,0,3.0
11,9,7,0,,,,40.3,0,0,0,28.0
11,10,7,0,,,,44.4,0,0,0,93.0
11,11,7,0,,,,46.0,0,0,0,231.0
11,12,7,0,,,,47.0,0,0,0,241.0
11,13,7,0,,,,48.8,0,0,0,145.0
11,14,7,0,,,,47.7,0,0,0,52.0
11,15,7,0,,,,46.6,0,0,0,36.0
11,16,7,0,,,,48.2,0,0,0,0.0
11,17,7,0,,,,49.0,0,0,0,0.0
11,18,7,0,,,,49.5,0,0,0,0.0
11,19,7,0,,,,48.0,0,0,0,0.0
11,20,7,0,,,,43.6,0,0,0,0.0
11,21,7,0,,,,43.2,0,0,0,0.0
11,22,7,0,,,,40.6,0,0,0,0.0
11,23,7,0,,,,41.4,0,0,0,0.0
11,24,7,0,,,,38.2,0,0,0,0.0
11,1,1,0,,,,40.4,0,0,0,0.0
11,2,1,0,,,,41.2,0,0,0,0.0
11,3,1,0,,,,41.0,0,0,0,0.0
11,4,1,0,,,,41.2,0,0,0,0.0
11,5,1,0,,,,41.1,0,0,0,0.0
11,6,1,0,,,,40.8,0,0,0,0.0
11,7,1,0,,,,41.1,0,0,0,0.0
11,8,1,0,,,,40.6,0,0,0,17.0
11,9,1,0,,,,38.2,0,0,0,70.0
11,10,1,0,,,,42.6,0,0,0,243.0
11,11,1,0,,,,45.2,0,0,0,643.0
11,12,1,0,,,,40.3,0,0,0,702.0
11,13,1,0,,,,43.4,0,0,0,651.0
11,14,1,0,,,,42.4,0,0,0,512.0
11,15,1,0,,,,43.5,0,0,0,246.0
11,16,1,0,,,,45.9,0,0,0,0.0
11,17,1,0,,,,50.3,0,0,0,0.0
11,18,1,0,,,,49.6,0,0,0,0.0
11,19,1,0,,,,44.9,0,0,0,0.0
11,20,1,0,,,,41.4,0,0,0,0.0
11,21,1,0,,,,39.2,0,0,0,0.0
11,22,1,0,,,,42.3,0,0,0,0.0
11,23,1,0,,,,41.1,0,0,0,0.0
11,24,1,0,,,,40.9,0,0,0,0.0
11,1,2,0,,,,42.2,0,0,0,0.0
11,2,2,0,,,,42.4,0,0,0,0.0
11,3,2,0,,,,44.8,0,0,0,0.0
11,4,2,0,,,,44.0,0,0,0,0.0
11,5,2,0,,,,46.1,0,0,0,0.0
11,6,2,0,,,,46.3,0,0,0,0.0
11,7,2,0,,,,45.2,0,0,0,0.0
11,8,2,0,,,,46.4,0,0,0,34.0
11,9,2,0,,,,53.4,0,0,0,87.0
11,10,2,0,,,,65.9,0,0,0,332.0
11,11,2,0,,,,69.0,0,0,0,424.0
11,12,2,0,,,,67.5,0,0,0,331.0
11,13,2,0,,,,70.6,0,0,0,207.0
11,14,2,0,,,,67.0,0,0,0,126.0
11,15,2,0,,,,72.5,0,0,0,56.0
11,16,2,0,,,,70.5,0,0,0,0.0
11,17,2,0,,,,70.5,0,0,0,0.0
11,18,2,0,,,,60.8,0,0,0,0.0
11,19,2,0,,,,50.2,0,0,0,0.0
11,20,2,0,,,,43.2,0,0,0,0.0
11,21,2,0,,,,43.0,0,0,0,0.0
11,22,2,0,,,,41.5,0,0,0,0.0
11,23,2,0,,,,42.4,0,0,0,0.0
11,24,2,0,,,,43.1,0,0,0,0.0
11,1,3,0,,,,42.4,0,0,0,0.0
11,2,3,0,,,,42.5,0,0,0,0.0
11,3,3,0,,,,41.6,0,0,0,0.0
11,4,3,0,,,,41.8,0,0,0,0.0
11,5,3,0,,,,41.6,0,0,0,0.0
11,6,3,0,,,,41.6,0,0,0,0.0
11,7,3,0,,,,41.6,0,0,0,0.0
11,8,3,0,,,,41.9,0,0,0,8.0
11,9,3,0,,,,50.9,0,0,0,41.0
11,10,3,0,,,,63.4,0,0,0,88.0
11,11,3,0,,,,71.1,0,0,0,145.0
11,12,3,0,,,,74.3,0,0,0,98.0
11,13,3,0,,,,74.1,0,0,0,67.0
11,14,3,0,,,,71.8,0,0,0,36.0
11,15,3,0,,,,71.3,0,0,0,5.0
11,16,3,0,,,,72.4,0,0,0,0.0
11,17,3,0,,,,70.6,0,0,0,0.0
11,18,3,0,,,,61.7,0,0,0,0.0
11,19,3,0,,,,53.2,0,0,0,0.0
11,20,3,0,,,,49.8,0,0,0,0.0
11,21,3,0,,,,44.2,0,0,0,0.0
11,22,3,0,,,,42.6,0,0,0,0.0
11,23,3,0,,,,41.0,0,0,0,0.0
11,24,3,0,,,,38.6,0,0,0,0.0
11,1,4,0,,,,38.2,0,0,0,0.0
11,2,4,0,,,,38.3,0,0,0,0.0
11,3,4,0,,,,40.0,0,0,0,0.0
11,4,4,0,,,,39.6,0,0,0,0.0
11,5,4,0,,,,38.8,0,0,0,0.0
11,6,4,0,,,,40.0,0,0,0,0.0
11,7,4,0,,,,39.8,0,0,0,0.0
11,8,4,0,,,,41.1,0,0,0,13.0
11,9,4,0,,,,48.5,0,0,0,98.0
11,10,4,0,,,,56.7,0,0,0,372.0
11,11,4,0,,,,63.4,0,0,0,503.0
11,12,4,0,,,,63.5,0,0,0,532.0
11,13,4,0,,,,65.2,0,0,0,341.0
11,14,4,0,,,,62.1,0,0,0,70.0
11,15,4,0,,,,63.7,0,0,0,5.0
11,16,4,0,,,,63.9,0,0,0,0.0
11,17,4,0,,,,62.8,0,0,0,0.0
11,18,4,0,,,,62.5,0,0,0,0.0
11,19,4,0,,,,54.7,0,0,0,0.0
11,20,4,0,,,,45.0,0,0,0,0.0
11,21,4,0,,,,44.2,0,0,0,0.0
11,22,4,0,,,,41.4,0,0,0,0.0
11,23,4,0,,,,41.2,0,0,0,0.0
11,24,4,0,,,,39.7,0,0,0,0.0
12,1,5,0,,,,39.3,0,0,0,0.0
12,2,5,0,,,,40.2,0,0,0,0.0
12,3,5,0,,,,40.1,0,0,0,0.0
12,4,5,0,,,,40.2,0,0,0,0.0
12,5,5,0,,,,40.3,0,0,0,0.0
12,6,5,0,,,,42.0,0,0,0,0.0
12,7,5,0,,,,42.5,0,0,0,0.0
12,8,5,0,,,,42.9,0,0,0,15.0
12,9,5,0,,,,49.9,0,0,0,77.0
12,10,5,0,,,,58.2,0,0,0,165.0
12,11,5,0,,,,62.0,0,0,0,229.0
12,12,5,0,,,,62.7,0,0,0,212.0
12,13,5,0,,,,65.8,0,0,0,135.0
12,14,5,0,,,,66.5,0,0,0,68.0
12,15,5,0,,,,66.2,0,0,0,12.0
12,16,5,0,,,,65.0,0,0,0,0.0
12,17,5,0,,,,63.8,0,0,0,0.0
12,18,5,0,,,,57.3,0,0,0,0.0
12,19,5,0,,,,51.0,0,0,0,0.0
12,20,5,0,,,,47.0,0,0,0,0.0
12,21,5,0,,,,43.6,0,0,0,0.0
12,22,5,0,,,,43.0,0,0,0,0.0
12,23,5,0,,,,43.0,0,0,0,0.0
12,24,5,0,,,,41.2,0,0,0,0.0
12,1,6,0,,,,39.2,0,0,0,0.0
12,2,6,0,,,,41.2,0,0,0,0.0
12,3,6,0,,,,40.6,0,0,0,0.0
12,4,6,0,,,,41.5,0,0,0,0.0
12,5,6,0,,,,41.5,0,0,0,0.0
12,6,6,0,,,,44.3,0,0,0,0.0
12,7,6,0,,,,45.2,0,0,0,0.0
12,8,6,0,,,,48.9,0,0,0,2.0
12,9,6,0,,,,50.0,0,0,0,16.0
12,10,6,0,,,,53.6,0,0,0,48.0
12,11,6,0,,,,58.6,0,0,0,122.0
12,12,6,0,,,,60.2,0,0,0,100.0
12,13,6,0,,,,63.4,0,0,0,89.0
12,14,6,0,,,,63.2,0,0,0,107.0
12,15,6,0,,,,65.3,0,0,0,75.0
12,16,6,0,,,,66.4,0,0,0,0.0
12,17,6,0,,,,65.4,0,0,0,0.0
12,18,6,0,,,,61.5,0,0,0,0.0
12,19,6,0,,,,53.4,0,0,0,0.0
12,20,6,0,,,,47.6,0,0,0,0.0
12,21,6,0,,,,43.9,0,0,0,0.0
12,22,6,0,,,,39.0,0,0,0,0.0
12,23,6,0,,,,40.9,0,0,0,0.0
12,24,6,0,,,,40.2,0,0,0,0.0
12,1,7,0,,,,38.7,0,0,0,0.0
12,2,7,0,,,,39.1,0,0,0,0.0
12,3,7,0,,,,39.0,0,0,0,0.0
12,4,7,0,,,,39.7,0,0,0,0.0
12,5,7,0,,,,38.6,0,0,0,0.0
12,6,7,0,,,,39.5,0,0,0,0.0
12,7,7,0,,,,41.0,0,0,0,0.0
12,8,7,0,,,,42.1,0,0,0,20.0
12,9,7,0,,,,40.9,0,0,0,257.0
12,10,7,0,,,,41.2,0,0,0,532.0
12,11,7,0,,,,42.4,0,0,0,610.0
12,12,7,0,,,,42.4,0,0,0,625.0
12,13,7,0,,,,42.5,0,0,0,579.0
12,14,7,0,,,,42.1,0,0,0,440.0
12,15,7,0,,,,41.3,0,0,0,158.0
12,16,7,0,,,,41.4,0,0,0,0.0
12,17,7,0,,,,42.1,0,0,0,0.0
12,18,7,0,,,,41.2,0,0,0,0.0
12,19,7,0,,,,39.9,0,0,0,0.0
12,20,7,0,,,,41.6,0,0,0,0.0
12,21,7,0,,,,42.6,0,0,0,0.0
12,22,7,0,,,,41.0,0,0,0,0.0
12,23,7,0,,,,39.4,0,0,0,0.0
12,24,7,0,,,,39.0,0,0,0,0.0
12,1,1,0,,,,39.6,0,0,0,0.0
12,2,1,0,,,,38.3,0,0,0,0.0
12,3,1,0,,,,38.8,0,0,0,0.0
12,4,1,0,,,,39.9,0,0,0,0.0
12,5,1,0,,,,38.6,0,0,0,0.0
12,6,1,0,,,,38.4,0,0,0,0.0
12,7,1,0,,,,39.1,0,0,0,0.0
12,8,1,0,,,,40.8,0,0,0,1.0
12,9,1,0,,,,37.0,0,0,0,14.0
12,10,1,0,,,,37.7,0,0,0,20.0
12,11,1,0,,,,39.6,0,0,0,25.0
12,12,1,0,,,,38.1,0,0,0,27.0
12,13,1,0,,,,41.9,0,0,0,26.0
12,14,1,0,,,,41.9,0,0,0,13.0
12,15,1,0,,,,44.7,0,0,0,1.0
12,16,1,0,,,,44.0,0,0,0,0.0
12,17,1,0,,,,44.4,0,0,0,0.0
12,18,1,0,,,,44.1,0,0,0,0.0
12,19,1,0,,,,44.2,0,0,0,0.0
12,20,1,0,,,,44.2,0,0,0,0.0
12,21,1,0,,,,43.5,0,0,0,0.0
12,22,1,0,,,,45.3,0,0,0,0.0
12,23,1,0,,,,43.2,0,0,0,0.0
12,24,1,0,,,,45.6,0,0,0,0.0
12,1,2,0,,,,45.6,0,0,0,0.0
12,2,2,0,,,,44.3,0,0,0,0.0
12,3,2,0,,,,46.9,0,0,0,0.0
12,4,2,0,,,,44.0,0,0,0,0.0
12,5,2,0,,,,47.2,0,0,0,0.0
12,6,2,0,,,,45.4,0,0,0,0.0
12,7,2,0,,,,47.8,0,0,0,0.0
12,8,2,0,,,,53.4,0,0,0,11.0
12,9,2,0,,,,56.9,0,0,0,79.0
12,10,2,0,,,,57.3,0,0,0,178.0
12,11,2,0,,,,63.7,0,0,0,229.0
12,12,2,0,,,,65.1,0,0,0,235.0
12,13,2,0,,,,65.6,0,0,0,95.0
12,14,2,0,,,,67.4,0,0,0,29.0
12,15,2,0,,,,68.0,0,0,0,3.0
12,16,2,0,,,,65.9,0,0,0,0.0
12,17,2,0,,,,68.2,0,0,0,0.0
12,18,2,0,,,,64.6,0,0,0,0.0
12,19,2,0,,,,57.8,0,0,0,0.0
12,20,2,0,,,,50.5,0,0,0,0.0
12,21,2,0,,,,52.5,0,0,0,0.0
12,22,2,0,,,,50.6,0,0,0,0.0
12,23,2,0,,,,51.1,0,0,0,0.0
12,24,2,0,,,,48.0,0,0,0,0.0
12,1,3,0,,,,47.6,0,0,0,0.0
12,2,3,0,,,,47.2,0,0,0,0.0
12,3,3,0,,,,46.4,0,0,0,0.0
12,4,3,0,,,,47.2,0,0,0,0.0
12,5,3,0,,,,45.8,0,0,0,0.0
12,6,3,0,,,,47.3,0,0,0,0.0
12,7,3,0,,,,45.5,0,0,0,0.0
12,8,3,0,,,,45.6,0,0,0,30.0
12,9,3,0,,,,53.8,0,0,0,144.0
12,10,3,0,,,,58.8,0,0,0,265.0
12,11,3,0,,,,63.6,0,0,0,281.0
12,12,3,0,,,,68.4,0,0,0,312.0
12,13,3,0,,,,67.1,0,0,0,173.0
12,14,3,0,,,,67.2,0,0,0,55.0
12,15,3,0,,,,65.7,0,0,0,7.0
12,16,3,0,,,,65.2,0,0,0,0.0
12,17,3,0,,,,68.2,0,0,0,0.0
12,18,3,0,,,,68.8,0,0,0,0.0
12,19,3,0,,,,60.4,0,0,0,0.0
12,20,3,0,,,,52.4,0,0,0,0.0
12,21,3,0,,,,48.8,0,0,0,0.0
12,22,3,0,,,,46.5,0,0,0,0.0
12,23,3,0,,,,44.7,0,0,0,0.0
12,24,3,0,,,,44.6,0,0,0,0.0
12,1,4,0,,,,41.3,0,0,0,0.0
12,2,4,0,,,,41.0,0,0,0,0.0
12,3,4,0,,,,41.6,0,0,0,0.0
12,4,4,0,,,,42.0,0,0,0,0.0
12,5,4,0,,,,41.3,0,0,0,0.0
12,6,4,0,,,,43.3,0,0,0,0.0
12,7,4,0,,,,43.1,0,0,0,0.0
12,8,4,0,,,,44.2,0,0,0,28.0
12,9,4,0,,,,50.7,0,0,0,175.0
12,10,4,0,,,,55.1,0,0,0,286.0
12,11,4,0,,,,60.8,0,0,0,309.0
12,12,4,0,,,,64.8,0,0,0,328.0
12,13,4,0,,,,70.1,0,0,0,312.0
12,14,4,0,,,,60.1,0,0,0,200.0
12,15,4,0,,,,61.7,0,0,0,43.0
12,16,4,0,,,,67.0,0,0,0,0.0
12,17,4,0,,,,66.1,0,0,0,0.0
12,18,4,0,,,,65.4,0,0,0,0.0
12,19,4,0,,,,56.6,0,0,0,0.0
12,20,4,0,,,,46.4,0,0,0,0.0
12,21,4,0,,,,45.1,0,0,0,0.0
12,22,4,0,,,,43.1,0,0,0,0.0
12,23,4,0,,,,42.2,0,0,0,0.0
12,24,4,0,,,,43.1,0,0,0,0.0
12,1,5,0,,,,46.0,0,0,0,0.0
12,2,5,0,,,,44.8,0,0,0,0.0
12,3,5,0,,,,45.9,0,0,0,0.0
12,4,5,0,,,,44.2,0,0,0,0.0
12,5,5,0,,,,44.0,0,0,0,0.0
12,6,5,0,,,,43.5,0,0,0,0.0
12,7,5,0,,,,42.5,0,0,0,0.0
12,8,5,0,,,,44.6,0,0,0,2.0
12,9,5,0,,,,49.0,0,0,0,11.0
12,10,5,0,,,,57.2,0,0,0,17.0
12,11,5,0,,,,63.7,0,0,0,35.0
12,12,5,0,,,,66.2,0,0,0,33.0
12,13,5,0,,,,63.7,0,0,0,32.0
12,14,5,0,,,,67.9,0,0,0,9.0
12,15,5,0,,,,68.4,0,0,0,0.0
12,16,5,0,,,,69.8,0,0,0,0.0
12,17,5,0,,,,70.1,0,0,0,0.0
12,18,5,0,,,,63.9,0,0,0,0.0
12,19,5,0,,,,58.0,0,0,0,0.0
12,20,5,0,,,,54.5,0,0,0,0.0
12,21,5,0,,,,47.1,0,0,0,0.0
12,22,5,0,,,,45.6,0,0,0,0.0
12,23,5,0,,,,41.2,0,0,0,0.0
12,24,5,0,,,,41.8,0,0,0,0.0
12,1,6,0,,,,40.4,0,0,0,0.0
12,2,6,0,,,,42.4,0,0,0,0.0
12,3,6,0,,,,42.2,0,0,0,0.0
12,4,6,0,,,,41.8,0,0,0,0.0
12,5,6,0,,,,42.0,0,0,0,0.0
12,6,6,0,,,,42.6,0,0,0,0.0
12,7,6,0,,,,43.9,0,0,0,0.0
12,8,6,0,,,,45.9,0,0,0,93.0
12,9,6,0,,,,50.4,0,0,0,324.0
12,10,6,0,,,,56.2,0,0,0,496.0
12,11,6,0,,,,60.2,0,0,0,533.0
12,12,6,0,,,,59.2,0,0,0,493.0
12,13,6,0,,,,62.2,0,0,0,441.0
12,14,6,0,,,,60.6,0,0,0,319.0
12,15,6,0,,,,59.4,0,0,0,72.0
12,16,6,0,,,,62.5,0,0,0,0.0
12,17,6,0,,,,62.1,0,0,0,0.0
12,18,6,0,,,,61.9,0,0,0,0.0
12,19,6,0,,,,52.6,0,0,0,0.0
12,20,6,0,,,,48.2,0,0,0,0.0
12,21,6,0,,,,50.8,0,0,0,0.0
12,22,6,0,,,,45.6,0,0,0,0.0
12,23,6,0,,,,49.6,0,0,0,0.0
12,24,6,0,,,,46.0,0,0,0,0.0
12,1,7,0,,,,47.8,0,0,0,0.0
12,2,7,0,,,,48.2,0,0,0,0.0
12,3,7,0,,,,47.6,0,0,0,0.0
12,4,7,0,,,,51.0,0,0,0,0.0
12,5,7,0,,,,50.0,0,0,0,0.0
12,6,7,0,,,,47.7,0,0,0,0.0
12,7,7,0,,,,50.5,0,0,0,0.0
12,8,7,0,,,,49.1,0,0,0,13.0
12,9,7,0,,,,46.5,0,0,0,98.0
12,10,7,0,,,,47.2,0,0,0,312.0
12,11,7,0,,,,46.8,0,0,0,581.0
12,12,7,0,,,,47.6,0,0,0,666.0
12,13,7,0,,,,44.5,0,0,0,624.0
12,14,7,0,,,,47.1,0,0,0,418.0
12,15,7,0,,,,44.4,0,0,0,117.0
12,16,7,0,,,,46.4,0,0,0,0.0
12,17,7,0,,,,47.8,0,0,0,0.0
12,18,7,0,,,,49.4,0,0,0,0.0
12,19,7,0,,,,48.9,0,0,0,0.0
12,20,7,0,,,,48.9,0,0,0,0.0
12,21,7,0,,,,46.0,0,0,0,0.0
12,22,7,0,,,,47.4,0,0,0,0.0
12,23,7,0,,,,47.8,0,0,0,0.0
12,24,7,0,,,,46.5,0,0,0,0.0
12,1,1,0,,,,45.1,0,0,0,0.0
12,2,1,0,,,,47.3,0,0,0,0.0
12,3,1,0,,,,45.6,0,0,0,0.0
12,4,1,0,,,,42.7,0,0,0,0.0
12,5,1,0,,,,44.3,0,0,0,0.0
12,6,1,0,,,,42.8,0,0,0,0.0
12,7,1,0,,,,42.1,0,0,0,0.0
12,8,1,0,,,,41.4,0,0,0,1.0
12,9,1,0,,,,41.0,0,0,0,17.0
12,10,1,0,,,,39.6,0,0,0,38.0
12,11,1,0,,,,44.2,0,0,0,47.0
12,12,1,0,,,,42.1,0,0,0,42.0
12,13,1,0,,,,45.6,0,0,0,28.0
12,14,1,0,,,,43.5,0,0,0,11.0
12,15,1,0,,,,44.2,0,0,0,0.0
12,16,1,0,,,,46.2,0,0,0,0.0
12,17,1,0,,,,47.3,0,0,0,0.0
12,18,1,0,,,,47.1,0,0,0,0.0
12,19,1,0,,,,43.2,0,0,0,0.0
12,20,1,0,,,,43.2,0,0,0,0.0
12,21,1,0,,,,43.6,0,0,0,0.0
12,22,1,0,,,,42.1,0,0,0,0.0
12,23,1,0,,,,42.4,0,0,0,0.0
12,24,1,0,,,,41.2,0,0,0,0.0
12,1,2,0,,,,41.6,0,0,0,0.0
12,2,2,0,,,,42.0,0,0,0,0.0
12,3,2,0,,,,40.9,0,0,0,0.0
12,4,2,0,,,,41.5,0,0,0,0.0
12,5,2,0,,,,43.2,0,0,0,0.0
12,6,2,0,,,,44.1,0,0,0,0.0
12,7,2,0,,,,45.3,0,0,0,0.0
12,8,2,0,,,,46.4,0,0,0,7.0
12,9,2,0,,,,51.0,0,0,0,41.0
12,10,2,0,,,,62.9,0,0,0,137.0
12,11,2,0,,,,67.0,0,0,0,373.0
12,12,2,0,,,,64.6,0,0,0,545.0
12,13,2,0,,,,67.8,0,0,0,555.0
12,14,2,0,,,,66.8,0,0,0,364.0
12,15,2,0,,,,66.7,0,0,0,39.0
12,16,2,0,,,,66.7,0,0,0,0.0
12,17,2,0,,,,65.5,0,0,0,0.0
12,18,2,0,,,,61.2,0,0,0,0.0
12,19,2,0,,,,56.5,0,0,0,0.0
12,20,2,0,,,,46.9,0,0,0,0.0
12,21,2,0,,,,46.7,0,0,0,0.0
12,22,2,0,,,,46.2,0,0,0,0.0
12,23,2,0,,,,48.0,0,0,0,0.0
12,24,2,0,,,,45.2,0,0,0,0.0
12,1,3,0,,,,43.1,0,0,0,0.0
12,2,3,0,,,,37.6,0,0,0,0.0
12,3,3,0,,,,36.5,0,0,0,0.0
12,4,3,0,,,,37.8,0,0,0,0.0
12,5,3,0,,,,36.0,0,0,0,0.0
12,6,3,0,,,,35.8,0,0,0,0.0
12,7,3,0,,,,35.9,0,0,0,0.0
12,8,3,0,,,,35.0,0,0,0,7.0
12,9,3,0,,,,42.0,0,0,0,43.0
12,10,3,0,,,,50.2,0,0,0,133.0
12,11,3,0,,,,58.8,0,0,0,145.0
12,12,3,0,,,,65.8,0,0,0,75.0
12,13,3,0,,,,67.2,0,0,0,51.0
12,14,3,0,,,,66.4,0,0,0,24.0
12,15,3,0,,,,69.3,0,0,0,2.0
12,16,3,0,,,,69.1,0,0,0,0.0
12,17,3,0,,,,71.8,0,0,0,0.0
12,18,3,0,,,,67.9,0,0,0,0.0
12,19,3,0,,,,60.0,0,0,0,0.0
12,20,3,0,,,,51.7,0,0,0,0.0
12,21,3,0,,,,49.4,0,0,0,0.0
12,22,3,0,,,,49.6,0,0,0,0.0
12,23,3,0,,,,47.5,0,0,0,0.0
12,24,3,0,,,,38.8,0,0,0,0.0
12,1,4,0,,,,38.0,0,0,0,0.0
12,2,4,0,,,,38.6,0,0,0,0.0
12,3,4,0,,,,35.4,0,0,0,0.0
12,4,4,0,,,,36.1,0,0,0,0.0
12,5,4,0,,,,35.4,0,0,0,0.0
12,6,4,0,,,,36.1,0,0,0,0.0
12,7,4,0,,,,37.3,0,0,0,0.0
12,8,4,0,,,,40.1,0,0,0,7.0
12,9,4,0,,,,45.2,0,0,0,30.0
12,10,4,0,,,,55.5,0,0,0,57.0
12,11,4,0,,,,59.2,0,0,0,199.0
12,12,4,0,,,,67.0,0,0,0,292.0
12,13,4,0,,,,68.8,0,0,0,240.0
12,14,4,0,,,,67.8,0,0,0,122.0
12,15,4,0,,,,66.7,0,0,0,16.0
12,16,4,0,,,,68.1,0,0,0,0.0
12,17,4,0,,,,69.5,0,0,0,0.0
12,18,4,0,,,,65.6,0,0,0,0.0
12,19,4,0,,,,57.8,0,0,0,0.0
12,20,4,0,,,,51.2,0,0,0,0.0
12,21,4,0,,,,52.4,0,0,0,0.0
12,22,4,0,,,,51.4,0,0,0,0.0
12,23,4,0,,,,51.8,0,0,0,0.0
12,24,4,0,,,,48.1,0,0,0,0.0
12,1,5,0,,,,44.7,0,0,0,0.0
12,2,5,0,,,,46.6,0,0,0,0.0
12,3,5,0,,,,46.4,0,0,0,0.0
12,4,5,0,,,,46.4,0,0,0,0.0
12,5,5,0,,,,45.2,0,0,0,0.0
12,6,5,0,,,,43.4,0,0,0,0.0
12,7,5,0,,,,44.8,0,0,0,0.0
12,8,5,0,,,,42.6,0,0,0,1.0
12,9,5,0,,,,49.8,0,0,0,23.0
12,10,5,0,,,,54.5,0,0,0,33.0
12,11,5,0,,,,64.8,0,0,0,90.0
12,12,5,0,,,,66.5,0,0,0,288.0
12,13,5,0,,,,64.5,0,0,0,387.0
12,14,5,0,,,,64.2,0,0,0,199.0
12,15,5,0,,,,68.3,0,0,0,14.0
12,16,5,0,,,,68.0,0,0,0,0.0
12,17,5,0,,,,61.0,0,0,0,0.0
12,18,5,0,,,,60.6,0,0,0,0.0
12,19,5,0,,,,50.5,0,0,0,0.0
12,20,5,0,,,,42.4,0,0,0,0.0
12,21,5,0,,,,39.6,0,0,0,0.0
12,22,5,0,,,,37.1,0,0,0,0.0
12,23,5,0,,,,36.1,0,0,0,0.0
12,24,5,0,,,,39.4,0,0,0,0.0
12,1,6,0,,,,36.0,0,0,0,0.0
12,2,6,0,,,,38.0,0,0,0,0.0
12,3,6,0,,,,40.9,0,0,0,0.0
12,4,6,0,,,,44.1,0,0,0,0.0
12,5,6,0,,,,40.3,0,0,0,0.0
12,6,6,0,,,,41.1,0,0,0,0.0
12,7,6,0,,,,40.8,0,0,0,0.0
12,8,6,0,,,,45.2,0,0,0,0.0
12,9,6,0,,,,48.1,0,0,0,7.0
12,10,6,0,,,,59.6,0,0,0,21.0
12,11,6,0,,,,71.1,0,0,0,39.0
12,12,6,0,,,,71.5,0,0,0,59.0
12,13,6,0,,,,69.8,0,0,0,64.0
12,14,6,0,,,,69.9,0,0,0,41.0
12,15,6,0,,,,69.0,0,0,0,4.0
12,16,6,0,,,,68.9,0,0,0,0.0
12,17,6,0,,,,67.7,0,0,0,0.0
12,18,6,0,,,,62.4,0,0,0,0.0
12,19,6,0,,,,55.1,0,0,0,0.0
12,20,6,0,,,,50.4,0,0,0,0.0
12,21,6,0,,,,51.2,0,0,0,0.0
12,22,6,0,,,,47.8,0,0,0,0.0
12,23,6,0,,,,48.2,0,0,0,0.0
12,24,6,0,,,,48.8,0,0,0,0.0
12,1,7,0,,,,52.1,0,0,0,0.0
12,2,7,0,,,,50.2,0,0,0,0.0
12,3,7,0,,,,48.5,0,0,0,0.0
12,4,7,0,,,,50.7,0,0,0,0.0
12,5,7,0,,,,50.5,0,0,0,0.0
12,6,7,0,,,,50.2,0,0,0,0.0
12,7,7,0,,,,50.3,0,0,0,0.0
12,8,7,0,,,,52.1,0,0,0,1.0
12,9,7,0,,,,50.9,0,0,0,12.0
12,10,7,0,,,,47.8,0,0,0,23.0
12,11,7,0,,,,45.3,0,0,0,39.0
12,12,7,0,,,,44.3,0,0,0,67.0
12,13,7,0,,,,47.0,0,0,0,79.0
12,14,7,0,,,,43.6,0,0,0,59.0
12,15,7,0,,,,43.9,0,0,0,5.0
12,16,7,0,,,,45.2,0,0,0,0.0
12,17,7,0,,,,47.4,0,0,0,0.0
12,18,7,0,,,,49.6,0,0,0,0.0
12,19,7,0,,,,49.7,0,0,0,0.0
12,20,7,0,,,,47.1,0,0,0,0.0
12,21,7,0,,,,45.7,0,0,0,0.0
12,22,7,0,,,,49.5,0,0,0,0.0
12,23,7,0,,,,47.8,0,0,0,0.0
12,24,7,0,,,,49.2,0,0,0,0.0
12,1,1,0,,,,47.8,0,0,0,0.0
12,2,1,0,,,,48.6,0,0,0,0.0
12,3,1,0,,,,49.4,0,0,0,0.0
12,4,1,0,,,,49.8,0,0,0,0.0
12,5,1,0,,,,49.8,0,0,0,0.0
12,6,1,0,,,,50.2,0,0,0,0.0
12,7,1,0,,,,51.2,0,0,0,0.0
12,8,1,0,,,,51.5,0,0,0,5.0
12,9,1,0,,,,48.4,0,0,0,45.0
12,10,1,0,,,,48.8,0,0,0,119.0
12,11,1,0,,,,51.9,0,0,0,127.0
12,12,1,0,,,,54.6,0,0,0,130.0
12,13,1,0,,,,49.0,0,0,0,142.0
12,14,1,0,,,,50.5,0,0,0,87.0
12,15,1,0,,,,51.3,0,0,0,12.0
12,16,1,0,,,,51.3,0,0,0,0.0
12,17,1,0,,,,53.9,0,0,0,0.0
12,18,1,0,,,,55.6,0,0,0,0.0
12,19,1,0,,,,53.4,0,0,0,0.0
12,20,1,0,,,,54.2,0,0,0,0.0
12,21,1,0,,,,55.6,0,0,0,0.0
12,22,1,0,,,,55.2,0,0,0,0.0
12,23,1,0,,,,51.2,0,0,0,0.0
12,24,1,0,,,,52.2,0,0,0,0.0
12,1,2,0,,,,52.7,0,0,0,0.0
12,2,2,0,,,,53.0,0,0,0,0.0
12,3,2,0,,,,53.3,0,0,0,0.0
12,4,2,0,,,,50.4,0,0,0,0.0
12,5,2,0,,,,49.0,0,0,0,0.0
12,6,2,0,,,,48.3,0,0,0,0.0
12,7,2,0,,,,51.4,0,0,0,0.0
12,8,2,0,,,,49.9,0,0,0,0.0
12,9,2,0,,,,53.9,0,0,0,4.0
12,10,2,0,,,,60.2,0,0,0,12.0
12,11,2,0,,,,62.3,0,0,0,18.0
12,12,2,0,,,,64.1,0,0,0,16.0
12,13,2,0,,,,68.7,0,0,0,8.0
12,14,2,0,,,,68.0,0,0,0,1.0
12,15,2,0,,,,66.8,0,0,0,0.0
12,16,2,0,,,,67.5,0,0,0,0.0
12,17,2,0,,,,67.6,0,0,0,0.0
12,18,2,0,,,,63.0,0,0,0,0.0
12,19,2,0,,,,57.6,0,0,0,0.0
12,20,2,0,,,,49.5,0,0,0,0.0
12,21,2,0,,,,42.1,0,0,0,0.0
12,22,2,0,,,,41.5,0,0,0,0.0
12,23,2,0,,,,42.2,0,0,0,0.0
12,24,2,0,,,,41.8,0,0,0,0.0
12,1,3,0,,,,41.7,0,0,0,0.0
12,2,3,0,,,,42.1,0,0,0,0.0
12,3,3,0,,,,41.8,0,0,0,0.0
12,4,3,0,,,,41.5,0,0,0,0.0
12,5,3,0,,,,41.1,0,0,0,0.0
12,6,3,0,,,,42.9,0,0,0,0.0
12,7,3,0,,,,42.9,0,0,0,0.0
12,8,3,0,,,,45.7,0,0,0,17.0
12,9,3,0,,,,50.0,0,0,0,70.0
12,10,3,0,,,,53.9,0,0,0,136.0
12,11,3,0,,,,54.5,0,0,0,167.0
12,12,3,0,,,,58.2,0,0,0,313.0
12,13,3,0,,,,59.5,0,0,0,292.0
12,14,3,0,,,,58.7,0,0,0,86.0
12,15,3,0,,,,61.9,0,0,0,13.0
12,16,3,0,,,,60.4,0,0,0,0.0
12,17,3,0,,,,62.7,0,0,0,0.0
12,18,3,0,,,,63.5,0,0,0,0.0
12,19,3,0,,,,52.5,0,0,0,0.0
12,20,3,0,,,,47.4,0,0,0,0.0
12,21,3,0,,,,45.8,0,0,0,0.0
12,22,3,0,,,,47.5,0,0,0,0.0
12,23,3,0,,,,44.5,0,0,0,0.0
12,24,3,0,,,,46.2,0,0,0,0.0
12,1,4,0,,,,42.8,0,0,0,0.0
12,2,4,0,,,,43.6,0,0,0,0.0
12,3,4,0,,,,42.4,0,0,0,0.0
12,4,4,0,,,,42.9,0,0,0,0.0
12,5,4,0,,,,42.5,0,0,0,0.0
12,6,4,0,,,,43.9,0,0,0,0.0
12,7,4,0,,,,46.9,0,0,0,0.0
12,8,4,0,,,,47.6,0,0,0,0.0
12,9,4,0,,,,50.2,0,0,0,7.0
12,10,4,0,,,,53.6,0,0,0,24.0
12,11,4,0,,,,56.2,0,0,0,34.0
12,12,4,0,,,,59.5,0,0,0,36.0
12,13,4,0,,,,62.2,0,0,0,29.0
12,14,4,0,,,,63.0,0,0,0,12.0
12,15,4,0,,,,65.2,0,0,0,0.0
12,16,4,0,,,,62.5,0,0,0,0.0
12,17,4,0,,,,62.6,0,0,0,0.0
12,18,4,0,,,,59.8,0,0,0,0.0
12,19,4,0,,,,54.6,0,0,0,0.0
12,20,4,0,,,,47.9,0,0,0,0.0
12,21,4,0,,,,44.0,0,0,0,0.0
12,22,4,0,,,,41.4,0,0,0,0.0
12,23,4,0,,,,41.6,0,0,0,0.0
12,24,4,0,,,,40.5,0,0,0,0.0
12,1,5,0,,,,39.8,0,0,0,0.0
12,2,5,0,,,,40.2,0,0,0,0.0
12,3,5,0,,,,39.8,0,0,0,0.0
12,4,5,0,,,,39.7,0,0,0,0.0
12,5,5,0,,,,40.6,0,0,0,0.0
12,6,5,0,,,,41.4,0,0,0,0.0
12,7,5,0,,,,41.4,0,0,0,0.0
12,8,5,0,,,,44.2,0,0,0,4.0
12,9,5,0,,,,49.4,0,0,0,28.0
12,10,5,0,,,,50.2,0,0,0,155.0
12,11,5,0,,,,49.4,0,0,0,347.0
12,12,5,0,,,,49.2,0,0,0,601.0
12,13,5,0,,,,50.2,0,0,0,557.0
12,14,5,0,,,,51.8,0,0,0,384.0
12,15,5,0,,,,51.8,0,0,0,86.0
12,16,5,0,,,,50.8,0,0,0,0.0
12,17,5,0,,,,52.2,0,0,0,0.0
12,18,5,0,,,,48.6,0,0,0,0.0
12,19,5,0,,,,44.0,0,0,0,0.0
12,20,5,0,,,,41.5,0,0,0,0.0
12,21,5,0,,,,42.1,0,0,0,0.0
12,22,5,0,,,,43.4,0,0,0,0.0
12,23,5,0,,,,41.6,0,0,0,0.0
12,24,5,0,,,,40.9,0,0,0,0.0
12,1,6,0,,,,38.7,0,0,0,0.0
12,2,6,0,,,,38.1,0,0,0,0.0
12,3,6,0,,,,38.0,0,0,0,0.0
12,4,6,0,,,,38.2,0,0,0,0.0
12,5,6,0,,,,38.6,0,0,0,0.0
12,6,6,0,,,,40.4,0,0,0,0.0
12,7,6,0,,,,39.9,0,0,0,0.0
12,8,6,0,,,,41.6,0,0,0,4.0
12,9,6,0,,,,42.4,0,0,0,29.0
12,10,6,0,,,,44.6,0,0,0,54.0
12,11,6,0,,,,46.0,0,0,0,77.0
12,12,6,0,,,,44.5,0,0,0,76.0
12,13,6,0,,,,44.1,0,0,0,33.0
12,14,6,0,,,,47.7,0,0,0,9.0
12,15,6,0,,,,44.8,0,0,0,0.0
12,16,6,0,,,,43.5,0,0,0,0.0
12,17,6,0,,,,44.4,0,0,0,0.0
12,18,6,0,,,,44.5,0,0,0,0.0
12,19,6,0,,,,44.8,0,0,0,0.0
12,20,6,0,,,,41.4,0,0,0,0.0
12,21,6,0,,,,39.8,0,0,0,0.0
12,22,6,0,,,,41.4,0,0,0,0.0
12,23,6,0,,,,40.0,0,0,0,0.0
12,24,6,0,,,,40.7,0,0,0,0.0
12,1,7,0,,,,41.2,0,0,0,0.0
12,2,7,0,,,,41.2,0,0,0,0.0
12,3,7,0,,,,42.9,0,0,0,0.0
12,4,7,0,,,,41.0,0,0,0,0.0
12,5,7,0,,,,43.4,0,0,0,0.0
12,6,7,0,,,,45.2,0,0,0,0.0
12,7,7,0,,,,46.5,0,0,0,0.0
12,8,7,0,,,,44.5,0,0,0,0.0
12,9,7,0,,,,45.4,0,0,0,13.0
12,10,7,0,,,,43.4,0,0,0,57.0
12,11,7,0,,,,44.8,0,0,0,114.0
12,12,7,0,,,,45.6,0,0,0,117.0
12,13,7,0,,,,46.2,0,0,0,72.0
12,14,7,0,,,,43.4,0,0,0,59.0
12,15,7,0,,,,41.9,0,0,0,24.0
12,16,7,0,,,,41.4,0,0,0,0.0
12,17,7,0,,,,43.2,0,0,0,0.0
12,18,7,0,,,,45.2,0,0,0,0.0
12,19,7,0,,,,46.4,0,0,0,0.0
12,20,7,0,,,,43.5,0,0,0,0.0
12,21,7,0,,,,42.9,0,0,0,0.0
12,22,7,0,,,,39.9,0,0,0,0.0
12,23,7,0,,,,40.3,0,0,0,0.0
12,24,7,0,,,,40.8,0,0,0,0.0
12,1,1,0,,,,39.2,0,0,0,0.0
12,2,1,0,,,,38.8,0,0,0,0.0
12,3,1,0,,,,38.6,0,0,0,0.0
12,4,1,0,,,,39.4,0,0,0,0.0
12,5,1,0,,,,38.8,0,0,0,0.0
12,6,1,0,,,,38.8,0,0,0,0.0
12,7,1,0,,,,39.1,0,0,0,0.0
12,8,1,0,,,,38.8,0,0,0,4.0
12,9,1,0,,,,37.6,0,0,0,24.0
12,10,1,0,,,,37.4,0,0,0,53.0
12,11,1,0,,,,37.9,0,0,0,78.0
12,12,1,0,,,,35.9,0,0,0,111.0
12,13,1,0,,,,37.2,0,0,0,151.0
12,14,1,0,,,,37.1,0,0,0,115.0
12,15,1,0,,,,38.1,0,0,0,15.0
12,16,1,0,,,,38.6,0,0,0,0.0
12,17,1,0,,,,39.8,0,0,0,0.0
12,18,1,0,,,,40.2,0,0,0,0.0
12,19,1,0,,,,39.7,0,0,0,0.0
12,20,1,0,,,,39.2,0,0,0,0.0
12,21,1,0,,,,39.5,0,0,0,0.0
12,22,1,0,,,,40.9,0,0,0,0.0
12,23,1,0,,,,41.8,0,0,0,0.0
12,24,1,0,,,,42.8,0,0,0,0.0
12,1,2,0,,,,42.5,0,0,0,0.0
12,2,2,0,,,,42.6,0,0,0,0.0
12,3,2,0,,,,42.0,0,0,0,0.0
12,4,2,0,,,,42.4,0,0,0,0.0
12,5,2,0,,,,43.0,0,0,0,0.0
12,6,2,0,,,,45.2,0,0,0,0.0
12,7,2,0,,,,42.2,0,0,0,0.0
12,8,2,0,,,,43.4,0,0,0,25.0
12,9,2,0,,,,42.3,0,0,0,102.0
12,10,2,0,,,,43.0,0,0,0,158.0
12,11,2,0,,,,43.1,0,0,0,162.0
12,12,2,0,,,,42.0,0,0,0,155.0
12,13,2,0,,,,43.0,0,0,0,133.0
12,14,2,0,,,,42.8,0,0,0,72.0
12,15,2,0,,,,43.1,0,0,0,9.0
12,16,2,0,,,,42.9,0,0,0,0.0
12,17,2,0,,,,42.9,0,0,0,0.0
12,18,2,0,,,,41.7,0,0,0,0.0
12,19,2,0,,,,42.0,0,0,0,0.0
12,20,2,0,,,,40.9,0,0,0,0.0
12,21,2,0,,,,41.6,0,0,0,0.0
12,22,2,0,,,,41.3,0,0,0,0.0
12,23,2,0,,,,41.2,0,0,0,0.0
12,24,2,0,,,,41.3,0,0,0,0.0
12,1,3,0,,,,40.8,0,0,0,0.0
12,2,3,0,,,,43.1,0,0,0,0.0
12,3,3,0,,,,41.6,0,0,0,0.0
12,4,3,0,,,,41.0,0,0,0,0.0
12,5,3,0,,,,41.1,0,0,0,0.0
12,6,3,0,,,,40.8,0,0,0,0.0
12,7,3,0,,,,41.3,0,0,0,0.0
12,8,3,0,,,,40.4,0,0,0,3.0
12,9,3,0,,,,39.5,0,0,0,33.0
12,10,3,0,,,,42.3,0,0,0,50.0
12,11,3,0,,,,42.6,0,0,0,52.0
12,12,3,0,,,,41.4,0,0,0,53.0
12,13,3,0,,,,41.4,0,0,0,72.0
12,14,3,0,,,,41.0,0,0,0,34.0
12,15,3,0,,,,41.1,0,0,0,0.0
12,16,3,0,,,,42.0,0,0,0,0.0
12,17,3,0,,,,41.4,0,0,0,0.0
12,18,3,0,,,,40.4,0,0,0,0.0
12,19,3,0,,,,40.8,0,0,0,0.0
12,20,3,0,,,,41.1,0,0,0,0.0
12,21,3,0,,,,40.6,0,0,0,0.0
12,22,3,0,,,,41.0,0,0,0,0.0
12,23,3,0,,,,42.5,0,0,0,0.0
12,24,3,0,,,,40.4,0,0,0,0.0
12,1,4,0,,,,40.5,0,0,0,0.0
12,2,4,0,,,,39.5,0,0,0,0.0
12,3,4,0,,,,40.6,0,0,0,0.0
12,4,4,0,,,,41.0,0,0,0,0.0
12,5,4,0,,,,39.9,0,0,0,0.0
12,6,4,0,,,,39.2,0,0,0,0.0
12,7,4,0,,,,39.9,0,0,0,0.0
12,8,4,0,,,,40.2,0,0,0,18.0
12,9,4,0,,,,41.5,0,0,0,85.0
12,10,4,0,,,,43.4,0,0,0,86.0
12,11,4,0,,,,43.5,0,0,0,65.0
12,12,4,0,,,,41.8,0,0,0,58.0
12,13,4,0,,,,41.0,0,0,0,57.0
12,14,4,0,,,,41.0,0,0,0,82.0
12,15,4,0,,,,42.3,0,0,0,35.0
12,16,4,0,,,,41.6,0,0,0,0.0
12,17,4,0,,,,41.8,0,0,0,0.0
12,18,4,0,,,,42.9,0,0,0,0.0
12,19,4,0,,,,43.2,0,0,0,0.0
12,20,4,0,,,,39.8,0,0,0,0.0
12,21,4,0,,,,41.3,0,0,0,0.0
12,22,4,0,,,,40.7,0,0,0,0.0
12,23,4,0,,,,40.5,0,0,0,0.0
12,24,4,0,,,,39.8,0,0,0,0.0
12,1,5,0,,,,39.6,0,0,0,0.0
12,2,5,0,,,,39.7,0,0,0,0.0
12,3,5,0,,,,39.5,0,0,0,0.0
12,4,5,0,,,,40.5,0,0,0,0.0
12,5,5,0,,,,40.4,0,0,0,0.0
12,6,5,0,,,,39.9,0,0,0,0.0
12,7,5,0,,,,39.5,0,0,0,0.0
12,8,5,0,,,,40.4,0,0,0,3.0
12,9,5,0,,,,40.1,0,0,0,43.0
12,10,5,0,,,,45.0,0,0,0,106.0
12,11,5,0,,,,44.8,0,0,0,106.0
12,12,5,0,,,,40.6,0,0,0,82.0
12,13,5,0,,,,42.3,0,0,0,53.0
12,14,5,0,,,,43.2,0,0,0,33.0
12,15,5,0,,,,42.5,0,0,0,6.0
12,16,5,0,,,,43.2,0,0,0,0.0
12,17,5,0,,,,44.7,0,0,0,0.0
12,18,5,0,,,,41.5,0,0,0,0.0
12,19,5,0,,,,39.4,0,0,0,0.0
12,20,5,0,,,,39.2,0,0,0,0.0
12,21,5,0,,,,40.1,0,0,0,0.0
12,22,5,0,,,,40.7,0,0,0,0.0
12,23,5,0,,,,38.9,0,0,0,0.0
12,24,5,0,,,,40.0,0,0,0,0.0
12,1,6,0,,,,40.5,0,0,0,0.0
12,2,6,0,,,,40.2,0,0,0,0.0
12,3,6,0,,,,39.7,0,0,0,0.0
12,4,6,0,,,,40.5,0,0,0,0.0
12,5,6,0,,,,40.1,0,0,0,0.0
12,6,6,0,,,,42.2,0,0,0,0.0
12,7,6,0,,,,40.9,0,0,0,0.0
12,8,6,0,,,,40.5,0,0,0,24.0
12,9,6,0,,,,41.4,0,0,0,74.0
12,10,6,0,,,,42.2,0,0,0,96.0
12,11,6,0,,,,41.1,0,0,0,290.0
12,12,6,0,,,,43.8,0,0,0,328.0
12,13,6,0,,,,39.0,0,0,0,129.0
12,14,6,0,,,,40.4,0,0,0,15.0
12,15,6,0,,,,39.9,0,0,0,0.0
12,16,6,0,,,,40.3,0,0,0,0.0
12,17,6,0,,,,43.0,0,0,0,0.0
12,18,6,0,,,,41.9,0,0,0,0.0
12,19,6,0,,,,43.0,0,0,0,0.0
12,20,6,0,,,,40.2,0,0,0,0.0
12,21,6,0,,,,41.3,0,0,0,0.0
12,22,6,0,,,,41.6,0,0,0,0.0
12,23,6,0,,,,42.2,0,0,0,0.0
12,24,6,0,,,,40.7,0,0,0,0.0
12,1,7,0,,,,40.8,0,0,0,0.0
12,2,7,0,,,,40.6,0,0,0,0.0
12,3,7,0,,,,40.1,0,0,0,0.0
12,4,7,0,,,,40.1,0,0,0,0.0
12,5,7,0,,,,40.7,0,0,0,0.0
12,6,7,0,,,,39.6,0,0,0,0.0
12,7,7,0,,,,39.8,0,0,0,0.0
12,8,7,0,,,,41.8,0,0,0,1.0
12,9,7,0,,,,40.9,0,0,0,38.0
12,10,7,0,,,,40.1,0,0,0,73.0
12,11,7,0,,,,39.4,0,0,0,90.0
12,12,7,0,,,,40.0,0,0,0,78.0
12,13,7,0,,,,40.3,0,0,0,65.0
12,14,7,0,,,,40.6,0,0,0,27.0
12,15,7,0,,,,39.2,0,0,0,2.0
12,16,7,0,,,,38.4,0,0,0,0.0
12,17,7,0,,,,39.9,0,0,0,0.0
12,18,7,0,,,,39.9,0,0,0,0.0
12,19,7,0,,,,39.0,0,0,0,0.0
12,20,7,0,,,,38.8,0,0,0,0.0
12,21,7,0,,,,39.3,0,0,0,0.0
12,22,7,0,,,,39.9,0,0,0,0.0
12,23,7,0,,,,41.1,0,0,0,0.0
12,24,7,0,,,,41.0,0,0,0,0.0
1,1,1,0,,,,41.5,0,0,0,0.0
1,2,1,0,,,,40.7,0,0,0,0.0
1,3,1,0,,,,41.1,0,0,0,0.0
1,4,1,0,,,,40.6,0,0,0,0.0
1,5,1,0,,,,42.1,0,0,0,0.0
1,6,1,0,,,,41.8,0,0,0,0.0
1,7,1,0,,,,44.0,0,0,0,0.0
1,8,1,0,,,,42.6,0,0,0,2.0
1,9,1,0,,,,40.8,0,0,0,51.0
1,10,1,0,,,,41.2,0,0,0,163.0
1,11,1,0,,,,41.4,0,0,0,143.0
1,12,1,0,,,,41.1,0,0,0,81.0
1,13,1,0,,,,41.9,0,0,0,44.0
1,14,1,0,,,,43.4,0,0,0,15.0
1,15,1,0,,,,42.6,0,0,0,0.0
1,16,1,0,,,,43.4,0,0,0,0.0
1,17,1,0,,,,44.3,0,0,0,0.0
1,18,1,0,,,,44.4,0,0,0,0.0
1,19,1,0,,,,44.4,0,0,0,0.0
1,20,1,0,,,,43.8,0,0,0,0.0
1,21,1,0,,,,43.9,0,0,0,0.0
1,22,1,0,,,,44.3,0,0,0,0.0
1,23,1,0,,,,44.7,0,0,0,0.0
1,24,1,0,,,,46.2,0,0,0,0.0
1,1,2,0,,,,46.5,0,0,0,0.0
1,2,2,0,,,,44.6,0,0,0,0.0
1,3,2,0,,,,44.7,0,0,0,0.0
1,4,2,0,,,,47.9,0,0,0,0.0
1,5,2,0,,,,46.1,0,0,0,0.0
1,6,2,0,,,,45.4,0,0,0,0.0
1,7,2,0,,,,45.1,0,0,0,0.0
1,8,2,0,,,,49.1,0,0,0,9.0
1,9,2,0,,,,49.8,0,0,0,104.0
1,10,2,0,,,,52.6,0,0,0,303.0
1,11,2,0,,,,57.9,0,0,0,442.0
1,12,2,0,,,,59.9,0,0,0,498.0
1,13,2,0,,,,57.4,0,0,0,389.0
1,14,2,0,,,,57.1,0,0,0,208.0
1,15,2,0,,,,57.8,0,0,0,37.0
1,16,2,0,,,,58.5,0,0,0,0.0
1,17,2,0,,,,57.3,0,0,0,0.0
1,18,2,0,,,,55.8,0,0,0,0.0
1,19,2,0,,,,51.2,0,0,0,0.0
1,20,2,0,,,,50.3,0,0,0,0.0
1,21,2,0,,,,47.6,0,0,0,0.0
1,22,2,0,,,,47.0,0,0,0,0.0
1,23,2,0,,,,47.3,0,0,0,0.0
1,24,2,0,,,,47.4,0,0,0,0.0
1,1,3,0,,,,47.2,0,0,0,0.0
1,2,3,0,,,,47.4,0,0,0,0.0
1,3,3,0,,,,47.0,0,0,0,0.0
1,4,3,0,,,,46.3,0,0,0,0.0
1,5,3,0,,,,46.3,0,0,0,0.0
1,6,3,0,,,,45.8,0,0,0,0.0
1,7,3,0,,,,45.1,0,0,0,0.0
1,8,3,0,,,,48.6,0,0,0,0.0
1,9,3,0,,,,52.5,0,0,0,12.0
1,10,3,0,,,,62.1,0,0,0,22.0
1,11,3,0,,,,65.1,0,0,0,28.0
1,12,3,0,,,,65.8,0,0,0,78.0
1,13,3,0,,,,66.0,0,0,0,259.0
1,14,3,0,,,,64.5,0,0,0,228.0
1,15,3,0,,,,64.1,0,0,0,29.0
1,16,3,0,,,,63.8,0,0,0,0.0
1,17,3,0,,,,63.0,0,0,0,0.0
1,18,3,0,,,,57.4,0,0,0,0.0
1,19,3,0,,,,51.5,0,0,0,0.0
1,20,3,0,,,,51.1,0,0,0,0.0
1,21,3,0,,,,49.4,0,0,0,0.0
1,22,3,0,,,,47.1,0,0,0,0.0
1,23,3,0,,,,46.8,0,0,0,0.0
1,24,3,0,,,,49.1,0,0,0,0.0
1,1,4,0,,,,46.0,0,0,0,0.0
1,2,4,0,,,,46.2,0,0,0,0.0
1,3,4,0,,,,45.9,0,0,0,0.0
1,4,4,0,,,,46.2,0,0,0,0.0
1,5,4,0,,,,49.1,0,0,0,0.0
1,6,4,0,,,,45.8,0,0,0,0.0
1,7,4,0,,,,44.8,0,0,0,0.0
1,8,4,0,,,,49.8,0,0,0,32.0
1,9,4,0,,,,56.3,0,0,0,109.0
1,10,4,0,,,,62.5,0,0,0,110.0
1,11,4,0,,,,67.8,0,0,0,104.0
1,12,4,0,,,,68.7,0,0,0,65.0
1,13,4,0,,,,71.8,0,0,0,38.0
1,14,4,0,,,,72.2,0,0,0,13.0
1,15,4,0,,,,69.6,0,0,0,0.0
1,16,4,0,,,,68.9,0,0,0,0.0
1,17,4,0,,,,66.9,0,0,0,0.0
1,18,4,0,,,,61.9,0,0,0,0.0
1,19,4,0,,,,56.3,0,0,0,0.0
1,20,4,0,,,,51.7,0,0,0,0.0
1,21,4,0,,,,51.5,0,0,0,0.0
1,22,4,0,,,,51.2,0,0,0,0.0
1,23,4,0,,,,50.3,0,0,0,0.0
1,24,4,0,,,,50.2,0,0,0,0.0
1,1,5,0,,,,50.3,0,0,0,0.0
1,2,5,0,,,,48.0,0,0,0,0.0
1,3,5,0,,,,48.4,0,0,0,0.0
1,4,5,0,,,,50.7,0,0,0,0.0
1,5,5,0,,,,51.4,0,0,0,0.0
1,6,5,0,,,,49.2,0,0,0,0.0
1,7,5,0,,,,49.4,0,0,0,0.0
1,8,5,0,,,,52.2,0,0,0,42.0
1,9,5,0,,,,59.2,0,0,0,151.0
1,10,5,0,,,,64.6,0,0,0,201.0
1,11,5,0,,,,69.8,0,0,0,181.0
1,12,5,0,,,,70.2,0,0,0,117.0
1,13,5,0,,,,67.9,0,0,0,90.0
1,14,5,0,,,,66.2,0,0,0,47.0
1,15,5,0,,,,70.8,0,0,0,7.0
1,16,5,0,,,,70.1,0,0,0,0.0
1,17,5,0,,,,68.3,0,0,0,0.0
1,18,5,0,,,,62.1,0,0,0,0.0
1,19,5,0,,,,57.8,0,0,0,0.0
1,20,5,0,,,,55.4,0,0,0,0.0
1,21,5,0,,,,54.2,0,0,0,0.0
1,22,5,0,,,,52.0,0,0,0,0.0
1,23,5,0,,,,53.0,0,0,0,0.0
1,24,5,0,,,,53.2,0,0,0,0.0
1,1,6,0,,,,53.2,0,0,0,0.0
1,2,6,0,,,,52.8,0,0,0,0.0
1,3,6,0,,,,53.1,0,0,0,0.0
1,4,6,0,,,,53.4,0,0,0,0.0
1,5,6,0,,,,52.9,0,0,0,0.0
1,6,6,0,,,,50.7,0,0,0,0.0
1,7,6,0,,,,51.8,0,0,0,0.0
1,8,6,0,,,,56.2,0,0,0,39.0
1,9,6,0,,,,59.4,0,0,0,224.0
1,10,6,0,,,,64.2,0,0,0,679.0
1,11,6,0,,,,69.3,0,0,0,753.0
1,12,6,0,,,,72.0,0,0,0,738.0
1,13,6,0,,,,70.0,0,0,0,650.0
1,14,6,0,,,,68.5,0,0,0,456.0
1,15,6,0,,,,67.5,0,0,0,134.0
1,16,6,0,,,,67.7,0,0,0,0.0
1,17,6,0,,,,64.8,0,0,0,0.0
1,18,6,0,,,,58.1,0,0,0,0.0
1,19,6,0,,,,51.2,0,0,0,0.0
1,20,6,0,,,,48.6,0,0,0,0.0
1,21,6,0,,,,47.6,0,0,0,0.0
1,22,6,0,,,,47.1,0,0,0,0.0
1,23,6,0,,,,46.3,0,0,0,0.0
1,24,6,0,,,,46.4,0,0,0,0.0
1,1,7,0,,,,46.3,0,0,0,0.0
1,2,7,0,,,,46.6,0,0,0,0.0
1,3,7,0,,,,46.3,0,0,0,0.0
1,4,7,0,,,,46.6,0,0,0,0.0
1,5,7,0,,,,46.7,0,0,0,0.0
1,6,7,0,,,,45.8,0,0,0,0.0
1,7,7,0,,,,46.1,0,0,0,0.0
1,8,7,0,,,,47.0,0,0,0,139.0
1,9,7,0,,,,46.3,0,0,0,413.0
1,10,7,0,,,,46.6,0,0,0,557.0
1,11,7,0,,,,48.2,0,0,0,618.0
1,12,7,0,,,,47.8,0,0,0,588.0
1,13,7,0,,,,47.7,0,0,0,483.0
1,14,7,0,,,,47.3,0,0,0,309.0
1,15,7,0,,,,46.8,0,0,0,78.0
1,16,7,0,,,,49.1,0,0,0,0.0
1,17,7,0,,,,52.8,0,0,0,0.0
1,18,7,0,,,,52.0,0,0,0,0.0
1,19,7,0,,,,51.8,0,0,0,0.0
1,20,7,0,,,,51.8,0,0,0,0.0
1,21,7,0,,,,51.5,0,0,0,0.0
1,22,7,0,,,,51.6,0,0,0,0.0
1,23,7,0,,,,50.5,0,0,0,0.0
1,24,7,0,,,,50.0,0,0,0,0.0
1,1,1,0,,,,49.5,0,0,0,0.0
1,2,1,0,,,,49.8,0,0,0,0.0
1,3,1,0,,,,49.6,0,0,0,0.0
1,4,1,0,,,,49.1,0,0,0,0.0
1,5,1,0,,,,49.3,0,0,0,0.0
1,6,1,0,,,,49.7,0,0,0,0.0
1,7,1,0,,,,49.9,0,0,0,0.0
1,8,1,0,,,,49.2,0,0,0,65.0
1,9,1,0,,,,48.2,0,0,0,289.0
1,10,1,0,,,,47.6,0,0,0,451.0
1,11,1,0,,,,47.0,0,0,0,455.0
1,12,1,0,,,,47.3,0,0,0,186.0
1,13,1,0,,,,47.8,0,0,0,57.0
1,14,1,0,,,,48.6,0,0,0,15.0
1,15,1,0,,,,49.3,0,0,0,0.0
1,16,1,0,,,,50.8,0,0,0,0.0
1,17,1,0,,,,51.6,0,0,0,0.0
1,18,1,0,,,,51.8,0,0,0,0.0
1,19,1,0,,,,53.5,0,0,0,0.0
1,20,1,0,,,,52.2,0,0,0,0.0
1,21,1,0,,,,51.6,0,0,0,0.0
1,22,1,0,,,,52.4,0,0,0,0.0
1,23,1,0,,,,50.7,0,0,0,0.0
1,24,1,0,,,,50.9,0,0,0,0.0
1,1,2,0,,,,49.6,0,0,0,0.0
1,2,2,0,,,,49.4,0,0,0,0.0
1,3,2,0,,,,50.0,0,0,0,0.0
1,4,2,0,,,,50.5,0,0,0,0.0
1,5,2,0,,,,49.3,0,0,0,0.0
1,6,2,0,,,,48.7,0,0,0,0.0
1,7,2,0,,,,49.1,0,0,0,0.0
1,8,2,0,,,,53.4,0,0,0,5.0
1,9,2,0,,,,60.1,0,0,0,52.0
1,10,2,0,,,,70.2,0,0,0,128.0
1,11,2,0,,,,74.5,0,0,0,65.0
1,12,2,0,,,,77.5,0,0,0,52.0
1,13,2,0,,,,76.2,0,0,0,47.0
1,14,2,0,,,,74.9,0,0,0,37.0
1,15,2,0,,,,74.6,0,0,0,11.0
1,16,2,0,,,,75.4,0,0,0,0.0
1,17,2,0,,,,73.3,0,0,0,0.0
1,18,2,0,,,,66.1,0,0,0,0.0
1,19,2,0,,,,56.8,0,0,0,0.0
1,20,2,0,,,,52.8,0,0,0,0.0
1,21,2,0,,,,50.5,0,0,0,0.0
1,22,2,0,,,,52.1,0,0,0,0.0
1,23,2,0,,,,49.5,0,0,0,0.0
1,24,2,0,,,,49.5,0,0,0,0.0
1,1,3,0,,,,49.2,0,0,0,0.0
1,2,3,0,,,,48.2,0,0,0,0.0
1,3,3,0,,,,47.5,0,0,0,0.0
1,4,3,0,,,,48.6,0,0,0,0.0
1,5,3,0,,,,47.1,0,0,0,0.0
1,6,3,0,,,,46.8,0,0,0,0.0
1,7,3,0,,,,48.0,0,0,0,0.0
1,8,3,0,,,,51.3,0,0,0,9.0
1,9,3,0,,,,59.3,0,0,0,41.0
1,10,3,0,,,,67.9,0,0,0,62.0
1,11,3,0,,,,78.3,0,0,0,65.0
1,12,3,0,,,,76.7,0,0,0,86.0
1,13,3,0,,,,78.4,0,0,0,71.0
1,14,3,0,,,,75.8,0,0,0,51.0
1,15,3,0,,,,76.2,0,0,0,14.0
1,16,3,0,,,,73.8,0,0,0,0.0
1,17,3,0,,,,72.1,0,0,0,0.0
1,18,3,0,,,,65.3,0,0,0,0.0
1,19,3,0,,,,60.0,0,0,0,0.0
1,20,3,0,,,,53.0,0,0,0,0.0
1,21,3,0,,,,51.6,0,0,0,0.0
1,22,3,0,,,,50.3,0,0,0,0.0
1,23,3,0,,,,50.5,0,0,0,0.0
1,24,3,0,,,,50.8,0,0,0,0.0
1,1,4,0,,,,50.4,0,0,0,0.0
1,2,4,0,,,,49.5,0,0,0,0.0
1,3,4,0,,,,49.7,0,0,0,0.0
1,4,4,0,,,,49.7,0,0,0,0.0
1,5,4,0,,,,48.7,0,0,0,0.0
1,6,4,0,,,,48.0,0,0,0,0.0
1,7,4,0,,,,48.4,0,0,0,0.0
1,8,4,0,,,,53.8,0,0,0,54.0
1,9,4,0,,,,62.5,0,0,0,117.0
1,10,4,0,,,,73.0,0,0,0,128.0
1,11,4,0,,,,77.8,0,0,0,135.0
1,12,4,0,,,,75.8,0,0,0,141.0
1,13,4,0,,,,75.3,0,0,0,114.0
1,14,4,0,,,,74.1,0,0,0,60.0
1,15,4,0,,,,73.3,0,0,0,10.0
1,16,4,0,,,,74.0,0,0,0,0.0
1,17,4,0,,,,73.4,0,0,0,0.0
1,18,4,0,,,,66.8,0,0,0,0.0
1,19,4,0,,,,58.8,0,0,0,0.0
1,20,4,0,,,,54.4,0,0,0,0.0
1,21,4,0,,,,54.4,0,0,0,0.0
1,22,4,0,,,,51.3,0,0,0,0.0
1,23,4,0,,,,50.2,0,0,0,0.0
1,24,4,0,,,,48.7,0,0,0,0.0
1,1,5,0,,,,49.0,0,0,0,0.0
1,2,5,0,,,,48.9,0,0,0,0.0
1,3,5,0,,,,48.4,0,0,0,0.0
1,4,5,0,,,,46.6,0,0,0,0.0
1,5,5,0,,,,46.0,0,0,0,0.0
1,6,5,0,,,,48.6,0,0,0,0.0
1,7,5,0,,,,47.9,0,0,0,0.0
1,8,5,0,,,,51.2,0,0,0,14.0
1,9,5,0,,,,59.0,0,0,0,27.0
1,10,5,0,,,,66.5,0,0,0,30.0
1,11,5,0,,,,71.0,0,0,0,95.0
1,12,5,0,,,,71.1,0,0,0,263.0
1,13,5,0,,,,73.1,0,0,0,355.0
1,14,5,0,,,,74.1,0,0,0,281.0
1,15,5,0,,,,73.6,0,0,0,74.0
1,16,5,0,,,,73.4,0,0,0,0.0
1,17,5,0,,,,71.2,0,0,0,0.0
1,18,5,0,,,,63.6,0,0,0,0.0
1,19,5,0,,,,56.1,0,0,0,0.0
1,20,5,0,,,,52.3,0,0,0,0.0
1,21,5,0,,,,50.2,0,0,0,0.0
1,22,5,0,,,,47.1,0,0,0,0.0
1,23,5,0,,,,45.1,0,0,0,0.0
1,24,5,0,,,,45.1,0,0,0,0.0
1,1,6,0,,,,45.2,0,0,0,0.0
1,2,6,0,,,,45.4,0,0,0,0.0
1,3,6,0,,,,45.5,0,0,0,0.0
1,4,6,0,,,,45.3,0,0,0,0.0
1,5,6,0,,,,45.5,0,0,0,0.0
1,6,6,0,,,,45.9,0,0,0,0.0
1,7,6,0,,,,45.9,0,0,0,0.0
1,8,6,0,,,,51.4,0,0,0,15.0
1,9,6,0,,,,56.5,0,0,0,48.0
1,10,6,0,,,,65.6,0,0,0,112.0
1,11,6,0,,,,71.3,0,0,0,485.0
1,12,6,0,,,,73.3,0,0,0,620.0
1,13,6,0,,,,72.3,0,0,0,570.0
1,14,6,0,,,,72.0,0,0,0,436.0
1,15,6,0,,,,73.0,0,0,0,136.0
1,16,6,0,,,,71.5,0,0,0,0.0
1,17,6,0,,,,66.2,0,0,0,0.0
1,18,6,0,,,,62.4,0,0,0,0.0
1,19,6,0,,,,55.8,0,0,0,0.0
1,20,6,0,,,,48.6,0,0,0,0.0
1,21,6,0,,,,48.4,0,0,0,0.0
1,22,6,0,,,,47.2,0,0,0,0.0
1,23,6,0,,,,48.2,0,0,0,0.0
1,24,6,0,,,,47.9,0,0,0,0.0
1,1,7,0,,,,47.4,0,0,0,0.0
1,2,7,0,,,,46.8,0,0,0,0.0
1,3,7,0,,,,48.1,0,0,0,0.0
1,4,7,0,,,,48.1,0,0,0,0.0
1,5,7,0,,,,48.9,0,0,0,0.0
1,6,7,0,,,,48.0,0,0,0,0.0
1,7,7,0,,,,47.7,0,0,0,0.0
1,8,7,0,,,,48.8,0,0,0,281.0
1,9,7,0,,,,47.9,0,0,0,518.0
1,10,7,0,,,,48.1,0,0,0,675.0
1,11,7,0,,,,47.7,0,0,0,750.0
1,12,7,0,,,,48.4,0,0,0,734.0
1,13,7,0,,,,47.7,0,0,0,657.0
1,14,7,0,,,,47.9,0,0,0,477.0
1,15,7,0,,,,47.7,0,0,0,157.0
1,16,7,0,,,,47.6,0,0,0,0.0
1,17,7,0,,,,49.1,0,0,0,0.0
1,18,7,0,,,,47.0,0,0,0,0.0
1,19,7,0,,,,46.8,0,0,0,0.0
1,20,7,0,,,,46.3,0,0,0,0.0
1,21,7,0,,,,46.4,0,0,0,0.0
1,22,7,0,,,,45.7,0,0,0,0.0
1,23,7,0,,,,44.6,0,0,0,0.0
1,24,7,0,,,,43.5,0,0,0,0.0
1,1,1,0,,,,43.3,0,0,0,0.0
1,2,1,0,,,,43.2,0,0,0,0.0
1,3,1,0,,,,43.7,0,0,0,0.0
1,4,1,0,,,,43.6,0,0,0,0.0
1,5,1,0,,,,44.0,0,0,0,0.0
1,6,1,0,,,,43.7,0,0,0,0.0
1,7,1,0,,,,42.4,0,0,0,0.0
1,8,1,0,,,,44.3,0,0,0,129.0
1,9,1,0,,,,42.0,0,0,0,299.0
1,10,1,0,,,,42.1,0,0,0,460.0
1,11,1,0,,,,41.8,0,0,0,554.0
1,12,1,0,,,,42.6,0,0,0,555.0
1,13,1,0,,,,43.0,0,0,0,489.0
1,14,1,0,,,,43.8,0,0,0,371.0
1,15,1,0,,,,44.9,0,0,0,134.0
1,16,1,0,,,,47.3,0,0,0,0.0
1,17,1,0,,,,49.3,0,0,0,0.0
1,18,1,0,,,,46.9,0,0,0,0.0
1,19,1,0,,,,46.1,0,0,0,0.0
1,20,1,0,,,,45.0,0,0,0,0.0
1,21,1,0,,,,46.2,0,0,0,0.0
1,22,1,0,,,,46.6,0,0,0,0.0
1,23,1,0,,,,47.6,0,0,0,0.0
1,24,1,0,,,,46.8,0,0,0,0.0
1,1,2,0,,,,46.4,0,0,0,0.0
1,2,2,0,,,,47.4,0,0,0,0.0
1,3,2,0,,,,46.0,0,0,0,0.0
1,4,2,0,,,,47.0,0,0,0,0.0
1,5,2,0,,,,46.4,0,0,0,0.0
1,6,2,0,,,,46.9,0,0,0,0.0
1,7,2,0,,,,46.4,0,0,0,0.0
1,8,2,0,,,,52.9,0,0,0,323.0
1,9,2,0,,,,60.6,0,0,0,597.0
1,10,2,0,,,,69.9,0,0,0,745.0
1,11,2,0,,,,78.9,0,0,0,784.0
1,12,2,0,,,,76.9,0,0,0,765.0
1,13,2,0,,,,77.6,0,0,0,697.0
1,14,2,0,,,,74.6,0,0,0,539.0
1,15,2,0,,,,75.5,0,0,0,204.0
1,16,2,0,,,,73.5,0,0,0,0.0
1,17,2,0,,,,73.9,0,0,0,0.0
1,18,2,0,,,,64.1,0,0,0,0.0
1,19,2,0,,,,55.4,0,0,0,0.0
1,20,2,0,,,,50.8,0,0,0,0.0
1,21,2,0,,,,49.2,0,0,0,0.0
1,22,2,0,,,,47.2,0,0,0,0.0
1,23,2,0,,,,47.0,0,0,0,0.0
1,24,2,0,,,,45.7,0,0,0,0.0
1,1,3,0,,,,46.7,0,0,0,0.0
1,2,3,0,,,,45.5,0,0,0,0.0
1,3,3,0,,,,45.3,0,0,0,0.0
1,4,3,0,,,,46.2,0,0,0,0.0
1,5,3,0,,,,45.7,0,0,0,0.0
1,6,3,0,,,,46.3,0,0,0,0.0
1,7,3,0,,,,45.3,0,0,0,0.0
1,8,3,0,,,,51.1,0,0,0,74.0
1,9,3,0,,,,58.4,0,0,0,130.0
1,10,3,0,,,,70.2,0,0,0,246.0
1,11,3,0,,,,72.8,0,0,0,406.0
1,12,3,0,,,,75.0,0,0,0,238.0
1,13,3,0,,,,76.6,0,0,0,118.0
1,14,3,0,,,,76.4,0,0,0,112.0
1,15,3,0,,,,78.6,0,0,0,79.0
1,16,3,0,,,,77.2,0,0,0,0.0
1,17,3,0,,,,73.2,0,0,0,0.0
1,18,3,0,,,,65.7,0,0,0,0.0
1,19,3,0,,,,57.3,0,0,0,0.0
1,20,3,0,,,,51.9,0,0,0,0.0
1,21,3,0,,,,51.2,0,0,0,0.0
1,22,3,0,,,,48.7,0,0,0,0.0
1,23,3,0,,,,47.7,0,0,0,0.0
1,24,3,0,,,,48.0,0,0,0,0.0
1,1,4,0,,,,47.8,0,0,0,0.0
1,2,4,0,,,,47.8,0,0,0,0.0
1,3,4,0,,,,48.6,0,0,0,0.0
1,4,4,0,,,,50.4,0,0,0,0.0
1,5,4,0,,,,47.9,0,0,0,0.0
1,6,4,0,,,,49.6,0,0,0,0.0
1,7,4,0,,,,48.3,0,0,0,0.0
1,8,4,0,,,,55.4,0,0,0,0.0
1,9,4,0,,,,62.6,0,0,0,7.0
1,10,4,0,,,,69.7,0,0,0,28.0
1,11,4,0,,,,79.5,0,0,0,65.0
1,12,4,0,,,,81.9,0,0,0,87.0
1,13,4,0,,,,77.4,0,0,0,66.0
1,14,4,0,,,,76.8,0,0,0,23.0
1,15,4,0,,,,77.3,0,0,0,2.0
1,16,4,0,,,,76.3,0,0,0,0.0
1,17,4,0,,,,70.9,0,0,0,0.0
1,18,4,0,,,,64.8,0,0,0,0.0
1,19,4,0,,,,58.4,0,0,0,0.0
1,20,4,0,,,,51.9,0,0,0,0.0
1,21,4,0,,,,52.5,0,0,0,0.0
1,22,4,0,,,,50.5,0,0,0,0.0
1,23,4,0,,,,48.8,0,0,0,0.0
1,24,4,0,,,,46.3,0,0,0,0.0
1,1,5,0,,,,46.9,0,0,0,0.0
1,2,5,0,,,,47.0,0,0,0,0.0
1,3,5,0,,,,46.2,0,0,0,0.0
1,4,5,0,,,,47.0,0,0,0,0.0
1,5,5,0,,,,47.1,0,0,0,0.0
1,6,5,0,,,,47.5,0,0,0,0.0
1,7,5,0,,,,47.1,0,0,0,0.0
1,8,5,0,,,,50.1,0,0,0,0.0
1,9,5,0,,,,59.2,0,0,0,23.0
1,10,5,0,,,,71.9,0,0,0,174.0
1,11,5,0,,,,75.8,0,0,0,467.0
1,12,5,0,,,,76.0,0,0,0,542.0
1,13,5,0,,,,75.6,0,0,0,495.0
1,14,5,0,,,,73.8,0,0,0,284.0
1,15,5,0,,,,77.0,0,0,0,57.0
1,16,5,0,,,,74.2,0,0,0,0.0
1,17,5,0,,,,69.4,0,0,0,0.0
1,18,5,0,,,,64.3,0,0,0,0.0
1,19,5,0,,,,57.4,0,0,0,0.0
1,20,5,0,,,,54.4,0,0,0,0.0
1,21,5,0,,,,51.2,0,0,0,0.0
1,22,5,0,,,,50.0,0,0,0,0.0
1,23,5,0,,,,48.0,0,0,0,0.0
1,24,5,0,,,,46.9,0,0,0,0.0
1,1,6,0,,,,46.9,0,0,0,0.0
1,2,6,0,,,,46.8,0,0,0,0.0
1,3,6,0,,,,47.1,0,0,0,0.0
1,4,6,0,,,,47.3,0,0,0,0.0
1,5,6,0,,,,47.4,0,0,0,0.0
1,6,6,0,,,,47.0,0,0,0,0.0
1,7,6,0,,,,47.3,0,0,0,0.0
1,8,6,0,,,,51.8,0,0,0,7.0
1,9,6,0,,,,62.1,0,0,0,19.0
1,10,6,0,,,,70.0,0,0,0,39.0
1,11,6,0,,,,77.2,0,0,0,52.0
1,12,6,0,,,,76.1,0,0,0,50.0
1,13,6,0,,,,78.5,0,0,0,58.0
1,14,6,0,,,,74.5,0,0,0,32.0
1,15,6,0,,,,76.1,0,0,0,5.0
1,16,6,0,,,,74.7,0,0,0,0.0
1,17,6,0,,,,69.8,0,0,0,0.0
1,18,6,0,,,,64.5,0,0,0,0.0
1,19,6,0,,,,55.4,0,0,0,0.0
1,20,6,0,,,,51.8,0,0,0,0.0
1,21,6,0,,,,49.3,0,0,0,0.0
1,22,6,0,,,,48.7,0,0,0,0.0
1,23,6,0,,,,48.5,0,0,0,0.0
1,24,6,0,,,,48.3,0,0,0,0.0
1,1,7,0,,,,47.8,0,0,0,0.0
1,2,7,0,,,,47.7,0,0,0,0.0
1,3,7,0,,,,47.2,0,0,0,0.0
1,4,7,0,,,,47.4,0,0,0,0.0
1,5,7,0,,,,46.9,0,0,0,0.0
1,6,7,0,,,,47.4,0,0,0,0.0
1,7,7,0,,,,47.2,0,0,0,0.0
1,8,7,0,,,,47.4,0,0,0,10.0
1,9,7,0,,,,46.6,0,0,0,44.0
1,10,7,0,,,,46.1,0,0,0,145.0
1,11,7,0,,,,46.2,0,0,0,359.0
1,12,7,0,,,,44.8,0,0,0,410.0
1,13,7,0,,,,44.6,0,0,0,249.0
1,14,7,0,,,,43.8,0,0,0,118.0
1,15,7,0,,,,43.8,0,0,0,17.0
1,16,7,0,,,,47.4,0,0,0,0.0
1,17,7,0,,,,48.2,0,0,0,0.0
1,18,7,0,,,,46.8,0,0,0,0.0
1,19,7,0,,,,46.5,0,0,0,0.0
1,20,7,0,,,,45.0,0,0,0,0.0
1,21,7,0,,,,43.4,0,0,0,0.0
1,22,7,0,,,,43.2,0,0,0,0.0
1,23,7,0,,,,43.5,0,0,0,0.0
1,24,7,0,,,,43.4,0,0,0,0.0
1,1,1,0,,,,43.1,0,0,0,0.0
1,2,1,0,,,,43.0,0,0,0,0.0
1,3,1,0,,,,42.5,0,0,0,0.0
1,4,1,0,,,,42.1,0,0,0,0.0
1,5,1,0,,,,43.4,0,0,0,0.0
1,6,1,0,,,,42.2,0,0,0,0.0
1,7,1,0,,,,42.9,0,0,0,0.0
1,8,1,0,,,,42.4,0,0,0,31.0
1,9,1,0,,,,41.3,0,0,0,167.0
1,10,1,0,,,,42.0,0,0,0,309.0
1,11,1,0,,,,43.6,0,0,0,163.0
1,12,1,0,,,,43.1,0,0,0,204.0
1,13,1,0,,,,43.6,0,0,0,180.0
1,14,1,0,,,,43.7,0,0,0,149.0
1,15,1,0,,,,45.0,0,0,0,50.0
1,16,1,0,,,,45.7,0,0,0,0.0
1,17,1,0,,,,48.2,0,0,0,0.0
1,18,1,0,,,,47.9,0,0,0,0.0
1,19,1,0,,,,47.6,0,0,0,0.0
1,20,1,0,,,,45.3,0,0,0,0.0
1,21,1,0,,,,45.5,0,0,0,0.0
1,22,1,0,,,,44.7,0,0,0,0.0
1,23,1,0,,,,44.8,0,0,0,0.0
1,24,1,0,,,,43.9,0,0,0,0.0
1,1,2,0,,,,43.1,0,0,0,0.0
1,2,2,0,,,,44.4,0,0,0,0.0
1,3,2,0,,,,44.8,0,0,0,0.0
1,4,2,0,,,,44.4,0,0,0,0.0
1,5,2,0,,,,44.9,0,0,0,0.0
1,6,2,0,,,,45.4,0,0,0,0.0
1,7,2,0,,,,47.5,0,0,0,0.0
1,8,2,0,,,,52.1,0,0,0,31.0
1,9,2,0,,,,66.2,0,0,0,244.0
1,10,2,0,,,,74.3,0,0,0,488.0
1,11,2,0,,,,80.5,0,0,0,576.0
1,12,2,0,,,,82.6,0,0,0,556.0
1,13,2,0,,,,84.5,0,0,0,451.0
1,14,2,0,,,,84.8,0,0,0,260.0
1,15,2,0,,,,85.3,0,0,0,77.0
1,16,2,0,,,,83.4,0,0,0,0.0
1,17,2,0,,,,77.8,0,0,0,0.0
1,18,2,0,,,,71.2,0,0,0,0.0
1,19,2,0,,,,61.3,0,0,0,0.0
1,20,2,0,,,,56.5,0,0,0,0.0
1,21,2,0,,,,52.4,0,0,0,0.0
1,22,2,0,,,,52.4,0,0,0,0.0
1,23,2,0,,,,50.1,0,0,0,0.0
1,24,2,0,,,,50.7,0,0,0,0.0
1,1,3,0,,,,50.4,0,0,0,0.0
1,2,3,0,,,,50.5,0,0,0,0.0
1,3,3,0,,,,49.3,0,0,0,0.0
1,4,3,0,,,,49.5,0,0,0,0.0
1,5,3,0,,,,49.8,0,0,0,0.0
1,6,3,0,,,,50.3,0,0,0,0.0
1,7,3,0,,,,50.2,0,0,0,0.0
1,8,3,0,,,,54.4,0,0,0,2.0
1,9,3,0,,,,62.9,0,0,0,10.0
1,10,3,0,,,,71.8,0,0,0,18.0
1,11,3,0,,,,76.7,0,0,0,24.0
1,12,3,0,,,,74.8,0,0,0,13.0
1,13,3,0,,,,73.4,0,0,0,6.0
1,14,3,0,,,,74.3,0,0,0,6.0
1,15,3,0,,,,76.6,0,0,0,3.0
1,16,3,0,,,,77.8,0,0,0,0.0
1,17,3,0,,,,75.6,0,0,0,0.0
1,18,3,0,,,,66.9,0,0,0,0.0
1,19,3,0,,,,58.1,0,0,0,0.0
1,20,3,0,,,,53.8,0,0,0,0.0
1,21,3,0,,,,51.6,0,0,0,0.0
1,22,3,0,,,,48.9,0,0,0,0.0
1,23,3,0,,,,47.8,0,0,0,0.0
1,24,3,0,,,,47.1,0,0,0,0.0
1,1,4,0,,,,47.6,0,0,0,0.0
1,2,4,0,,,,46.5,0,0,0,0.0
1,3,4,0,,,,46.2,0,0,0,0.0
1,4,4,0,,,,46.6,0,0,0,0.0
1,5,4,0,,,,47.3,0,0,0,0.0
1,6,4,0,,,,46.6,0,0,0,0.0
1,7,4,0,,,,48.0,0,0,0,0.0
1,8,4,0,,,,52.0,0,0,0,19.0
1,9,4,0,,,,61.8,0,0,0,69.0
1,10,4,0,,,,71.0,0,0,0,132.0
1,11,4,0,,,,77.0,0,0,0,259.0
1,12,4,0,,,,79.7,0,0,0,356.0
1,13,4,0,,,,78.8,0,0,0,395.0
1,14,4,0,,,,80.1,0,0,0,262.0
1,15,4,0,,,,80.2,0,0,0,49.0
1,16,4,0,,,,81.1,0,0,0,0.0
1,17,4,0,,,,76.6,0,0,0,0.0
1,18,4,0,,,,68.7,0,0,0,0.0
1,19,4,0,,,,62.1,0,0,0,0.0
1,20,4,0,,,,57.1,0,0,0,0.0
1,21,4,0,,,,53.3,0,0,0,0.0
1,22,4,0,,,,50.5,0,0,0,0.0
1,23,4,0,,,,49.8,0,0,0,0.0
1,24,4,0,,,,49.0,0,0,0,0.0
1,1,5,0,,,,51.3,0,0,0,0.0
1,2,5,0,,,,49.6,0,0,0,0.0
1,3,5,0,,,,48.4,0,0,0,0.0
1,4,5,0,,,,48.9,0,0,0,0.0
1,5,5,0,,,,48.8,0,0,0,0.0
1,6,5,0,,,,49.6,0,0,0,0.0
1,7,5,0,,,,49.5,0,0,0,0.0
1,8,5,0,,,,53.6,0,0,0,10.0
1,9,5,0,,,,63.8,0,0,0,63.0
1,10,5,0,,,,73.2,0,0,0,132.0
1,11,5,0,,,,80.9,0,0,0,193.0
1,12,5,0,,,,79.4,0,0,0,190.0
1,13,5,0,,,,76.5,0,0,0,142.0
1,14,5,0,,,,75.5,0,0,0,97.0
1,15,5,0,,,,77.1,0,0,0,51.0
1,16,5,0,,,,78.0,0,0,0,0.0
1,17,5,0,,,,77.2,0,0,0,0.0
1,18,5,0,,,,66.6,0,0,0,0.0
1,19,5,0,,,,57.7,0,0,0,0.0
1,20,5,0,,,,51.8,0,0,0,0.0
1,21,5,0,,,,49.9,0,0,0,0.0
1,22,5,0,,,,49.1,0,0,0,0.0
1,23,5,0,,,,49.9,0,0,0,0.0
1,24,5,0,,,,48.2,0,0,0,0.0
1,1,6,0,,,,48.4,0,0,0,0.0
1,2,6,0,,,,47.7,0,0,0,0.0
1,3,6,0,,,,47.5,0,0,0,0.0
1,4,6,0,,,,49.2,0,0,0,0.0
1,5,6,0,,,,49.0,0,0,0,0.0
1,6,6,0,,,,49.6,0,0,0,0.0
1,7,6,0,,,,49.6,0,0,0,0.0
1,8,6,0,,,,54.5,0,0,0,6.0
1,9,6,0,,,,62.5,0,0,0,23.0
1,10,6,0,,,,71.3,0,0,0,52.0
1,11,6,0,,,,78.3,0,0,0,468.0
1,12,6,0,,,,75.0,0,0,0,664.0
1,13,6,0,,,,77.4,0,0,0,581.0
1,14,6,0,,,,78.0,0,0,0,364.0
1,15,6,0,,,,78.3,0,0,0,67.0
1,16,6,0,,,,77.2,0,0,0,0.0
1,17,6,0,,,,70.8,0,0,0,0.0
1,18,6,0,,,,65.5,0,0,0,0.0
1,19,6,0,,,,62.7,0,0,0,0.0
1,20,6,0,,,,61.7,0,0,0,0.0
1,21,6,0,,,,57.0,0,0,0,0.0
1,22,6,0,,,,54.5,0,0,0,0.0
1,23,6,0,,,,55.4,0,0,0,0.0
1,24,6,0,,,,53.8,0,0,0,0.0
1,1,7,0,,,,53.2,0,0,0,0.0
1,2,7,0,,,,53.5,0,0,0,0.0
1,3,7,0,,,,53.2,0,0,0,0.0
1,4,7,0,,,,53.6,0,0,0,0.0
1,5,7,0,,,,53.5,0,0,0,0.0
1,6,7,0,,,,52.6,0,0,0,0.0
1,7,7,0,,,,52.1,0,0,0,0.0
1,8,7,0,,,,51.8,0,0,0,36.0
1,9,7,0,,,,51.5,0,0,0,107.0
1,10,7,0,,,,51.1,0,0,0,221.0
1,11,7,0,,,,48.9,0,0,0,458.0
1,12,7,0,,,,48.4,0,0,0,634.0
1,13,7,0,,,,48.1,0,0,0,582.0
1,14,7,0,,,,47.9,0,0,0,432.0
1,15,7,0,,,,50.0,0,0,0,120.0
1,16,7,0,,,,51.8,0,0,0,0.0
1,17,7,0,,,,52.9,0,0,0,0.0
1,18,7,0,,,,53.1,0,0,0,0.0
1,19,7,0,,,,51.9,0,0,0,0.0
1,20,7,0,,,,50.5,0,0,0,0.0
1,21,7,0,,,,50.8,0,0,0,0.0
1,22,7,0,,,,51.2,0,0,0,0.0
1,23,7,0,,,,50.6,0,0,0,0.0
1,24,7,0,,,,50.5,0,0,0,0.0
1,1,1,0,,,,51.6,0,0,0,0.0
1,2,1,0,,,,50.1,0,0,0,0.0
1,3,1,0,,,,50.9,0,0,0,0.0
1,4,1,0,,,,50.5,0,0,0,0.0
1,5,1,0,,,,50.8,0,0,0,0.0
1,6,1,0,,,,50.5,0,0,0,0.0
1,7,1,0,,,,50.5,0,0,0,0.0
1,8,1,0,,,,49.7,0,0,0,51.0
1,9,1,0,,,,48.8,0,0,0,142.0
1,10,1,0,,,,47.6,0,0,0,218.0
1,11,1,0,,,,47.5,0,0,0,544.0
1,12,1,0,,,,49.7,0,0,0,571.0
1,13,1,0,,,,49.8,0,0,0,362.0
1,14,1,0,,,,50.5,0,0,0,175.0
1,15,1,0,,,,50.5,0,0,0,32.0
1,16,1,0,,,,52.5,0,0,0,0.0
1,17,1,0,,,,49.7,0,0,0,0.0
1,18,1,0,,,,49.0,0,0,0,0.0
1,19,1,0,,,,48.2,0,0,0,0.0
1,20,1,0,,,,48.1,0,0,0,0.0
1,21,1,0,,,,46.9,0,0,0,0.0
1,22,1,0,,,,47.0,0,0,0,0.0
1,23,1,0,,,,46.6,0,0,0,0.0
1,24,1,0,,,,46.6,0,0,0,0.0
1,1,2,0,,,,46.5,0,0,0,0.0
1,2,2,0,,,,46.4,0,0,0,0.0
1,3,2,0,,,,46.2,0,0,0,0.0
1,4,2,0,,,,46.4,0,0,0,0.0
1,5,2,0,,,,46.5,0,0,0,0.0
1,6,2,0,,,,48.0,0,0,0,0.0
1,7,2,0,,,,49.0,0,0,0,1.0
1,8,2,0,,,,54.1,0,0,0,129.0
1,9,2,0,,,,62.7,0,0,0,271.0
1,10,2,0,,,,69.9,0,0,0,408.0
1,11,2,0,,,,76.7,0,0,0,500.0
1,12,2,0,,,,78.2,0,0,0,478.0
1,13,2,0,,,,78.2,0,0,0,339.0
1,14,2,0,,,,78.0,0,0,0,154.0
1,15,2,0,,,,80.3,0,0,0,46.0
1,16,2,0,,,,77.8,0,0,0,0.0
1,17,2,0,,,,74.8,0,0,0,0.0
1,18,2,0,,,,69.1,0,0,0,0.0
1,19,2,0,,,,61.0,0,0,0,0.0
1,20,2,0,,,,59.1,0,0,0,0.0
1,21,2,0,,,,56.2,0,0,0,0.0
1,22,2,0,,,,54.0,0,0,0,0.0
1,23,2,0,,,,53.0,0,0,0,0.0
1,24,2,0,,,,52.6,0,0,0,0.0
1,1,3,0,,,,51.8,0,0,0,0.0
1,2,3,0,,,,51.4,0,0,0,0.0
1,3,3,0,,,,50.9,0,0,0,0.0
1,4,3,0,,,,50.6,0,0,0,0.0
1,5,3,0,,,,49.9,0,0,0,0.0
1,6,3,0,,,,50.4,0,0,0,0.0
1,7,3,0,,,,49.8,0,0,0,0.0
1,8,3,0,,,,54.4,0,0,0,103.0
1,9,3,0,,,,61.4,0,0,0,242.0
1,10,3,0,,,,71.8,0,0,0,354.0
1,11,3,0,,,,76.0,0,0,0,345.0
1,12,3,0,,,,76.1,0,0,0,263.0
1,13,3,0,,,,78.0,0,0,0,266.0
1,14,3,0,,,,76.8,0,0,0,231.0
1,15,3,0,,,,75.1,0,0,0,145.0
1,16,3,0,,,,77.9,0,0,0,4.0
1,17,3,0,,,,76.7,0,0,0,0.0
1,18,3,0,,,,70.1,0,0,0,0.0
1,19,3,0,,,,59.3,0,0,0,0.0
1,20,3,0,,,,51.0,0,0,0,0.0
1,21,3,0,,,,48.7,0,0,0,0.0
1,22,3,0,,,,49.1,0,0,0,0.0
1,23,3,0,,,,49.2,0,0,0,0.0
1,24,3,0,,,,50.0,0,0,0,0.0
2,1,4,0,,,,50.2,0,0,0,0.0
2,2,4,0,,,,49.8,0,0,0,0.0
2,3,4,0,,,,50.9,0,0,0,0.0
2,4,4,0,,,,50.7,0,0,0,0.0
2,5,4,0,,,,51.2,0,0,0,0.0
2,6,4,0,,,,50.3,0,0,0,0.0
2,7,4,0,,,,50.8,0,0,0,24.0
2,8,4,0,,,,54.5,0,0,0,543.0
2,9,4,0,,,,64.0,0,0,0,744.0
2,10,4,0,,,,69.4,0,0,0,836.0
2,11,4,0,,,,78.7,0,0,0,863.0
2,12,4,0,,,,77.1,0,0,0,843.0
2,13,4,0,,,,78.2,0,0,0,788.0
2,14,4,0,,,,79.3,0,0,0,661.0
2,15,4,0,,,,80.0,0,0,0,369.0
2,16,4,0,,,,79.1,0,0,0,18.0
2,17,4,0,,,,74.5,0,0,0,0.0
2,18,4,0,,,,66.8,0,0,0,0.0
2,19,4,0,,,,58.7,0,0,0,0.0
2,20,4,0,,,,52.5,0,0,0,0.0
2,21,4,0,,,,51.0,0,0,0,0.0
2,22,4,0,,,,50.6,0,0,0,0.0
2,23,4,0,,,,49.1,0,0,0,0.0
2,24,4,0,,,,48.5,0,0,0,0.0
2,1,5,0,,,,48.8,0,0,0,0.0
2,2,5,0,,,,49.0,0,0,0,0.0
2,3,5,0,,,,48.7,0,0,0,0.0
2,4,5,0,,,,48.5,0,0,0,0.0
2,5,5,0,,,,48.5,0,0,0,0.0
2,6,5,0,,,,49.2,0,0,0,0.0
2,7,5,0,,,,49.7,0,0,0,16.0
2,8,5,0,,,,52.9,0,0,0,352.0
2,9,5,0,,,,61.6,0,0,0,523.0
2,10,5,0,,,,69.4,0,0,0,657.0
2,11,5,0,,,,76.9,0,0,0,690.0
2,12,5,0,,,,74.4,0,0,0,747.0
2,13,5,0,,,,72.0,0,0,0,680.0
2,14,5,0,,,,70.5,0,0,0,582.0
2,15,5,0,,,,71.2,0,0,0,322.0
2,16,5,0,,,,72.1,0,0,0,18.0
2,17,5,0,,,,70.1,0,0,0,0.0
2,18,5,0,,,,64.0,0,0,0,0.0
2,19,5,0,,,,57.5,0,0,0,0.0
2,20,5,0,,,,49.5,0,0,0,0.0
2,21,5,0,,,,47.5,0,0,0,0.0
2,22,5,0,,,,47.4,0,0,0,0.0
2,23,5,0,,,,46.3,0,0,0,0.0
2,24,5,0,,,,45.1,0,0,0,0.0
2,1,6,0,,,,48.4,0,0,0,0.0
2,2,6,0,,,,47.9,0,0,0,0.0
2,3,6,0,,,,48.0,0,0,0,0.0
2,4,6,0,,,,48.4,0,0,0,0.0
2,5,6,0,,,,47.0,0,0,0,0.0
2,6,6,0,,,,47.3,0,0,0,0.0
2,7,6,0,,,,46.0,0,0,0,19.0
2,8,6,0,,,,50.9,0,0,0,357.0
2,9,6,0,,,,58.2,0,0,0,561.0
2,10,6,0,,,,67.4,0,0,0,719.0
2,11,6,0,,,,72.2,0,0,0,751.0
2,12,6,0,,,,72.2,0,0,0,761.0
2,13,6,0,,,,75.1,0,0,0,717.0
2,14,6,0,,,,75.1,0,0,0,592.0
2,15,6,0,,,,75.4,0,0,0,323.0
2,16,6,0,,,,75.2,0,0,0,21.0
2,17,6,0,,,,71.0,0,0,0,0.0
2,18,6,0,,,,65.1,0,0,0,0.0
2,19,6,0,,,,52.6,0,0,0,0.0
2,20,6,0,,,,48.5,0,0,0,0.0
2,21,6,0,,,,45.9,0,0,0,0.0
2,22,6,0,,,,46.1,0,0,0,0.0
2,23,6,0,,,,45.7,0,0,0,0.0
2,24,6,0,,,,45.3,0,0,0,0.0
2,1,7,0,,,,45.5,0,0,0,0.0
2,2,7,0,,,,46.4,0,0,0,0.0
2,3,7,0,,,,45.6,0,0,0,0.0
2,4,7,0,,,,46.3,0,0,0,0.0
2,5,7,0,,,,44.2,0,0,0,0.0
2,6,7,0,,,,44.2,0,0,0,0.0
2,7,7,0,,,,44.3,0,0,0,13.0
2,8,7,0,,,,44.1,0,0,0,272.0
2,9,7,0,,,,44.0,0,0,0,449.0
2,10,7,0,,,,43.6,0,0,0,556.0
2,11,7,0,,,,44.5,0,0,0,538.0
2,12,7,0,,,,46.3,0,0,0,543.0
2,13,7,0,,,,42.7,0,0,0,529.0
2,14,7,0,,,,42.7,0,0,0,483.0
2,15,7,0,,,,45.2,0,0,0,156.0
2,16,7,0,,,,46.9,0,0,0,3.0
2,17,7,0,,,,47.6,0,0,0,0.0
2,18,7,0,,,,47.3,0,0,0,0.0
2,19,7,0,,,,45.3,0,0,0,0.0
2,20,7,0,,,,43.3,0,0,0,0.0
2,21,7,0,,,,43.9,0,0,0,0.0
2,22,7,0,,,,43.7,0,0,0,0.0
2,23,7,0,,,,43.8,0,0,0,0.0
2,24,7,0,,,,43.2,0,0,0,0.0
2,1,1,0,,,,43.1,0,0,0,0.0
2,2,1,0,,,,43.3,0,0,0,0.0
2,3,1,0,,,,42.7,0,0,0,0.0
2,4,1,0,,,,43.1,0,0,0,0.0
2,5,1,0,,,,43.8,0,0,0,0.0
2,6,1,0,,,,43.9,0,0,0,0.0
2,7,1,0,,,,43.7,0,0,0,1.0
2,8,1,0,,,,44.5,0,0,0,73.0
2,9,1,0,,,,41.6,0,0,0,151.0
2,10,1,0,,,,42.1,0,0,0,169.0
2,11,1,0,,,,42.5,0,0,0,173.0
2,12,1,0,,,,43.2,0,0,0,159.0
2,13,1,0,,,,43.3,0,0,0,133.0
2,14,1,0,,,,46.1,0,0,0,90.0
2,15,1,0,,,,47.1,0,0,0,36.0
2,16,1,0,,,,48.4,0,0,0,0.0
2,17,1,0,,,,50.0,0,0,0,0.0
2,18,1,0,,,,48.6,0,0,0,0.0
2,19,1,0,,,,46.5,0,0,0,0.0
2,20,1,0,,,,46.1,0,0,0,0.0
2,21,1,0,,,,46.8,0,0,0,0.0
2,22,1,0,,,,47.4,0,0,0,0.0
2,23,1,0,,,,46.6,0,0,0,0.0
2,24,1,0,,,,54.7,0,0,0,0.0
2,1,2,0,,,,59.7,0,0,0,0.0
2,2,2,0,,,,61.5,0,0,0,0.0
2,3,2,0,,,,62.7,0,0,0,0.0
2,4,2,0,,,,65.9,0,0,0,0.0
2,5,2,0,,,,63.7,0,0,0,0.0
2,6,2,0,,,,61.3,0,0,0,0.0
2,7,2,0,,,,64.5,0,0,0,0.0
2,8,2,0,,,,63.2,0,0,0,13.0
2,9,2,0,,,,66.1,0,0,0,37.0
2,10,2,0,,,,69.6,0,0,0,87.0
2,11,2,0,,,,73.8,0,0,0,145.0
2,12,2,0,,,,72.5,0,0,0,177.0
2,13,2,0,,,,72.4,0,0,0,150.0
2,14,2,0,,,,71.0,0,0,0,110.0
2,15,2,0,,,,69.6,0,0,0,53.0
2,16,2,0,,,,66.6,0,0,0,2.0
2,17,2,0,,,,62.6,0,0,0,0.0
2,18,2,0,,,,61.8,0,0,0,0.0
2,19,2,0,,,,53.3,0,0,0,0.0
2,20,2,0,,,,48.2,0,0,0,0.0
2,21,2,0,,,,49.7,0,0,0,0.0
2,22,2,0,,,,47.2,0,0,0,0.0
2,23,2,0,,,,52.0,0,0,0,0.0
2,24,2,0,,,,50.8,0,0,0,0.0
2,1,3,0,,,,46.1,0,0,0,0.0
2,2,3,0,,,,49.0,0,0,0,0.0
2,3,3,0,,,,46.1,0,0,0,0.0
2,4,3,0,,,,46.2,0,0,0,0.0
2,5,3,0,,,,44.0,0,0,0,0.0
2,6,3,0,,,,44.8,0,0,0,0.0
2,7,3,0,,,,47.5,0,0,0,2.0
2,8,3,0,,,,46.0,0,0,0,62.0
2,9,3,0,,,,48.8,0,0,0,189.0
2,10,3,0,,,,53.0,0,0,0,325.0
2,11,3,0,,,,51.1,0,0,0,411.0
2,12,3,0,,,,50.7,0,0,0,406.0
2,13,3,0,,,,52.1,0,0,0,404.0
2,14,3,0,,,,50.2,0,0,0,327.0
2,15,3,0,,,,54.0,0,0,0,191.0
2,16,3,0,,,,55.5,0,0,0,28.0
2,17,3,0,,,,56.9,0,0,0,0.0
2,18,3,0,,,,59.3,0,0,0,0.0
2,19,3,0,,,,53.6,0,0,0,0.0
2,20,3,0,,,,51.5,0,0,0,0.0
2,21,3,0,,,,54.9,0,0,0,0.0
2,22,3,0,,,,52.2,0,0,0,0.0
2,23,3,0,,,,50.8,0,0,0,0.0
2,24,3,0,,,,48.1,0,0,0,0.0
2,1,4,0,,,,49.3,0,0,0,0.0
2,2,4,0,,,,48.5,0,0,0,0.0
2,3,4,0,,,,49.5,0,0,0,0.0
2,4,4,0,,,,47.8,0,0,0,0.0
2,5,4,0,,,,48.1,0,0,0,0.0
2,6,4,0,,,,50.6,0,0,0,0.0
2,7,4,0,,,,50.4,0,0,0,25.0
2,8,4,0,,,,46.8,0,0,0,215.0
2,9,4,0,,,,52.5,0,0,0,364.0
2,10,4,0,,,,56.4,0,0,0,438.0
2,11,4,0,,,,57.6,0,0,0,448.0
2,12,4,0,,,,58.8,0,0,0,426.0
2,13,4,0,,,,59.3,0,0,0,449.0
2,14,4,0,,,,56.0,0,0,0,343.0
2,15,4,0,,,,58.5,0,0,0,166.0
2,16,4,0,,,,59.4,0,0,0,21.0
2,17,4,0,,,,79.8,0,0,0,0.0
2,18,4,0,,,,77.9,0,0,0,0.0
2,19,4,0,,,,75.9,0,0,0,0.0
2,20,4,0,,,,74.4,0,0,0,0.0
2,21,4,0,,,,73.9,0,0,0,0.0
2,22,4,0,,,,74.8,0,0,0,0.0
2,23,4,0,,,,74.3,0,0,0,0.0
2,24,4,0,,,,74.4,0,0,0,0.0
2,1,5,0,,,,74.9,0,0,0,0.0
2,2,5,0,,,,74.3,0,0,0,0.0
2,3,5,0,,,,74.1,0,0,0,0.0
2,4,5,0,,,,73.9,0,0,0,0.0
2,5,5,0,,,,74.4,0,0,0,0.0
2,6,5,0,,,,73.1,0,0,0,0.0
2,7,5,0,,,,74.3,0,0,0,11.0
2,8,5,0,,,,67.2,0,0,0,72.0
2,9,5,0,,,,68.6,0,0,0,93.0
2,10,5,0,,,,63.6,0,0,0,162.0
2,11,5,0,,,,70.7,0,0,0,219.0
2,12,5,0,,,,68.3,0,0,0,200.0
2,13,5,0,,,,73.4,0,0,0,157.0
2,14,5,0,,,,81.6,0,0,0,91.0
2,15,5,0,,,,83.2,0,0,0,32.0
2,16,5,0,,,,85.0,0,0,0,1.0
2,17,5,0,,,,79.3,0,0,0,0.0
2,18,5,0,,,,78.3,0,0,0,0.0
2,19,5,0,,,,77.4,0,0,0,0.0
2,20,5,0,,,,75.1,0,0,0,0.0
2,21,5,0,,,,76.7,0,0,0,0.0
2,22,5,0,,,,77.2,0,0,0,0.0
2,23,5,0,,,,73.0,0,0,0,0.0
2,24,5,0,,,,74.3,0,0,0,0.0
2,1,6,0,,,,79.1,0,0,0,0.0
2,2,6,0,,,,79.3,0,0,0,0.0
2,3,6,0,,,,77.7,0,0,0,0.0
2,4,6,0,,,,73.9,0,0,0,0.0
2,5,6,0,,,,78.7,0,0,0,0.0
2,6,6,0,,,,78.6,0,0,0,0.0
2,7,6,0,,,,75.2,0,0,0,52.0
2,8,6,0,,,,76.3,0,0,0,371.0
2,9,6,0,,,,76.8,0,0,0,567.0
2,10,6,0,,,,81.8,0,0,0,695.0
2,11,6,0,,,,77.2,0,0,0,705.0
2,12,6,0,,,,75.8,0,0,0,752.0
2,13,6,0,,,,79.5,0,0,0,712.0
2,14,6,0,,,,82.9,0,0,0,591.0
2,15,6,0,,,,80.7,0,0,0,330.0
2,16,6,0,,,,81.2,0,0,0,62.0
2,17,6,0,,,,82.6,0,0,0,0.0
2,18,6,0,,,,82.8,0,0,0,0.0
2,19,6,0,,,,78.2,0,0,0,0.0
2,20,6,0,,,,76.2,0,0,0,0.0
2,21,6,0,,,,72.9,0,0,0,0.0
2,22,6,0,,,,75.1,0,0,0,0.0
2,23,6,0,,,,77.4,0,0,0,0.0
2,24,6,0,,,,76.7,0,0,0,0.0
2,1,7,0,,,,75.9,0,0,0,0.0
2,2,7,0,,,,82.1,0,0,0,0.0
2,3,7,0,,,,82.7,0,0,0,0.0
2,4,7,0,,,,80.2,0,0,0,0.0
2,5,7,0,,,,76.3,0,0,0,0.0
2,6,7,0,,,,71.6,0,0,0,0.0
2,7,7,0,,,,72.0,0,0,0,168.0
2,8,7,0,,,,74.1,0,0,0,660.0
2,9,7,0,,,,73.7,0,0,0,809.0
2,10,7,0,,,,71.5,0,0,0,914.0
2,11,7,0,,,,72.1,0,0,0,927.0
2,12,7,0,,,,70.0,0,0,0,894.0
2,13,7,0,,,,66.8,0,0,0,841.0
2,14,7,0,,,,66.0,0,0,0,735.0
2,15,7,0,,,,66.1,0,0,0,503.0
2,16,7,0,,,,66.4,0,0,0,125.0
2,17,7,0,,,,64.8,0,0,0,0.0
2,18,7,0,,,,65.5,0,0,0,0.0
2,19,7,0,,,,65.9,0,0,0,0.0
2,20,7,0,,,,69.2,0,0,0,0.0
2,21,7,0,,,,70.7,0,0,0,0.0
2,22,7,0,,,,73.0,0,0,0,0.0
2,23,7,0,,,,73.4,0,0,0,0.0
2,24,7,0,,,,73.0,0,0,0,0.0
2,1,1,0,,,,72.8,0,0,0,0.0
2,2,1,0,,,,69.2,0,0,0,0.0
2,3,1,0,,,,71.5,0,0,0,0.0
2,4,1,0,,,,71.8,0,0,0,0.0
2,5,1,0,,,,70.1,0,0,0,0.0
2,6,1,0,,,,67.3,0,0,0,0.0
2,7,1,0,,,,67.3,0,0,0,4.0
2,8,1,0,,,,67.7,0,0,0,65.0
2,9,1,0,,,,66.0,0,0,0,149.0
2,10,1,0,,,,63.9,0,0,0,147.0
2,11,1,0,,,,63.2,0,0,0,115.0
2,12,1,0,,,,63.7,0,0,0,95.0
2,13,1,0,,,,62.1,0,0,0,73.0
2,14,1,0,,,,63.8,0,0,0,60.0
2,15,1,0,,,,64.3,0,0,0,28.0
2,16,1,0,,,,61.8,0,0,0,1.0
2,17,1,0,,,,66.5,0,0,0,0.0
2,18,1,0,,,,62.1,0,0,0,0.0
2,19,1,0,,,,61.9,0,0,0,0.0
2,20,1,0,,,,59.7,0,0,0,0.0
2,21,1,0,,,,56.8,0,0,0,0.0
2,22,1,0,,,,60.0,0,0,0,0.0
2,23,1,0,,,,61.4,0,0,0,0.0
2,24,1,0,,,,62.3,0,0,0,0.0
2,1,2,0,,,,59.7,0,0,0,0.0
2,2,2,0,,,,61.5,0,0,0,0.0
2,3,2,0,,,,62.7,0,0,0,0.0
2,4,2,0,,,,65.9,0,0,0,0.0
2,5,2,0,,,,63.7,0,0,0,0.0
2,6,2,0,,,,61.3,0,0,0,0.0
2,7,2,0,,,,64.5,0,0,0,6.0
2,8,2,0,,,,63.2,0,0,0,36.0
2,9,2,0,,,,66.1,0,0,0,37.0
2,10,2,0,,,,69.6,0,0,0,66.0
2,11,2,0,,,,73.8,0,0,0,97.0
2,12,2,0,,,,72.5,0,0,0,70.0
2,13,2,0,,,,72.4,0,0,0,60.0
2,14,2,0,,,,71.0,0,0,0,69.0
2,15,2,0,,,,69.6,0,0,0,62.0
2,16,2,0,,,,66.6,0,0,0,10.0
2,17,2,0,,,,62.6,0,0,0,0.0
2,18,2,0,,,,61.8,0,0,0,0.0
2,19,2,0,,,,53.3,0,0,0,0.0
2,20,2,0,,,,48.2,0,0,0,0.0
2,21,2,0,,,,49.7,0,0,0,0.0
2,22,2,0,,,,47.2,0,0,0,0.0
2,23,2,0,,,,52.0,0,0,0,0.0
2,24,2,0,,,,50.8,0,0,0,0.0
2,1,3,0,,,,46.1,0,0,0,0.0
2,2,3,0,,,,49.0,0,0,0,0.0
2,3,3,0,,,,46.1,0,0,0,0.0
2,4,3,0,,,,46.2,0,0,0,0.0
2,5,3,0,,,,44.0,0,0,0,0.0
2,6,3,0,,,,44.8,0,0,0,0.0
2,7,3,0,,,,47.5,0,0,0,4.0
2,8,3,0,,,,46.0,0,0,0,40.0
2,9,3,0,,,,48.8,0,0,0,100.0
2,10,3,0,,,,53.0,0,0,0,208.0
2,11,3,0,,,,51.1,0,0,0,127.0
2,12,3,0,,,,50.7,0,0,0,220.0
2,13,3,0,,,,52.1,0,0,0,104.0
2,14,3,0,,,,50.2,0,0,0,110.0
2,15,3,0,,,,54.0,0,0,0,100.0
2,16,3,0,,,,55.5,0,0,0,17.0
2,17,3,0,,,,56.9,0,0,0,0.0
2,18,3,0,,,,59.3,0,0,0,0.0
2,19,3,0,,,,53.6,0,0,0,0.0
2,20,3,0,,,,51.5,0,0,0,0.0
2,21,3,0,,,,54.9,0,0,0,0.0
2,22,3,0,,,,52.2,0,0,0,0.0
2,23,3,0,,,,50.8,0,0,0,0.0
2,24,3,0,,,,48.1,0,0,0,0.0
2,1,4,0,,,,49.3,0,0,0,0.0
2,2,4,0,,,,48.5,0,0,0,0.0
2,3,4,0,,,,49.5,0,0,0,0.0
2,4,4,0,,,,47.8,0,0,0,0.0
2,5,4,0,,,,48.1,0,0,0,0.0
2,6,4,0,,,,50.6,0,0,0,0.0
2,7,4,0,,,,50.4,0,0,0,86.0
2,8,4,0,,,,46.8,0,0,0,394.0
2,9,4,0,,,,52.5,0,0,0,569.0
2,10,4,0,,,,56.4,0,0,0,698.0
2,11,4,0,,,,57.6,0,0,0,739.0
2,12,4,0,,,,58.8,0,0,0,733.0
2,13,4,0,,,,59.3,0,0,0,723.0
2,14,4,0,,,,56.0,0,0,0,602.0
2,15,4,0,,,,58.5,0,0,0,182.0
2,16,4,0,,,,59.4,0,0,0,22.0
2,17,4,0,,,,57.7,0,0,0,0.0
2,18,4,0,,,,55.3,0,0,0,0.0
2,19,4,0,,,,52.3,0,0,0,0.0
2,20,4,0,,,,50.4,0,0,0,0.0
2,21,4,0,,,,51.4,0,0,0,0.0
2,22,4,0,,,,47.4,0,0,0,0.0
2,23,4,0,,,,49.4,0,0,0,0.0
2,24,4,0,,,,47.7,0,0,0,0.0
2,1,5,0,,,,47.4,0,0,0,0.0
2,2,5,0,,,,47.9,0,0,0,0.0
2,3,5,0,,,,45.4,0,0,0,0.0
2,4,5,0,,,,41.7,0,0,0,0.0
2,5,5,0,,,,46.4,0,0,0,0.0
2,6,5,0,,,,48.5,0,0,0,0.0
2,7,5,0,,,,43.5,0,0,0,7.0
2,8,5,0,,,,44.4,0,0,0,67.0
2,9,5,0,,,,50.3,0,0,0,174.0
2,10,5,0,,,,50.0,0,0,0,469.0
2,11,5,0,,,,52.5,0,0,0,465.0
2,12,5,0,,,,54.4,0,0,0,273.0
2,13,5,0,,,,54.9,0,0,0,234.0
2,14,5,0,,,,55.9,0,0,0,265.0
2,15,5,0,,,,60.3,0,0,0,123.0
2,16,5,0,,,,64.0,0,0,0,20.0
2,17,5,0,,,,61.9,0,0,0,0.0
2,18,5,0,,,,58.3,0,0,0,0.0
2,19,5,0,,,,47.5,0,0,0,0.0
2,20,5,0,,,,49.7,0,0,0,0.0
2,21,5,0,,,,53.3,0,0,0,0.0
2,22,5,0,,,,52.9,0,0,0,0.0
2,23,5,0,,,,52.1,0,0,0,0.0
2,24,5,0,,,,47.9,0,0,0,0.0
2,1,6,0,,,,47.0,0,0,0,0.0
2,2,6,0,,,,50.1,0,0,0,0.0
2,3,6,0,,,,49.6,0,0,0,0.0
2,4,6,0,,,,49.6,0,0,0,0.0
2,5,6,0,,,,45.2,0,0,0,0.0
2,6,6,0,,,,46.0,0,0,0,0.0
2,7,6,0,,,,48.8,0,0,0,1.0
2,8,6,0,,,,48.5,0,0,0,17.0
2,9,6,0,,,,54.3,0,0,0,38.0
2,10,6,0,,,,55.5,0,0,0,94.0
2,11,6,0,,,,54.5,0,0,0,143.0
2,12,6,0,,,,53.4,0,0,0,134.0
2,13,6,0,,,,57.8,0,0,0,96.0
2,14,6,0,,,,60.0,0,0,0,75.0
2,15,6,0,,,,58.0,0,0,0,44.0
2,16,6,0,,,,57.1,0,0,0,6.0
2,17,6,0,,,,56.5,0,0,0,0.0
2,18,6,0,,,,49.4,0,0,0,0.0
2,19,6,0,,,,53.6,0,0,0,0.0
2,20,6,0,,,,50.4,0,0,0,0.0
2,21,6,0,,,,52.4,0,0,0,0.0
2,22,6,0,,,,49.4,0,0,0,0.0
2,23,6,0,,,,50.5,0,0,0,0.0
2,24,6,0,,,,51.6,0,0,0,0.0
2,1,7,0,,,,53.7,0,0,0,0.0
2,2,7,0,,,,48.0,0,0,0,0.0
2,3,7,0,,,,47.7,0,0,0,0.0
2,4,7,0,,,,48.3,0,0,0,0.0
2,5,7,0,,,,40.5,0,0,0,0.0
2,6,7,0,,,,48.9,0,0,0,0.0
2,7,7,0,,,,49.7,0,0,0,0.0
2,8,7,0,,,,53.0,0,0,0,20.0
2,9,7,0,,,,53.1,0,0,0,59.0
2,10,7,0,,,,53.8,0,0,0,123.0
2,11,7,0,,,,48.6,0,0,0,271.0
2,12,7,0,,,,44.6,0,0,0,187.0
2,13,7,0,,,,43.4,0,0,0,75.0
2,14,7,0,,,,49.7,0,0,0,51.0
2,15,7,0,,,,51.4,0,0,0,40.0
2,16,7,0,,,,52.2,0,0,0,23.0
2,17,7,0,,,,48.4,0,0,0,0.0
2,18,7,0,,,,48.9,0,0,0,0.0
2,19,7,0,,,,46.5,0,0,0,0.0
2,20,7,0,,,,50.6,0,0,0,0.0
2,21,7,0,,,,46.6,0,0,0,0.0
2,22,7,0,,,,44.9,0,0,0,0.0
2,23,7,0,,,,48.2,0,0,0,0.0
2,24,7,0,,,,46.3,0,0,0,0.0
2,1,1,0,,,,42.6,0,0,0,0.0
2,2,1,0,,,,51.9,0,0,0,0.0
2,3,1,0,,,,55.1,0,0,0,0.0
2,4,1,0,,,,54.8,0,0,0,0.0
2,5,1,0,,,,61.3,0,0,0,0.0
2,6,1,0,,,,54.2,0,0,0,0.0
2,7,1,0,,,,54.2,0,0,0,184.0
2,8,1,0,,,,47.7,0,0,0,559.0
2,9,1,0,,,,44.4,0,0,0,773.0
2,10,1,0,,,,54.4,0,0,0,823.0
2,11,1,0,,,,52.6,0,0,0,753.0
2,12,1,0,,,,48.9,0,0,0,688.0
2,13,1,0,,,,47.4,0,0,0,559.0
2,14,1,0,,,,44.8,0,0,0,496.0
2,15,1,0,,,,44.4,0,0,0,366.0
2,16,1,0,,,,44.9,0,0,0,98.0
2,17,1,0,,,,48.0,0,0,0,0.0
2,18,1,0,,,,49.0,0,0,0,0.0
2,19,1,0,,,,53.6,0,0,0,0.0
2,20,1,0,,,,50.2,0,0,0,0.0
2,21,1,0,,,,46.3,0,0,0,0.0
2,22,1,0,,,,48.0,0,0,0,0.0
2,23,1,0,,,,54.7,0,0,0,0.0
2,24,1,0,,,,51.7,0,0,0,0.0
2,1,2,0,,,,53.2,0,0,0,0.0
2,2,2,0,,,,52.3,0,0,0,0.0
2,3,2,0,,,,46.1,0,0,0,0.0
2,4,2,0,,,,52.9,0,0,0,0.0
2,5,2,0,,,,50.6,0,0,0,0.0
2,6,2,0,,,,49.1,0,0,0,0.0
2,7,2,0,,,,49.9,0,0,0,119.0
2,8,2,0,,,,52.6,0,0,0,447.0
2,9,2,0,,,,51.0,0,0,0,775.0
2,10,2,0,,,,54.6,0,0,0,828.0
2,11,2,0,,,,53.9,0,0,0,834.0
2,12,2,0,,,,54.5,0,0,0,779.0
2,13,2,0,,,,54.0,0,0,0,589.0
2,14,2,0,,,,53.9,0,0,0,358.0
2,15,2,0,,,,55.9,0,0,0,143.0
2,16,2,0,,,,54.2,0,0,0,27.0
2,17,2,0,,,,57.9,0,0,0,0.0
2,18,2,0,,,,55.3,0,0,0,0.0
2,19,2,0,,,,51.4,0,0,0,0.0
2,20,2,0,,,,52.2,0,0,0,0.0
2,21,2,0,,,,44.8,0,0,0,0.0
2,22,2,0,,,,50.3,0,0,0,0.0
2,23,2,0,,,,57.5,0,0,0,0.0
2,24,2,0,,,,52.6,0,0,0,0.0
2,1,3,0,,,,54.0,0,0,0,0.0
2,2,3,0,,,,51.7,0,0,0,0.0
2,3,3,0,,,,55.7,0,0,0,0.0
2,4,3,0,,,,51.3,0,0,0,0.0
2,5,3,0,,,,48.4,0,0,0,0.0
2,6,3,0,,,,50.9,0,0,0,0.0
2,7,3,0,,,,51.6,0,0,0,6.0
2,8,3,0,,,,49.8,0,0,0,57.0
2,9,3,0,,,,50.1,0,0,0,187.0
2,10,3,0,,,,56.0,0,0,0,492.0
2,11,3,0,,,,55.1,0,0,0,651.0
2,12,3,0,,,,54.1,0,0,0,611.0
2,13,3,0,,,,58.3,0,0,0,361.0
2,14,3,0,,,,54.1,0,0,0,171.0
2,15,3,0,,,,52.0,0,0,0,67.0
2,16,3,0,,,,54.2,0,0,0,8.0
2,17,3,0,,,,54.7,0,0,0,0.0
2,18,3,0,,,,53.6,0,0,0,0.0
2,19,3,0,,,,49.5,0,0,0,0.0
2,20,3,0,,,,45.8,0,0,0,0.0
2,21,3,0,,,,44.6,0,0,0,0.0
2,22,3,0,,,,45.0,0,0,0,0.0
2,23,3,0,,,,49.8,0,0,0,0.0
2,24,3,0,,,,52.1,0,0,0,0.0
2,1,4,0,,,,42.5,0,0,0,0.0
2,2,4,0,,,,43.5,0,0,0,0.0
2,3,4,0,,,,43.3,0,0,0,0.0
2,4,4,0,,,,50.1,0,0,0,0.0
2,5,4,0,,,,46.1,0,0,0,0.0
2,6,4,0,,,,48.1,0,0,0,0.0
2,7,4,0,,,,49.7,0,0,0,29.0
2,8,4,0,,,,47.5,0,0,0,74.0
2,9,4,0,,,,50.7,0,0,0,80.0
2,10,4,0,,,,49.8,0,0,0,86.0
2,11,4,0,,,,53.0,0,0,0,128.0
2,12,4,0,,,,56.2,0,0,0,174.0
2,13,4,0,,,,55.8,0,0,0,175.0
2,14,4,0,,,,58.6,0,0,0,126.0
2,15,4,0,,,,58.5,0,0,0,35.0
2,16,4,0,,,,58.7,0,0,0,1.0
2,17,4,0,,,,54.4,0,0,0,0.0
2,18,4,0,,,,51.8,0,0,0,0.0
2,19,4,0,,,,49.8,0,0,0,0.0
2,20,4,0,,,,49.5,0,0,0,0.0
2,21,4,0,,,,48.9,0,0,0,0.0
2,22,4,0,,,,49.3,0,0,0,0.0
2,23,4,0,,,,48.6,0,0,0,0.0
2,24,4,0,,,,49.9,0,0,0,0.0
2,1,5,0,,,,50.3,0,0,0,0.0
2,2,5,0,,,,44.5,0,0,0,0.0
2,3,5,0,,,,41.6,0,0,0,0.0
2,4,5,0,,,,43.1,0,0,0,0.0
2,5,5,0,,,,48.1,0,0,0,0.0
2,6,5,0,,,,46.4,0,0,0,0.0
2,7,5,0,,,,46.2,0,0,0,77.0
2,8,5,0,,,,47.4,0,0,0,211.0
2,9,5,0,,,,51.6,0,0,0,381.0
2,10,5,0,,,,53.7,0,0,0,591.0
2,11,5,0,,,,58.7,0,0,0,749.0
2,12,5,0,,,,56.1,0,0,0,775.0
2,13,5,0,,,,54.2,0,0,0,746.0
2,14,5,0,,,,52.3,0,0,0,674.0
2,15,5,0,,,,56.0,0,0,0,483.0
2,16,5,0,,,,55.7,0,0,0,126.0
2,17,5,0,,,,54.9,0,0,0,0.0
2,18,5,0,,,,51.5,0,0,0,0.0
2,19,5,0,,,,47.2,0,0,0,0.0
2,20,5,0,,,,45.0,0,0,0,0.0
2,21,5,0,,,,44.2,0,0,0,0.0
2,22,5,0,,,,46.2,0,0,0,0.0
2,23,5,0,,,,46.8,0,0,0,0.0
2,24,5,0,,,,43.9,0,0,0,0.0
2,1,6,0,,,,45.1,0,0,0,0.0
2,2,6,0,,,,43.7,0,0,0,0.0
2,3,6,0,,,,44.0,0,0,0,0.0
2,4,6,0,,,,46.5,0,0,0,0.0
2,5,6,0,,,,45.1,0,0,0,0.0
2,6,6,0,,,,42.2,0,0,0,0.0
2,7,6,0,,,,42.2,0,0,0,26.0
2,8,6,0,,,,47.0,0,0,0,76.0
2,9,6,0,,,,48.4,0,0,0,135.0
2,10,6,0,,,,52.3,0,0,0,162.0
2,11,6,0,,,,56.7,0,0,0,240.0
2,12,6,0,,,,56.7,0,0,0,260.0
2,13,6,0,,,,50.9,0,0,0,261.0
2,14,6,0,,,,51.0,0,0,0,273.0
2,15,6,0,,,,57.7,0,0,0,133.0
2,16,6,0,,,,55.8,0,0,0,56.0
2,17,6,0,,,,50.4,0,0,0,0.0
2,18,6,0,,,,53.8,0,0,0,0.0
2,19,6,0,,,,52.9,0,0,0,0.0
2,20,6,0,,,,49.9,0,0,0,0.0
2,21,6,0,,,,48.2,0,0,0,0.0
2,22,6,0,,,,51.4,0,0,0,0.0
2,23,6,0,,,,49.8,0,0,0,0.0
2,24,6,0,,,,53.8,0,0,0,0.0
2,1,7,0,,,,47.6,0,0,0,0.0
2,2,7,0,,,,50.8,0,0,0,0.0
2,3,7,0,,,,48.2,0,0,0,0.0
2,4,7,0,,,,46.3,0,0,0,0.0
2,5,7,0,,,,46.4,0,0,0,0.0
2,6,7,0,,,,47.9,0,0,0,25.0
2,7,7,0,,,,45.8,0,0,0,467.0
2,8,7,0,,,,40.9,0,0,0,709.0
2,9,7,0,,,,42.0,0,0,0,840.0
2,10,7,0,,,,43.2,0,0,0,868.0
2,11,7,0,,,,44.5,0,0,0,866.0
2,12,7,0,,,,50.2,0,0,0,869.0
2,13,7,0,,,,46.6,0,0,0,833.0
2,14,7,0,,,,46.7,0,0,0,755.0
2,15,7,0,,,,48.3,0,0,0,598.0
2,16,7,0,,,,41.7,0,0,0,265.0
2,17,7,0,,,,49.1,0,0,0,0.0
2,18,7,0,,,,46.0,0,0,0,0.0
2,19,7,0,,,,45.4,0,0,0,0.0
2,20,7,0,,,,45.0,0,0,0,0.0
2,21,7,0,,,,46.5,0,0,0,0.0
2,22,7,0,,,,51.9,0,0,0,0.0
2,23,7,0,,,,46.2,0,0,0,0.0
2,24,7,0,,,,47.5,0,0,0,0.0
2,1,1,0,,,,49.0,0,0,0,0.0
2,2,1,0,,,,47.9,0,0,0,0.0
2,3,1,0,,,,47.7,0,0,0,0.0
2,4,1,0,,,,44.6,0,0,0,0.0
2,5,1,0,,,,46.5,0,0,0,0.0
2,6,1,0,,,,44.5,0,0,0,0.0
2,7,1,0,,,,43.8,0,0,0,18.0
2,8,1,0,,,,43.9,0,0,0,61.0
2,9,1,0,,,,42.3,0,0,0,136.0
2,10,1,0,,,,45.7,0,0,0,229.0
2,11,1,0,,,,46.3,0,0,0,452.0
2,12,1,0,,,,46.5,0,0,0,620.0
2,13,1,0,,,,45.9,0,0,0,432.0
2,14,1,0,,,,47.1,0,0,0,313.0
2,15,1,0,,,,48.4,0,0,0,122.0
2,16,1,0,,,,46.4,0,0,0,37.0
2,17,1,0,,,,45.3,0,0,0,0.0
2,18,1,0,,,,49.0,0,0,0,0.0
2,19,1,0,,,,48.9,0,0,0,0.0
2,20,1,0,,,,50.8,0,0,0,0.0
2,21,1,0,,,,47.9,0,0,0,0.0
2,22,1,0,,,,52.0,0,0,0,0.0
2,23,1,0,,,,51.9,0,0,0,0.0
2,24,1,0,,,,49.6,0,0,0,0.0
2,1,2,0,,,,52.7,0,0,0,0.0
2,2,2,0,,,,53.5,0,0,0,0.0
2,3,2,0,,,,52.0,0,0,0,0.0
2,4,2,0,,,,48.5,0,0,0,0.0
2,5,2,0,,,,49.2,0,0,0,0.0
2,6,2,0,,,,51.1,0,0,0,0.0
2,7,2,0,,,,50.2,0,0,0,12.0
2,8,2,0,,,,48.3,0,0,0,47.0
2,9,2,0,,,,52.3,0,0,0,84.0
2,10,2,0,,,,56.2,0,0,0,96.0
2,11,2,0,,,,56.0,0,0,0,98.0
2,12,2,0,,,,57.0,0,0,0,116.0
2,13,2,0,,,,58.4,0,0,0,84.0
2,14,2,0,,,,54.2,0,0,0,38.0
2,15,2,0,,,,53.9,0,0,0,15.0
2,16,2,0,,,,54.2,0,0,0,5.0
2,17,2,0,,,,55.9,0,0,0,0.0
2,18,2,0,,,,56.0,0,0,0,0.0
2,19,2,0,,,,50.2,0,0,0,0.0
2,20,2,0,,,,51.4,0,0,0,0.0
2,21,2,0,,,,51.6,0,0,0,0.0
2,22,2,0,,,,49.1,0,0,0,0.0
2,23,2,0,,,,53.3,0,0,0,0.0
2,24,2,0,,,,53.4,0,0,0,0.0
2,1,3,0,,,,54.4,0,0,0,0.0
2,2,3,0,,,,48.5,0,0,0,0.0
2,3,3,0,,,,50.9,0,0,0,0.0
2,4,3,0,,,,47.2,0,0,0,0.0
2,5,3,0,,,,45.8,0,0,0,0.0
2,6,3,0,,,,48.2,0,0,0,0.0
2,7,3,0,,,,51.9,0,0,0,18.0
2,8,3,0,,,,48.8,0,0,0,69.0
2,9,3,0,,,,54.6,0,0,0,141.0
2,10,3,0,,,,59.5,0,0,0,233.0
2,11,3,0,,,,60.8,0,0,0,290.0
2,12,3,0,,,,59.1,0,0,0,303.0
2,13,3,0,,,,59.2,0,0,0,292.0
2,14,3,0,,,,61.0,0,0,0,239.0
2,15,3,0,,,,57.8,0,0,0,132.0
2,16,3,0,,,,59.8,0,0,0,37.0
2,17,3,0,,,,57.1,0,0,0,0.0
2,18,3,0,,,,53.8,0,0,0,0.0
2,19,3,0,,,,51.4,0,0,0,0.0
2,20,3,0,,,,47.7,0,0,0,0.0
2,21,3,0,,,,46.6,0,0,0,0.0
2,22,3,0,,,,46.7,0,0,0,0.0
2,23,3,0,,,,51.8,0,0,0,0.0
2,24,3,0,,,,51.8,0,0,0,0.0
2,1,4,0,,,,44.9,0,0,0,0.0
2,2,4,0,,,,44.6,0,0,0,0.0
2,3,4,0,,,,47.8,0,0,0,0.0
2,4,4,0,,,,48.2,0,0,0,0.0
2,5,4,0,,,,46.2,0,0,0,0.0
2,6,4,0,,,,47.8,0,0,0,0.0
2,7,4,0,,,,49.1,0,0,0,31.0
2,8,4,0,,,,47.1,0,0,0,113.0
2,9,4,0,,,,50.0,0,0,0,185.0
2,10,4,0,,,,54.8,0,0,0,228.0
2,11,4,0,,,,54.5,0,0,0,233.0
2,12,4,0,,,,54.9,0,0,0,240.0
2,13,4,0,,,,58.1,0,0,0,188.0
2,14,4,0,,,,61.8,0,0,0,134.0
2,15,4,0,,,,61.9,0,0,0,91.0
2,16,4,0,,,,61.6,0,0,0,32.0
2,17,4,0,,,,58.2,0,0,0,0.0
2,18,4,0,,,,55.3,0,0,0,0.0
2,19,4,0,,,,51.9,0,0,0,0.0
2,20,4,0,,,,50.4,0,0,0,0.0
2,21,4,0,,,,51.1,0,0,0,0.0
2,22,4,0,,,,54.3,0,0,0,0.0
2,23,4,0,,,,53.0,0,0,0,0.0
2,24,4,0,,,,42.3,0,0,0,0.0
3,1,5,0,,,,34.7,0,0,0,0.0
3,2,5,0,,,,34.7,0,0,0,0.0
3,3,5,0,,,,36.6,0,0,0,0.0
3,4,5,0,,,,34.2,0,0,0,0.0
3,5,5,0,,,,36.1,0,0,0,0.0
3,6,5,0,,,,37.2,0,0,0,0.0
3,7,5,0,,,,38.4,0,0,0,18.0
3,8,5,0,,,,37.8,0,0,0,62.0
3,9,5,0,,,,43.6,0,0,0,164.0
3,10,5,0,,,,46.7,0,0,0,289.0
3,11,5,0,,,,45.8,0,0,0,470.0
3,12,5,0,,,,44.7,0,0,0,725.0
3,13,5,0,,,,47.7,0,0,0,717.0
3,14,5,0,,,,47.3,0,0,0,548.0
3,15,5,0,,,,47.6,0,0,0,252.0
3,16,5,0,,,,46.6,0,0,0,67.0
3,17,5,0,,,,46.1,0,0,0,0.0
3,18,5,0,,,,48.9,0,0,0,0.0
3,19,5,0,,,,43.8,0,0,0,0.0
3,20,5,0,,,,42.5,0,0,0,0.0
3,21,5,0,,,,46.1,0,0,0,0.0
3,22,5,0,,,,40.0,0,0,0,0.0
3,23,5,0,,,,45.6,0,0,0,0.0
3,24,5,0,,,,41.6,0,0,0,0.0
3,1,6,0,,,,41.5,0,0,0,0.0
3,2,6,0,,,,43.4,0,0,0,0.0
3,3,6,0,,,,47.5,0,0,0,0.0
3,4,6,0,,,,47.7,0,0,0,0.0
3,5,6,0,,,,50.3,0,0,0,0.0
3,6,6,0,,,,50.0,0,0,0,0.0
3,7,6,0,,,,51.2,0,0,0,29.0
3,8,6,0,,,,51.3,0,0,0,115.0
3,9,6,0,,,,52.4,0,0,0,287.0
3,10,6,0,,,,59.3,0,0,0,344.0
3,11,6,0,,,,56.3,0,0,0,399.0
3,12,6,0,,,,56.2,0,0,0,491.0
3,13,6,0,,,,55.7,0,0,0,553.0
3,14,6,0,,,,55.2,0,0,0,564.0
3,15,6,0,,,,54.8,0,0,0,424.0
3,16,6,0,,,,55.8,0,0,0,159.0
3,17,6,0,,,,56.3,0,0,0,1.0
3,18,6,0,,,,54.9,0,0,0,0.0
3,19,6,0,,,,56.1,0,0,0,0.0
3,20,6,0,,,,56.9,0,0,0,0.0
3,21,6,0,,,,59.8,0,0,0,0.0
3,22,6,0,,,,60.4,0,0,0,0.0
3,23,6,0,,,,57.2,0,0,0,0.0
3,24,6,0,,,,59.7,0,0,0,0.0
3,1,7,0,,,,60.2,0,0,0,0.0
3,2,7,0,,,,60.8,0,0,0,0.0
3,3,7,0,,,,61.2,0,0,0,0.0
3,4,7,0,,,,59.5,0,0,0,0.0
3,5,7,0,,,,60.2,0,0,0,0.0
3,6,7,0,,,,58.7,0,0,0,0.0
3,7,7,0,,,,59.4,0,0,0,43.0
3,8,7,0,,,,59.0,0,0,0,126.0
3,9,7,0,,,,58.7,0,0,0,258.0
3,10,7,0,,,,58.0,0,0,0,455.0
3,11,7,0,,,,57.1,0,0,0,375.0
3,12,7,0,,,,57.8,0,0,0,237.0
3,13,7,0,,,,56.3,0,0,0,380.0
3,14,7,0,,,,57.5,0,0,0,533.0
3,15,7,0,,,,57.5,0,0,0,479.0
3,16,7,0,,,,56.8,0,0,0,211.0
3,17,7,0,,,,57.9,0,0,0,4.0
3,18,7,0,,,,57.3,0,0,0,0.0
3,19,7,0,,,,57.1,0,0,0,0.0
3,20,7,0,,,,58.1,0,0,0,0.0
3,21,7,0,,,,56.7,0,0,0,0.0
3,22,7,0,,,,56.6,0,0,0,0.0
3,23,7,0,,,,56.7,0,0,0,0.0
3,24,7,0,,,,56.9,0,0,0,0.0
3,1,1,0,,,,57.6,0,0,0,0.0
3,2,1,0,,,,56.5,0,0,0,0.0
3,3,1,0,,,,56.8,0,0,0,0.0
3,4,1,0,,,,57.1,0,0,0,0.0
3,5,1,0,,,,56.7,0,0,0,0.0
3,6,1,0,,,,56.7,0,0,0,0.0
3,7,1,0,,,,57.6,0,0,0,11.0
3,8,1,0,,,,58.2,0,0,0,63.0
3,9,1,0,,,,57.6,0,0,0,73.0
3,10,1,0,,,,58.7,0,0,0,72.0
3,11,1,0,,,,57.5,0,0,0,66.0
3,12,1,0,,,,57.6,0,0,0,64.0
3,13,1,0,,,,57.3,0,0,0,51.0
3,14,1,0,,,,55.8,0,0,0,33.0
3,15,1,0,,,,55.8,0,0,0,23.0
3,16,1,0,,,,56.8,0,0,0,11.0
3,17,1,0,,,,57.8,0,0,0,0.0
3,18,1,0,,,,56.8,0,0,0,0.0
3,19,1,0,,,,56.6,0,0,0,0.0
3,20,1,0,,,,57.2,0,0,0,0.0
3,21,1,0,,,,56.6,0,0,0,0.0
3,22,1,0,,,,57.1,0,0,0,0.0
3,23,1,0,,,,56.9,0,0,0,0.0
3,24,1,0,,,,56.7,0,0,0,0.0
3,1,2,0,,,,56.3,0,0,0,0.0
3,2,2,0,,,,56.8,0,0,0,0.0
3,3,2,0,,,,55.9,0,0,0,0.0
3,4,2,0,,,,56.8,0,0,0,0.0
3,5,2,0,,,,56.4,0,0,0,0.0
3,6,2,0,,,,58.3,0,0,0,0.0
3,7,2,0,,,,57.3,0,0,0,54.0
3,8,2,0,,,,57.2,0,0,0,172.0
3,9,2,0,,,,59.0,0,0,0,311.0
3,10,2,0,,,,60.2,0,0,0,344.0
3,11,2,0,,,,60.2,0,0,0,319.0
3,12,2,0,,,,61.9,0,0,0,249.0
3,13,2,0,,,,61.3,0,0,0,184.0
3,14,2,0,,,,60.6,0,0,0,139.0
3,15,2,0,,,,61.7,0,0,0,89.0
3,16,2,0,,,,60.7,0,0,0,37.0
3,17,2,0,,,,60.2,0,0,0,1.0
3,18,2,0,,,,60.2,0,0,0,0.0
3,19,2,0,,,,58.1,0,0,0,0.0
3,20,2,0,,,,56.2,0,0,0,0.0
3,21,2,0,,,,56.3,0,0,0,0.0
3,22,2,0,,,,56.7,0,0,0,0.0
3,23,2,0,,,,56.3,0,0,0,0.0
3,24,2,0,,,,57.1,0,0,0,0.0
3,1,3,0,,,,58.0,0,0,0,0.0
3,2,3,0,,,,58.0,0,0,0,0.0
3,3,3,0,,,,58.1,0,0,0,0.0
3,4,3,0,,,,56.5,0,0,0,0.0
3,5,3,0,,,,57.6,0,0,0,0.0
3,6,3,0,,,,56.7,0,0,0,0.0
3,7,3,0,,,,57.6,0,0,0,40.0
3,8,3,0,,,,57.2,0,0,0,127.0
3,9,3,0,,,,59.8,0,0,0,236.0
3,10,3,0,,,,60.9,0,0,0,331.0
3,11,3,0,,,,61.6,0,0,0,579.0
3,12,3,0,,,,61.7,0,0,0,630.0
3,13,3,0,,,,60.7,0,0,0,415.0
3,14,3,0,,,,61.7,0,0,0,437.0
3,15,3,0,,,,60.5,0,0,0,354.0
3,16,3,0,,,,61.2,0,0,0,128.0
3,17,3,0,,,,60.5,0,0,0,5.0
3,18,3,0,,,,60.9,0,0,0,0.0
3,19,3,0,,,,58.7,0,0,0,0.0
3,20,3,0,,,,56.1,0,0,0,0.0
3,21,3,0,,,,56.1,0,0,0,0.0
3,22,3,0,,,,56.2,0,0,0,0.0
3,23,3,0,,,,57.0,0,0,0,0.0
3,24,3,0,,,,56.0,0,0,0,0.0
3,1,4,0,,,,55.4,0,0,0,0.0
3,2,4,0,,,,56.5,0,0,0,0.0
3,3,4,0,,,,57.4,0,0,0,0.0
3,4,4,0,,,,56.8,0,0,0,0.0
3,5,4,0,,,,57.2,0,0,0,0.0
3,6,4,0,,,,56.7,0,0,0,0.0
3,7,4,0,,,,57.0,0,0,0,10.0
3,8,4,0,,,,56.6,0,0,0,27.0
3,9,4,0,,,,59.0,0,0,0,34.0
3,10,4,0,,,,59.1,0,0,0,59.0
3,11,4,0,,,,61.8,0,0,0,133.0
3,12,4,0,,,,60.1,0,0,0,267.0
3,13,4,0,,,,57.8,0,0,0,457.0
3,14,4,0,,,,57.7,0,0,0,443.0
3,15,4,0,,,,57.1,0,0,0,362.0
3,16,4,0,,,,56.0,0,0,0,153.0
3,17,4,0,,,,55.7,0,0,0,11.0
3,18,4,0,,,,58.0,0,0,0,0.0
3,19,4,0,,,,54.1,0,0,0,0.0
3,20,4,0,,,,52.5,0,0,0,0.0
3,21,4,0,,,,53.1,0,0,0,0.0
3,22,4,0,,,,54.2,0,0,0,0.0
3,23,4,0,,,,56.4,0,0,0,0.0
3,24,4,0,,,,59.9,0,0,0,0.0
3,1,5,0,,,,56.3,0,0,0,0.0
3,2,5,0,,,,54.7,0,0,0,0.0
3,3,5,0,,,,54.4,0,0,0,0.0
3,4,5,0,,,,47.2,0,0,0,0.0
3,5,5,0,,,,47.7,0,0,0,0.0
3,6,5,0,,,,49.3,0,0,0,10.0
3,7,5,0,,,,53.5,0,0,0,102.0
3,8,5,0,,,,47.1,0,0,0,485.0
3,9,5,0,,,,44.3,0,0,0,659.0
3,10,5,0,,,,47.1,0,0,0,761.0
3,11,5,0,,,,45.1,0,0,0,772.0
3,12,5,0,,,,50.6,0,0,0,761.0
3,13,5,0,,,,55.0,0,0,0,749.0
3,14,5,0,,,,49.7,0,0,0,677.0
3,15,5,0,,,,54.7,0,0,0,525.0
3,16,5,0,,,,57.9,0,0,0,203.0
3,17,5,0,,,,59.3,0,0,0,22.0
3,18,5,0,,,,56.9,0,0,0,0.0
3,19,5,0,,,,51.2,0,0,0,0.0
3,20,5,0,,,,49.3,0,0,0,0.0
3,21,5,0,,,,45.6,0,0,0,0.0
3,22,5,0,,,,44.8,0,0,0,0.0
3,23,5,0,,,,45.2,0,0,0,0.0
3,24,5,0,,,,46.2,0,0,0,0.0
3,1,6,0,,,,48.0,0,0,0,0.0
3,2,6,0,,,,50.6,0,0,0,0.0
3,3,6,0,,,,48.5,0,0,0,0.0
3,4,6,0,,,,44.2,0,0,0,0.0
3,5,6,0,,,,43.2,0,0,0,0.0
3,6,6,0,,,,42.7,0,0,0,0.0
3,7,6,0,,,,44.0,0,0,0,17.0
3,8,6,0,,,,43.4,0,0,0,66.0
3,9,6,0,,,,49.4,0,0,0,150.0
3,10,6,0,,,,51.4,0,0,0,286.0
3,11,6,0,,,,50.3,0,0,0,389.0
3,12,6,0,,,,47.9,0,0,0,576.0
3,13,6,0,,,,48.2,0,0,0,564.0
3,14,6,0,,,,47.3,0,0,0,262.0
3,15,6,0,,,,42.2,0,0,0,141.0
3,16,6,0,,,,42.6,0,0,0,76.0
3,17,6,0,,,,40.9,0,0,0,4.0
3,18,6,0,,,,39.4,0,0,0,0.0
3,19,6,0,,,,38.6,0,0,0,0.0
3,20,6,0,,,,33.7,0,0,0,0.0
3,21,6,0,,,,33.5,0,0,0,0.0
3,22,6,0,,,,36.2,0,0,0,0.0
3,23,6,0,,,,33.8,0,0,0,0.0
3,24,6,0,,,,34.2,0,0,0,0.0
3,1,7,0,,,,32.5,0,0,0,0.0
3,2,7,0,,,,32.7,0,0,0,0.0
3,3,7,0,,,,33.6,0,0,0,0.0
3,4,7,0,,,,33.4,0,0,0,0.0
3,5,7,0,,,,30.8,0,0,0,0.0
3,6,7,0,,,,31.7,0,0,0,0.0
3,7,7,0,,,,30.6,0,0,0,27.0
3,8,7,0,,,,30.6,0,0,0,84.0
3,9,7,0,,,,31.8,0,0,0,148.0
3,10,7,0,,,,29.7,0,0,0,337.0
3,11,7,0,,,,28.9,0,0,0,636.0
3,12,7,0,,,,29.0,0,0,0,683.0
3,13,7,0,,,,31.4,0,0,0,674.0
3,14,7,0,,,,33.2,0,0,0,605.0
3,15,7,0,,,,36.1,0,0,0,363.0
3,16,7,0,,,,36.0,0,0,0,71.0
3,17,7,0,,,,38.7,0,0,0,11.0
3,18,7,0,,,,33.5,0,0,0,0.0
3,19,7,0,,,,34.0,0,0,0,0.0
3,20,7,0,,,,32.4,0,0,0,0.0
3,21,7,0,,,,32.9,0,0,0,0.0
3,22,7,0,,,,33.2,0,0,0,0.0
3,23,7,0,,,,32.9,0,0,0,0.0
3,24,7,0,,,,32.2,0,0,0,0.0
3,1,1,0,,,,32.5,0,0,0,0.0
3,2,1,0,,,,37.0,0,0,0,0.0
3,3,1,0,,,,35.2,0,0,0,0.0
3,4,1,0,,,,36.5,0,0,0,0.0
3,5,1,0,,,,36.4,0,0,0,0.0
3,6,1,0,,,,34.9,0,0,0,11.0
3,7,1,0,,,,35.5,0,0,0,72.0
3,8,1,0,,,,38.4,0,0,0,211.0
3,9,1,0,,,,40.1,0,0,0,378.0
3,10,1,0,,,,38.6,0,0,0,417.0
3,11,1,0,,,,38.2,0,0,0,534.0
3,12,1,0,,,,36.4,0,0,0,679.0
3,13,1,0,,,,38.1,0,0,0,770.0
3,14,1,0,,,,39.7,0,0,0,736.0
3,15,1,0,,,,42.1,0,0,0,624.0
3,16,1,0,,,,45.0,0,0,0,393.0
3,17,1,0,,,,41.8,0,0,0,77.0
3,18,1,0,,,,40.2,0,0,0,0.0
3,19,1,0,,,,40.8,0,0,0,0.0
3,20,1,0,,,,40.6,0,0,0,0.0
3,21,1,0,,,,38.4,0,0,0,0.0
3,22,1,0,,,,39.5,0,0,0,0.0
3,23,1,0,,,,40.0,0,0,0,0.0
3,24,1,0,,,,39.0,0,0,0,0.0
3,1,2,0,,,,36.1,0,0,0,0.0
3,2,2,0,,,,33.9,0,0,0,0.0
3,3,2,0,,,,33.1,0,0,0,0.0
3,4,2,0,,,,39.4,0,0,0,0.0
3,5,2,0,,,,42.6,0,0,0,0.0
3,6,2,0,,,,42.9,0,0,0,4.0
3,7,2,0,,,,41.5,0,0,0,51.0
3,8,2,0,,,,41.2,0,0,0,141.0
3,9,2,0,,,,44.8,0,0,0,303.0
3,10,2,0,,,,48.5,0,0,0,499.0
3,11,2,0,,,,50.2,0,0,0,618.0
3,12,2,0,,,,52.0,0,0,0,756.0
3,13,2,0,,,,51.1,0,0,0,824.0
3,14,2,0,,,,50.4,0,0,0,773.0
3,15,2,0,,,,50.8,0,0,0,648.0
3,16,2,0,,,,50.9,0,0,0,404.0
3,17,2,0,,,,54.7,0,0,0,81.0
3,18,2,0,,,,55.7,0,0,0,0.0
3,19,2,0,,,,49.9,0,0,0,0.0
3,20,2,0,,,,45.4,0,0,0,0.0
3,21,2,0,,,,42.9,0,0,0,0.0
3,22,2,0,,,,40.6,0,0,0,0.0
3,23,2,0,,,,38.1,0,0,0,0.0
3,24,2,0,,,,38.6,0,0,0,0.0
3,1,3,0,,,,36.6,0,0,0,0.0
3,2,3,0,,,,36.5,0,0,0,0.0
3,3,3,0,,,,36.8,0,0,0,0.0
3,4,3,0,,,,35.3,0,0,0,0.0
3,5,3,0,,,,36.0,0,0,0,0.0
3,6,3,0,,,,36.6,0,0,0,2.0
3,7,3,0,,,,36.7,0,0,0,35.0
3,8,3,0,,,,37.0,0,0,0,101.0
3,9,3,0,,,,39.0,0,0,0,199.0
3,10,3,0,,,,41.4,0,0,0,281.0
3,11,3,0,,,,42.5,0,0,0,370.0
3,12,3,0,,,,43.2,0,0,0,468.0
3,13,3,0,,,,47.2,0,0,0,635.0
3,14,3,0,,,,49.2,0,0,0,611.0
3,15,3,0,,,,49.4,0,0,0,567.0
3,16,3,0,,,,48.6,0,0,0,322.0
3,17,3,0,,,,46.5,0,0,0,55.0
3,18,3,0,,,,43.7,0,0,0,0.0
3,19,3,0,,,,39.9,0,0,0,0.0
3,20,3,0,,,,36.5,0,0,0,0.0
3,21,3,0,,,,34.4,0,0,0,0.0
3,22,3,0,,,,34.0,0,0,0,0.0
3,23,3,0,,,,33.5,0,0,0,0.0
3,24,3,0,,,,32.1,0,0,0,0.0
3,1,4,0,,,,31.4,0,0,0,0.0
3,2,4,0,,,,32.8,0,0,0,0.0
3,3,4,0,,,,32.9,0,0,0,0.0
3,4,4,0,,,,33.9,0,0,0,0.0
3,5,4,0,,,,34.4,0,0,0,0.0
3,6,4,0,,,,37.2,0,0,0,3.0
3,7,4,0,,,,40.1,0,0,0,41.0
3,8,4,0,,,,40.9,0,0,0,106.0
3,9,4,0,,,,41.0,0,0,0,186.0
3,10,4,0,,,,44.1,0,0,0,290.0
3,11,4,0,,,,47.8,0,0,0,545.0
3,12,4,0,,,,56.6,0,0,0,728.0
3,13,4,0,,,,54.9,0,0,0,678.0
3,14,4,0,,,,54.5,0,0,0,562.0
3,15,4,0,,,,51.5,0,0,0,422.0
3,16,4,0,,,,52.1,0,0,0,260.0
3,17,4,0,,,,51.5,0,0,0,62.0
3,18,4,0,,,,48.9,0,0,0,0.0
3,19,4,0,,,,50.3,0,0,0,0.0
3,20,4,0,,,,49.6,0,0,0,0.0
3,21,4,0,,,,46.8,0,0,0,0.0
3,22,4,0,,,,43.2,0,0,0,0.0
3,23,4,0,,,,39.1,0,0,0,0.0
3,24,4,0,,,,36.5,0,0,0,0.0
3,1,5,0,,,,37.5,0,0,0,0.0
3,2,5,0,,,,37.8,0,0,0,0.0
3,3,5,0,,,,37.8,0,0,0,0.0
3,4,5,0,,,,39.2,0,0,0,0.0
3,5,5,0,,,,39.8,0,0,0,0.0
3,6,5,0,,,,42.7,0,0,0,4.0
3,7,5,0,,,,42.4,0,0,0,48.0
3,8,5,0,,,,42.0,0,0,0,136.0
3,9,5,0,,,,44.1,0,0,0,328.0
3,10,5,0,,,,45.5,0,0,0,751.0
3,11,5,0,,,,50.0,0,0,0,866.0
3,12,5,0,,,,48.0,0,0,0,861.0
3,13,5,0,,,,47.4,0,0,0,824.0
3,14,5,0,,,,44.2,0,0,0,756.0
3,15,5,0,,,,45.6,0,0,0,646.0
3,16,5,0,,,,45.7,0,0,0,404.0
3,17,5,0,,,,46.0,0,0,0,89.0
3,18,5,0,,,,44.0,0,0,0,0.0
3,19,5,0,,,,50.4,0,0,0,0.0
3,20,5,0,,,,50.1,0,0,0,0.0
3,21,5,0,,,,50.1,0,0,0,0.0
3,22,5,0,,,,49.4,0,0,0,0.0
3,23,5,0,,,,55.7,0,0,0,0.0
3,24,5,0,,,,38.9,0,0,0,0.0
3,1,6,0,,,,39.0,0,0,0,0.0
3,2,6,0,,,,38.9,0,0,0,0.0
3,3,6,0,,,,35.7,0,0,0,0.0
3,4,6,0,,,,36.9,0,0,0,0.0
3,5,6,0,,,,31.9,0,0,0,0.0
3,6,6,0,,,,32.6,0,0,0,7.0
3,7,6,0,,,,36.3,0,0,0,57.0
3,8,6,0,,,,38.2,0,0,0,121.0
3,9,6,0,,,,41.4,0,0,0,128.0
3,10,6,0,,,,42.8,0,0,0,179.0
3,11,6,0,,,,42.4,0,0,0,368.0
3,12,6,0,,,,42.5,0,0,0,709.0
3,13,6,0,,,,43.6,0,0,0,716.0
3,14,6,0,,,,43.0,0,0,0,748.0
3,15,6,0,,,,43.8,0,0,0,619.0
3,16,6,0,,,,45.1,0,0,0,342.0
3,17,6,0,,,,44.5,0,0,0,20.0
3,18,6,0,,,,42.7,0,0,0,0.0
3,19,6,0,,,,40.0,0,0,0,0.0
3,20,6,0,,,,38.5,0,0,0,0.0
3,21,6,0,,,,38.8,0,0,0,0.0
3,22,6,0,,,,37.6,0,0,0,0.0
3,23,6,0,,,,36.9,0,0,0,0.0
3,24,6,0,,,,39.0,0,0,0,0.0
3,1,7,0,,,,36.6,0,0,0,0.0
3,2,7,0,,,,35.8,0,0,0,0.0
3,3,7,0,,,,36.9,0,0,0,0.0
3,4,7,0,,,,35.6,0,0,0,0.0
3,5,7,0,,,,34.2,0,0,0,0.0
3,6,7,0,,,,33.0,0,0,0,2.0
3,7,7,0,,,,33.7,0,0,0,20.0
3,8,7,0,,,,33.3,0,0,0,41.0
3,9,7,0,,,,35.5,0,0,0,73.0
3,10,7,0,,,,37.1,0,0,0,121.0
3,11,7,0,,,,36.4,0,0,0,157.0
3,12,7,0,,,,35.4,0,0,0,178.0
3,13,7,0,,,,34.6,0,0,0,169.0
3,14,7,0,,,,36.4,0,0,0,135.0
3,15,7,0,,,,38.4,0,0,0,168.0
3,16,7,0,,,,35.8,0,0,0,127.0
3,17,7,0,,,,35.9,0,0,0,10.0
3,18,7,0,,,,36.8,0,0,0,0.0
3,19,7,0,,,,35.5,0,0,0,0.0
3,20,7,0,,,,37.0,0,0,0,0.0
3,21,7,0,,,,37.4,0,0,0,0.0
3,22,7,0,,,,36.0,0,0,0,0.0
3,23,7,0,,,,34.3,0,0,0,0.0
3,24,7,0,,,,33.2,0,0,0,0.0
3,1,1,0,,,,35.4,0,0,0,0.0
3,2,1,0,,,,35.4,0,0,0,0.0
3,3,1,0,,,,35.1,0,0,0,0.0
3,4,1,0,,,,35.7,0,0,0,0.0
3,5,1,0,,,,36.2,0,0,0,0.0
3,6,1,0,,,,36.2,0,0,0,2.0
3,7,1,0,,,,36.0,0,0,0,33.0
3,8,1,0,,,,36.6,0,0,0,76.0
3,9,1,0,,,,36.1,0,0,0,159.0
3,10,1,0,,,,36.5,0,0,0,272.0
3,11,1,0,,,,35.3,0,0,0,319.0
3,12,1,0,,,,35.0,0,0,0,331.0
3,13,1,0,,,,34.9,0,0,0,295.0
3,14,1,0,,,,36.8,0,0,0,248.0
3,15,1,0,,,,38.2,0,0,0,231.0
3,16,1,0,,,,38.5,0,0,0,201.0
3,17,1,0,,,,37.6,0,0,0,87.0
3,18,1,0,,,,38.6,0,0,0,0.0
3,19,1,0,,,,37.6,0,0,0,0.0
3,20,1,0,,,,37.9,0,0,0,0.0
3,21,1,0,,,,35.8,0,0,0,0.0
3,22,1,0,,,,33.6,0,0,0,0.0
3,23,1,0,,,,34.8,0,0,0,0.0
3,24,1,0,,,,35.9,0,0,0,0.0
3,1,2,0,,,,37.6,0,0,0,0.0
3,2,2,0,,,,39.3,0,0,0,0.0
3,3,2,0,,,,37.9,0,0,0,0.0
3,4,2,0,,,,37.4,0,0,0,0.0
3,5,2,0,,,,38.7,0,0,0,0.0
3,6,2,0,,,,41.1,0,0,0,16.0
3,7,2,0,,,,41.4,0,0,0,102.0
3,8,2,0,,,,38.5,0,0,0,473.0
3,9,2,0,,,,41.7,0,0,0,824.0
3,10,2,0,,,,43.3,0,0,0,870.0
3,11,2,0,,,,44.4,0,0,0,865.0
3,12,2,0,,,,48.8,0,0,0,862.0
3,13,2,0,,,,50.4,0,0,0,850.0
3,14,2,0,,,,48.7,0,0,0,820.0
3,15,2,0,,,,51.1,0,0,0,726.0
3,16,2,0,,,,50.4,0,0,0,488.0
3,17,2,0,,,,56.2,0,0,0,145.0
3,18,2,0,,,,50.2,0,0,0,0.0
3,19,2,0,,,,55.2,0,0,0,0.0
3,20,2,0,,,,73.8,0,0,0,0.0
3,21,2,0,,,,61.2,0,0,0,0.0
3,22,2,0,,,,53.5,0,0,0,0.0
3,23,2,0,,,,46.1,0,0,0,0.0
3,24,2,0,,,,43.9,0,0,0,0.0
3,1,3,0,,,,43.8,0,0,0,0.0
3,2,3,0,,,,42.9,0,0,0,0.0
3,3,3,0,,,,42.4,0,0,0,0.0
3,4,3,0,,,,42.2,0,0,0,0.0
3,5,3,0,,,,42.8,0,0,0,0.0
3,6,3,0,,,,44.6,0,0,0,5.0
3,7,3,0,,,,42.4,0,0,0,27.0
3,8,3,0,,,,45.6,0,0,0,80.0
3,9,3,0,,,,47.0,0,0,0,197.0
3,10,3,0,,,,49.4,0,0,0,495.0
3,11,3,0,,,,50.6,0,0,0,816.0
3,12,3,0,,,,49.6,0,0,0,712.0
3,13,3,0,,,,49.6,0,0,0,525.0
3,14,3,0,,,,48.3,0,0,0,388.0
3,15,3,0,,,,59.6,0,0,0,305.0
3,16,3,0,,,,60.6,0,0,0,223.0
3,17,3,0,,,,57.8,0,0,0,62.0
3,18,3,0,,,,57.5,0,0,0,0.0
3,19,3,0,,,,55.3,0,0,0,0.0
3,20,3,0,,,,50.6,0,0,0,0.0
3,21,3,0,,,,49.5,0,0,0,0.0
3,22,3,0,,,,47.9,0,0,0,0.0
3,23,3,0,,,,47.2,0,0,0,0.0
3,24,3,0,,,,45.8,0,0,0,0.0
3,1,4,0,,,,45.8,0,0,0,0.0
3,2,4,0,,,,44.8,0,0,0,0.0
3,3,4,0,,,,44.5,0,0,0,0.0
3,4,4,0,,,,47.0,0,0,0,0.0
3,5,4,0,,,,45.2,0,0,0,0.0
3,6,4,0,,,,45.4,0,0,0,93.0
3,7,4,0,,,,43.0,0,0,0,321.0
3,8,4,0,,,,48.0,0,0,0,606.0
3,9,4,0,,,,55.6,0,0,0,708.0
3,10,4,0,,,,60.8,0,0,0,695.0
3,11,4,0,,,,61.2,0,0,0,729.0
3,12,4,0,,,,61.0,0,0,0,780.0
3,13,4,0,,,,64.8,0,0,0,817.0
3,14,4,0,,,,62.6,0,0,0,797.0
3,15,4,0,,,,60.7,0,0,0,695.0
3,16,4,0,,,,60.3,0,0,0,508.0
3,17,4,0,,,,57.4,0,0,0,169.0
3,18,4,0,,,,54.9,0,0,0,0.0
3,19,4,0,,,,52.7,0,0,0,0.0
3,20,4,0,,,,49.7,0,0,0,0.0
3,21,4,0,,,,49.8,0,0,0,0.0
3,22,4,0,,,,48.5,0,0,0,0.0
3,23,4,0,,,,45.9,0,0,0,0.0
3,24,4,0,,,,42.8,0,0,0,0.0
3,1,5,0,,,,43.1,0,0,0,0.0
3,2,5,0,,,,43.4,0,0,0,0.0
3,3,5,0,,,,43.9,0,0,0,0.0
3,4,5,0,,,,46.2,0,0,0,0.0
3,5,5,0,,,,45.8,0,0,0,0.0
3,6,5,0,,,,46.6,0,0,0,26.0
3,7,5,0,,,,44.1,0,0,0,206.0
3,8,5,0,,,,46.4,0,0,0,645.0
3,9,5,0,,,,51.5,0,0,0,803.0
3,10,5,0,,,,55.9,0,0,0,837.0
3,11,5,0,,,,61.3,0,0,0,839.0
3,12,5,0,,,,62.1,0,0,0,799.0
3,13,5,0,,,,63.1,0,0,0,758.0
3,14,5,0,,,,61.0,0,0,0,703.0
3,15,5,0,,,,61.4,0,0,0,572.0
3,16,5,0,,,,61.8,0,0,0,347.0
3,17,5,0,,,,62.6,0,0,0,90.0
3,18,5,0,,,,66.1,0,0,0,0.0
3,19,5,0,,,,62.4,0,0,0,0.0
3,20,5,0,,,,55.0,0,0,0,0.0
3,21,5,0,,,,47.8,0,0,0,0.0
3,22,5,0,,,,50.3,0,0,0,0.0
3,23,5,0,,,,49.8,0,0,0,0.0
3,24,5,0,,,,47.2,0,0,0,0.0
3,1,6,0,,,,44.8,0,0,0,0.0
3,2,6,0,,,,44.8,0,0,0,0.0
3,3,6,0,,,,43.0,0,0,0,0.0
3,4,6,0,,,,43.0,0,0,0,0.0
3,5,6,0,,,,43.1,0,0,0,0.0
3,6,6,0,,,,45.2,0,0,0,16.0
3,7,6,0,,,,45.1,0,0,0,77.0
3,8,6,0,,,,50.9,0,0,0,241.0
3,9,6,0,,,,52.8,0,0,0,564.0
3,10,6,0,,,,58.2,0,0,0,782.0
3,11,6,0,,,,60.2,0,0,0,794.0
3,12,6,0,,,,57.7,0,0,0,740.0
3,13,6,0,,,,60.0,0,0,0,692.0
3,14,6,0,,,,59.8,0,0,0,600.0
3,15,6,0,,,,58.8,0,0,0,474.0
3,16,6,0,,,,58.8,0,0,0,308.0
3,17,6,0,,,,56.9,0,0,0,96.0
3,18,6,0,,,,55.2,0,0,0,0.0
3,19,6,0,,,,53.7,0,0,0,0.0
3,20,6,0,,,,50.5,0,0,0,0.0
3,21,6,0,,,,49.5,0,0,0,0.0
3,22,6,0,,,,46.6,0,0,0,0.0
3,23,6,0,,,,42.5,0,0,0,0.0
3,24,6,0,,,,42.5,0,0,0,0.0
3,1,7,0,,,,43.3,0,0,0,0.0
3,2,7,0,,,,43.4,0,0,0,0.0
3,3,7,0,,,,41.6,0,0,0,0.0
3,4,7,0,,,,40.6,0,0,0,0.0
3,5,7,0,,,,41.3,0,0,0,0.0
3,6,7,0,,,,42.2,0,0,0,25.0
3,7,7,0,,,,41.8,0,0,0,108.0
3,8,7,0,,,,43.5,0,0,0,359.0
3,9,7,0,,,,43.3,0,0,0,698.0
3,10,7,0,,,,43.1,0,0,0,774.0
3,11,7,0,,,,43.4,0,0,0,801.0
3,12,7,0,,,,42.8,0,0,0,797.0
3,13,7,0,,,,44.6,0,0,0,781.0
3,14,7,0,,,,42.2,0,0,0,732.0
3,15,7,0,,,,41.5,0,0,0,657.0
3,16,7,0,,,,40.6,0,0,0,469.0
3,17,7,0,,,,42.7,0,0,0,160.0
3,18,7,0,,,,44.4,0,0,0,0.0
3,19,7,0,,,,45.4,0,0,0,0.0
3,20,7,0,,,,44.4,0,0,0,0.0
3,21,7,0,,,,44.2,0,0,0,0.0
3,22,7,0,,,,42.8,0,0,0,0.0
3,23,7,0,,,,43.1,0,0,0,0.0
3,24,7,0,,,,42.5,0,0,0,0.0
3,1,1,1,,,,42.8,0,0,0,0.0
3,2,1,1,,,,40.4,0,0,0,0.0
3,3,1,1,,,,40.3,0,0,0,0.0
3,4,1,1,,,,40.3,0,0,0,0.0
3,5,1,1,,,,43.1,0,0,0,0.0
3,6,1,1,,,,42.7,0,0,0,87.0
3,7,1,1,,,,46.6,0,0,0,373.0
3,8,1,1,,,,43.5,0,0,0,779.0
3,9,1,1,,,,43.4,0,0,0,853.0
3,10,1,1,,,,40.6,0,0,0,875.0
3,11,1,1,,,,39.8,0,0,0,866.0
3,12,1,1,,,,41.0,0,0,0,837.0
3,13,1,1,,,,42.1,0,0,0,783.0
3,14,1,1,,,,41.3,0,0,0,694.0
3,15,1,1,,,,42.9,0,0,0,546.0
3,16,1,1,,,,42.6,0,0,0,346.0
3,17,1,1,,,,42.0,0,0,0,126.0
3,18,1,1,,,,40.7,0,0,0,0.0
3,19,1,1,,,,44.4,0,0,0,0.0
3,20,1,1,,,,43.2,0,0,0,0.0
3,21,1,1,,,,43.8,0,0,0,0.0
3,22,1,1,,,,47.9,0,0,0,0.0
3,23,1,1,,,,45.5,0,0,0,0.0
3,24,1,1,,,,41.7,0,0,0,0.0
3,1,2,1,,,,40.5,0,0,0,0.0
3,2,2,1,,,,40.8,0,0,0,0.0
3,3,2,1,,,,41.8,0,0,0,0.0
3,4,2,1,,,,41.6,0,0,0,0.0
3,5,2,1,,,,45.8,0,0,0,0.0
3,6,2,1,,,,44.2,0,0,0,40.0
3,7,2,1,,,,45.3,0,0,0,230.0
3,8,2,1,,,,52.0,0,0,0,776.0
3,9,2,1,,,,56.2,0,0,0,883.0
3,10,2,1,,,,60.6,0,0,0,900.0
3,11,2,1,,,,60.7,0,0,0,900.0
3,12,2,1,,,,58.8,0,0,0,893.0
3,13,2,1,,,,56.4,0,0,0,871.0
3,14,2,1,,,,58.0,0,0,0,831.0
3,15,2,1,,,,59.9,0,0,0,761.0
3,16,2,1,,,,59.1,0,0,0,613.0
3,17,2,1,,,,56.8,0,0,0,292.0
3,18,2,1,,,,51.2,0,0,0,0.0
3,19,2,1,,,,49.9,0,0,0,0.0
3,20,2,1,,,,45.6,0,0,0,0.0
3,21,2,1,,,,45.8,0,0,0,0.0
3,22,2,1,,,,45.0,0,0,0,0.0
3,23,2,1,,,,43.7,0,0,0,0.0
3,24,2,1,,,,42.9,0,0,0,0.0
3,1,3,1,,,,45.4,0,0,0,0.0
3,2,3,1,,,,40.7,0,0,0,0.0
3,3,3,1,,,,40.4,0,0,0,0.0
3,4,3,1,,,,42.9,0,0,0,0.0
3,5,3,1,,,,43.7,0,0,0,1.0
3,6,3,1,,,,42.4,0,0,0,461.0
3,7,3,1,,,,44.4,0,0,0,748.0
3,8,3,1,,,,49.1,0,0,0,861.0
3,9,3,1,,,,58.0,0,0,0,901.0
3,10,3,1,,,,61.8,0,0,0,914.0
3,11,3,1,,,,61.5,0,0,0,916.0
3,12,3,1,,,,61.4,0,0,0,904.0
3,13,3,1,,,,62.5,0,0,0,884.0
3,14,3,1,,,,62.6,0,0,0,847.0
3,15,3,1,,,,60.8,0,0,0,772.0
3,16,3,1,,,,57.1,0,0,0,626.0
3,17,3,1,,,,56.3,0,0,0,310.0
3,18,3,1,,,,54.9,0,0,0,0.0
3,19,3,1,,,,52.8,0,0,0,0.0
3,20,3,1,,,,50.9,0,0,0,0.0
3,21,3,1,,,,49.1,0,0,0,0.0
3,22,3,1,,,,47.7,0,0,0,0.0
3,23,3,1,,,,47.1,0,0,0,0.0
3,24,3,1,,,,47.5,0,0,0,0.0
3,1,4,1,,,,45.2,0,0,0,0.0
3,2,4,1,,,,45.3,0,0,0,0.0
3,3,4,1,,,,45.5,0,0,0,0.0
3,4,4,1,,,,45.6,0,0,0,0.0
3,5,4,1,,,,48.9,0,0,0,1.0
3,6,4,1,,,,48.5,0,0,0,402.0
3,7,4,1,,,,49.9,0,0,0,696.0
3,8,4,1,,,,55.1,0,0,0,820.0
3,9,4,1,,,,60.0,0,0,0,865.0
3,10,4,1,,,,63.4,0,0,0,882.0
3,11,4,1,,,,64.9,0,0,0,885.0
3,12,4,1,,,,62.0,0,0,0,878.0
3,13,4,1,,,,62.5,0,0,0,857.0
3,14,4,1,,,,61.2,0,0,0,819.0
3,15,4,1,,,,60.4,0,0,0,745.0
3,16,4,1,,,,59.9,0,0,0,598.0
3,17,4,1,,,,57.0,0,0,0,292.0
3,18,4,1,,,,54.2,0,0,0,1.0
3,19,4,1,,,,55.4,0,0,0,0.0
3,20,4,1,,,,53.6,0,0,0,0.0
3,21,4,1,,,,52.4,0,0,0,0.0
3,22,4,1,,,,48.9,0,0,0,0.0
3,23,4,1,,,,48.8,0,0,0,0.0
3,24,4,1,,,,48.0,0,0,0,0.0
3,1,5,1,,,,47.6,0,0,0,0.0
3,2,5,1,,,,48.7,0,0,0,0.0
3,3,5,1,,,,45.9,0,0,0,0.0
3,4,5,1,,,,45.8,0,0,0,0.0
3,5,5,1,,,,48.4,0,0,0,0.0
3,6,5,1,,,,48.8,0,0,0,99.0
3,7,5,1,,,,48.6,0,0,0,281.0
3,8,5,1,,,,56.6,0,0,0,690.0
3,9,5,1,,,,59.3,0,0,0,779.0
3,10,5,1,,,,59.8,0,0,0,814.0
3,11,5,1,,,,61.3,0,0,0,828.0
3,12,5,1,,,,59.3,0,0,0,845.0
3,13,5,1,,,,60.7,0,0,0,821.0
3,14,5,1,,,,63.1,0,0,0,723.0
3,15,5,1,,,,60.2,0,0,0,569.0
3,16,5,1,,,,57.5,0,0,0,456.0
3,17,5,1,,,,53.7,0,0,0,230.0
3,18,5,1,,,,52.4,0,0,0,1.0
3,19,5,1,,,,51.0,0,0,0,0.0
3,20,5,1,,,,49.4,0,0,0,0.0
3,21,5,1,,,,47.9,0,0,0,0.0
3,22,5,1,,,,48.0,0,0,0,0.0
3,23,5,1,,,,46.8,0,0,0,0.0
3,24,5,1,,,,45.0,0,0,0,0.0
3,1,6,1,,,,44.6,0,0,0,0.0
3,2,6,1,,,,45.2,0,0,0,0.0
3,3,6,1,,,,44.8,0,0,0,0.0
3,4,6,1,,,,44.4,0,0,0,0.0
3,5,6,1,,,,45.8,0,0,0,0.0
3,6,6,1,,,,45.6,0,0,0,20.0
3,7,6,1,,,,50.0,0,0,0,77.0
3,8,6,1,,,,53.8,0,0,0,209.0
3,9,6,1,,,,55.2,0,0,0,419.0
3,10,6,1,,,,60.3,0,0,0,702.0
3,11,6,1,,,,60.3,0,0,0,739.0
3,12,6,1,,,,60.8,0,0,0,836.0
3,13,6,1,,,,59.7,0,0,0,826.0
3,14,6,1,,,,59.4,0,0,0,783.0
3,15,6,1,,,,58.2,0,0,0,712.0
3,16,6,1,,,,56.2,0,0,0,550.0
3,17,6,1,,,,53.3,0,0,0,223.0
3,18,6,1,,,,49.7,0,0,0,1.0
3,19,6,1,,,,46.7,0,0,0,0.0
3,20,6,1,,,,45.6,0,0,0,0.0
3,21,6,1,,,,43.1,0,0,0,0.0
3,22,6,1,,,,43.6,0,0,0,0.0
3,23,6,1,,,,44.1,0,0,0,0.0
3,24,6,1,,,,43.4,0,0,0,0.0
3,1,7,1,,,,42.6,0,0,0,0.0
3,2,7,1,,,,43.2,0,0,0,0.0
3,3,7,1,,,,43.5,0,0,0,0.0
3,4,7,1,,,,43.0,0,0,0,0.0
3,5,7,1,,,,43.8,0,0,0,0.0
3,6,7,1,,,,43.0,0,0,0,11.0
3,7,7,1,,,,44.0,0,0,0,47.0
3,8,7,1,,,,44.8,0,0,0,101.0
3,9,7,1,,,,44.6,0,0,0,225.0
3,10,7,1,,,,50.0,0,0,0,406.0
3,11,7,1,,,,49.0,0,0,0,549.0
3,12,7,1,,,,48.2,0,0,0,636.0
3,13,7,1,,,,48.0,0,0,0,655.0
3,14,7,1,,,,47.5,0,0,0,596.0
3,15,7,1,,,,49.0,0,0,0,585.0
3,16,7,1,,,,45.5,0,0,0,469.0
3,17,7,1,,,,45.2,0,0,0,223.0
3,18,7,1,,,,43.2,0,0,0,2.0
3,19,7,1,,,,43.4,0,0,0,0.0
3,20,7,1,,,,44.1,0,0,0,0.0
3,21,7,1,,,,45.2,0,0,0,0.0
3,22,7,1,,,,43.0,0,0,0,0.0
3,23,7,1,,,,43.8,0,0,0,0.0
3,24,7,1,,,,44.0,0,0,0,0.0
4,1,1,1,,,,44.2,0,0,0,0.0
4,2,1,1,,,,44.8,0,0,0,0.0
4,3,1,1,,,,46.8,0,0,0,0.0
4,4,1,1,,,,46.4,0,0,0,0.0
4,5,1,1,,,,46.9,0,0,0,7.0
4,6,1,1,,,,48.0,0,0,0,370.0
4,7,1,1,,,,46.3,0,0,0,707.0
4,8,1,1,,,,44.9,0,0,0,837.0
4,9,1,1,,,,42.0,0,0,0,896.0
4,10,1,1,,,,41.6,0,0,0,921.0
4,11,1,1,,,,41.2,0,0,0,927.0
4,12,1,1,,,,40.4,0,0,0,921.0
4,13,1,1,,,,42.0,0,0,0,902.0
4,14,1,1,,,,42.7,0,0,0,866.0
4,15,1,1,,,,43.8,0,0,0,798.0
4,16,1,1,,,,45.0,0,0,0,663.0
4,17,1,1,,,,44.2,0,0,0,367.0
4,18,1,1,,,,44.9,0,0,0,10.0
4,19,1,1,,,,45.0,0,0,0,0.0
4,20,1,1,,,,46.3,0,0,0,0.0
4,21,1,1,,,,42.6,0,0,0,0.0
4,22,1,1,,,,42.0,0,0,0,0.0
4,23,1,1,,,,42.8,0,0,0,0.0
4,24,1,1,,,,42.4,0,0,0,0.0
4,1,2,1,,,,45.3,0,0,0,0.0
4,2,2,1,,,,43.8,0,0,0,0.0
4,3,2,1,,,,44.8,0,0,0,0.0
4,4,2,1,,,,45.0,0,0,0,0.0
4,5,2,1,,,,47.0,0,0,0,0.0
4,6,2,1,,,,47.1,0,0,0,36.0
4,7,2,1,,,,49.0,0,0,0,131.0
4,8,2,1,,,,51.1,0,0,0,510.0
4,9,2,1,,,,53.4,0,0,0,756.0
4,10,2,1,,,,58.2,0,0,0,868.0
4,11,2,1,,,,58.6,0,0,0,883.0
4,12,2,1,,,,58.0,0,0,0,877.0
4,13,2,1,,,,59.6,0,0,0,859.0
4,14,2,1,,,,59.9,0,0,0,825.0
4,15,2,1,,,,59.2,0,0,0,735.0
4,16,2,1,,,,58.8,0,0,0,548.0
4,17,2,1,,,,55.8,0,0,0,214.0
4,18,2,1,,,,52.2,0,0,0,5.0
4,19,2,1,,,,51.0,0,0,0,0.0
4,20,2,1,,,,51.1,0,0,0,0.0
4,21,2,1,,,,48.5,0,0,0,0.0
4,22,2,1,,,,48.5,0,0,0,0.0
4,23,2,1,,,,46.1,0,0,0,0.0
4,24,2,1,,,,45.9,0,0,0,0.0
4,1,3,1,,,,44.6,0,0,0,0.0
4,2,3,1,,,,43.5,0,0,0,0.0
4,3,3,1,,,,42.8,0,0,0,0.0
4,4,3,1,,,,42.8,0,0,0,0.0
4,5,3,1,,,,43.9,0,0,0,0.0
4,6,3,1,,,,43.2,0,0,0,17.0
4,7,3,1,,,,45.4,0,0,0,61.0
4,8,3,1,,,,52.6,0,0,0,147.0
4,9,3,1,,,,56.8,0,0,0,307.0
4,10,3,1,,,,61.5,0,0,0,684.0
4,11,3,1,,,,61.0,0,0,0,630.0
4,12,3,1,,,,60.5,0,0,0,470.0
4,13,3,1,,,,62.6,0,0,0,338.0
4,14,3,1,,,,64.9,0,0,0,238.0
4,15,3,1,,,,62.8,0,0,0,149.0
4,16,3,1,,,,61.3,0,0,0,75.0
4,17,3,1,,,,56.3,0,0,0,19.0
4,18,3,1,,,,51.5,0,0,0,0.0
4,19,3,1,,,,49.8,0,0,0,0.0
4,20,3,1,,,,46.0,0,0,0,0.0
4,21,3,1,,,,47.5,0,0,0,0.0
4,22,3,1,,,,48.0,0,0,0,0.0
4,23,3,1,,,,44.9,0,0,0,0.0
4,24,3,1,,,,44.4,0,0,0,0.0
4,1,4,1,,,,45.3,0,0,0,0.0
4,2,4,1,,,,44.1,0,0,0,0.0
4,3,4,1,,,,44.4,0,0,0,0.0
4,4,4,1,,,,44.2,0,0,0,0.0
4,5,4,1,,,,46.2,0,0,0,0.0
4,6,4,1,,,,44.3,0,0,0,18.0
4,7,4,1,,,,48.6,0,0,0,57.0
4,8,4,1,,,,53.6,0,0,0,145.0
4,9,4,1,,,,58.8,0,0,0,285.0
4,10,4,1,,,,65.3,0,0,0,347.0
4,11,4,1,,,,66.1,0,0,0,365.0
4,12,4,1,,,,63.5,0,0,0,387.0
4,13,4,1,,,,66.3,0,0,0,356.0
4,14,4,1,,,,61.6,0,0,0,305.0
4,15,4,1,,,,60.5,0,0,0,205.0
4,16,4,1,,,,60.2,0,0,0,129.0
4,17,4,1,,,,55.4,0,0,0,34.0
4,18,4,1,,,,49.1,0,0,0,0.0
4,19,4,1,,,,45.6,0,0,0,0.0
4,20,4,1,,,,44.1,0,0,0,0.0
4,21,4,1,,,,42.7,0,0,0,0.0
4,22,4,1,,,,41.0,0,0,0,0.0
4,23,4,1,,,,40.9,0,0,0,0.0
4,24,4,1,,,,41.2,0,0,0,0.0
4,1,5,1,,,,41.1,0,0,0,0.0
4,2,5,1,,,,41.7,0,0,0,0.0
4,3,5,1,,,,41.2,0,0,0,0.0
4,4,5,1,,,,43.6,0,0,0,0.0
4,5,5,1,,,,44.8,0,0,0,1.0
4,6,5,1,,,,42.0,0,0,0,86.0
4,7,5,1,,,,44.7,0,0,0,295.0
4,8,5,1,,,,51.4,0,0,0,522.0
4,9,5,1,,,,58.1,0,0,0,619.0
4,10,5,1,,,,61.9,0,0,0,654.0
4,11,5,1,,,,59.9,0,0,0,665.0
4,12,5,1,,,,57.3,0,0,0,704.0
4,13,5,1,,,,63.5,0,0,0,699.0
4,14,5,1,,,,60.4,0,0,0,650.0
4,15,5,1,,,,60.6,0,0,0,633.0
4,16,5,1,,,,61.2,0,0,0,578.0
4,17,5,1,,,,55.7,0,0,0,331.0
4,18,5,1,,,,49.4,0,0,0,29.0
4,19,5,1,,,,47.3,0,0,0,0.0
4,20,5,1,,,,48.6,0,0,0,0.0
4,21,5,1,,,,48.2,0,0,0,0.0
4,22,5,1,,,,45.6,0,0,0,0.0
4,23,5,1,,,,44.4,0,0,0,0.0
4,24,5,1,,,,45.2,0,0,0,0.0
4,1,6,1,,,,49.7,0,0,0,0.0
4,2,6,1,,,,47.7,0,0,0,0.0
4,3,6,1,,,,50.1,0,0,0,0.0
4,4,6,1,,,,51.3,0,0,0,0.0
4,5,6,1,,,,49.8,0,0,0,61.0
4,6,6,1,,,,50.7,0,0,0,527.0
4,7,6,1,,,,48.8,0,0,0,751.0
4,8,6,1,,,,49.0,0,0,0,771.0
4,9,6,1,,,,44.4,0,0,0,688.0
4,10,6,1,,,,47.2,0,0,0,590.0
4,11,6,1,,,,48.0,0,0,0,535.0
4,12,6,1,,,,48.3,0,0,0,515.0
4,13,6,1,,,,48.6,0,0,0,381.0
4,14,6,1,,,,51.2,0,0,0,207.0
4,15,6,1,,,,51.9,0,0,0,105.0
4,16,6,1,,,,51.0,0,0,0,64.0
4,17,6,1,,,,50.3,0,0,0,27.0
4,18,6,1,,,,46.8,0,0,0,0.0
4,19,6,1,,,,47.0,0,0,0,0.0
4,20,6,1,,,,47.0,0,0,0,0.0
4,21,6,1,,,,45.4,0,0,0,0.0
4,22,6,1,,,,45.1,0,0,0,0.0
4,23,6,1,,,,45.6,0,0,0,0.0
4,24,6,1,,,,46.0,0,0,0,0.0
4,1,7,1,,,,44.9,0,0,0,0.0
4,2,7,1,,,,44.4,0,0,0,0.0
4,3,7,1,,,,44.7,0,0,0,0.0
4,4,7,1,,,,46.2,0,0,0,0.0
4,5,7,1,,,,45.7,0,0,0,1.0
4,6,7,1,,,,43.5,0,0,0,55.0
4,7,7,1,,,,44.6,0,0,0,129.0
4,8,7,1,,,,44.9,0,0,0,446.0
4,9,7,1,,,,45.0,0,0,0,648.0
4,10,7,1,,,,45.2,0,0,0,743.0
4,11,7,1,,,,46.3,0,0,0,795.0
4,12,7,1,,,,46.6,0,0,0,776.0
4,13,7,1,,,,46.2,0,0,0,748.0
4,14,7,1,,,,44.5,0,0,0,653.0
4,15,7,1,,,,43.4,0,0,0,555.0
4,16,7,1,,,,45.5,0,0,0,493.0
4,17,7,1,,,,44.1,0,0,0,280.0
4,18,7,1,,,,42.8,0,0,0,35.0
4,19,7,1,,,,44.8,0,0,0,0.0
4,20,7,1,,,,43.5,0,0,0,0.0
4,21,7,1,,,,44.3,0,0,0,0.0
4,22,7,1,,,,43.2,0,0,0,0.0
4,23,7,1,,,,43.9,0,0,0,0.0
4,24,7,1,,,,42.3,0,0,0,0.0
4,1,1,1,,,,42.4,0,0,0,0.0
4,2,1,1,,,,42.5,0,0,0,0.0
4,3,1,1,,,,42.6,0,0,0,0.0
4,4,1,1,,,,42.9,0,0,0,0.0
4,5,1,1,,,,43.1,0,0,0,0.0
4,6,1,1,,,,42.0,0,0,0,12.0
4,7,1,1,,,,41.6,0,0,0,41.0
4,8,1,1,,,,42.4,0,0,0,80.0
4,9,1,1,,,,42.0,0,0,0,124.0
4,10,1,1,,,,42.6,0,0,0,131.0
4,11,1,1,,,,43.2,0,0,0,128.0
4,12,1,1,,,,43.6,0,0,0,146.0
4,13,1,1,,,,45.7,0,0,0,193.0
4,14,1,1,,,,48.3,0,0,0,212.0
4,15,1,1,,,,44.5,0,0,0,142.0
4,16,1,1,,,,45.4,0,0,0,69.0
4,17,1,1,,,,45.7,0,0,0,6.0
4,18,1,1,,,,44.4,0,0,0,0.0
4,19,1,1,,,,45.5,0,0,0,0.0
4,20,1,1,,,,46.6,0,0,0,0.0
4,21,1,1,,,,44.8,0,0,0,0.0
4,22,1,1,,,,46.3,0,0,0,0.0
4,23,1,1,,,,45.6,0,0,0,0.0
4,24,1,1,,,,45.5,0,0,0,0.0
4,1,2,1,,,,44.6,0,0,0,0.0
4,2,2,1,,,,43.9,0,0,0,0.0
4,3,2,1,,,,43.6,0,0,0,0.0
4,4,2,1,,,,44.6,0,0,0,0.0
4,5,2,1,,,,43.2,0,0,0,0.0
4,6,2,1,,,,43.9,0,0,0,15.0
4,7,2,1,,,,45.8,0,0,0,42.0
4,8,2,1,,,,49.1,0,0,0,82.0
4,9,2,1,,,,48.3,0,0,0,125.0
4,10,2,1,,,,51.0,0,0,0,170.0
4,11,2,1,,,,45.3,0,0,0,190.0
4,12,2,1,,,,40.4,0,0,0,163.0
4,13,2,1,,,,40.1,0,0,0,133.0
4,14,2,1,,,,40.8,0,0,0,101.0
4,15,2,1,,,,40.4,0,0,0,66.0
4,16,2,1,,,,42.0,0,0,0,46.0
4,17,2,1,,,,37.2,0,0,0,15.0
4,18,2,1,,,,37.6,0,0,0,0.0
4,19,2,1,,,,42.1,0,0,0,0.0
4,20,2,1,,,,37.5,0,0,0,0.0
4,21,2,1,,,,33.3,0,0,0,0.0
4,22,2,1,,,,35.5,0,0,0,0.0
4,23,2,1,,,,32.5,0,0,0,0.0
4,24,2,1,,,,31.7,0,0,0,0.0
4,1,3,1,,,,32.8,0,0,0,0.0
4,2,3,1,,,,34.3,0,0,0,0.0
4,3,3,1,,,,30.6,0,0,0,0.0
4,4,3,1,,,,30.0,0,0,0,0.0
4,5,3,1,,,,35.0,0,0,0,32.0
4,6,3,1,,,,37.4,0,0,0,388.0
4,7,3,1,,,,36.0,0,0,0,694.0
4,8,3,1,,,,39.5,0,0,0,821.0
4,9,3,1,,,,48.8,0,0,0,848.0
4,10,3,1,,,,58.7,0,0,0,858.0
4,11,3,1,,,,57.6,0,0,0,831.0
4,12,3,1,,,,60.8,0,0,0,679.0
4,13,3,1,,,,57.6,0,0,0,491.0
4,14,3,1,,,,59.8,0,0,0,365.0
4,15,3,1,,,,57.8,0,0,0,277.0
4,16,3,1,,,,56.1,0,0,0,194.0
4,17,3,1,,,,58.4,0,0,0,103.0
4,18,3,1,,,,55.4,0,0,0,16.0
4,19,3,1,,,,44.0,0,0,0,0.0
4,20,3,1,,,,43.8,0,0,0,0.0
4,21,3,1,,,,48.4,0,0,0,0.0
4,22,3,1,,,,46.3,0,0,0,0.0
4,23,3,1,,,,45.8,0,0,0,0.0
4,24,3,1,,,,41.1,0,0,0,0.0
4,1,4,1,,,,40.0,0,0,0,0.0
4,2,4,1,,,,45.1,0,0,0,0.0
4,3,4,1,,,,49.6,0,0,0,0.0
4,4,4,1,,,,49.4,0,0,0,0.0
4,5,4,1,,,,43.8,0,0,0,3.0
4,6,4,1,,,,47.5,0,0,0,36.0
4,7,4,1,,,,46.5,0,0,0,97.0
4,8,4,1,,,,49.0,0,0,0,304.0
4,9,4,1,,,,59.0,0,0,0,421.0
4,10,4,1,,,,59.1,0,0,0,414.0
4,11,4,1,,,,59.7,0,0,0,414.0
4,12,4,1,,,,58.3,0,0,0,428.0
4,13,4,1,,,,59.0,0,0,0,438.0
4,14,4,1,,,,57.2,0,0,0,355.0
4,15,4,1,,,,60.4,0,0,0,251.0
4,16,4,1,,,,58.9,0,0,0,131.0
4,17,4,1,,,,51.8,0,0,0,60.0
4,18,4,1,,,,53.6,0,0,0,4.0
4,19,4,1,,,,47.4,0,0,0,0.0
4,20,4,1,,,,48.7,0,0,0,0.0
4,21,4,1,,,,48.6,0,0,0,0.0
4,22,4,1,,,,45.2,0,0,0,0.0
4,23,4,1,,,,43.4,0,0,0,0.0
4,24,4,1,,,,45.1,0,0,0,0.0
4,1,5,1,,,,49.2,0,0,0,0.0
4,2,5,1,,,,48.0,0,0,0,0.0
4,3,5,1,,,,47.5,0,0,0,0.0
4,4,5,1,,,,43.6,0,0,0,0.0
4,5,5,1,,,,47.3,0,0,0,8.0
4,6,5,1,,,,41.7,0,0,0,62.0
4,7,5,1,,,,46.8,0,0,0,143.0
4,8,5,1,,,,51.9,0,0,0,277.0
4,9,5,1,,,,56.7,0,0,0,539.0
4,10,5,1,,,,60.0,0,0,0,536.0
4,11,5,1,,,,56.1,0,0,0,471.0
4,12,5,1,,,,55.6,0,0,0,457.0
4,13,5,1,,,,59.2,0,0,0,381.0
4,14,5,1,,,,59.6,0,0,0,311.0
4,15,5,1,,,,62.6,0,0,0,219.0
4,16,5,1,,,,55.6,0,0,0,141.0
4,17,5,1,,,,53.7,0,0,0,80.0
4,18,5,1,,,,49.0,0,0,0,12.0
4,19,5,1,,,,51.7,0,0,0,0.0
4,20,5,1,,,,50.1,0,0,0,0.0
4,21,5,1,,,,50.0,0,0,0,0.0
4,22,5,1,,,,42.7,0,0,0,0.0
4,23,5,1,,,,39.9,0,0,0,0.0
4,24,5,1,,,,42.8,0,0,0,0.0
4,1,6,1,,,,43.7,0,0,0,0.0
4,2,6,1,,,,44.0,0,0,0,0.0
4,3,6,1,,,,38.7,0,0,0,0.0
4,4,6,1,,,,49.6,0,0,0,0.0
4,5,6,1,,,,41.7,0,0,0,28.0
4,6,6,1,,,,46.8,0,0,0,93.0
4,7,6,1,,,,46.0,0,0,0,221.0
4,8,6,1,,,,51.8,0,0,0,695.0
4,9,6,1,,,,51.2,0,0,0,684.0
4,10,6,1,,,,57.7,0,0,0,643.0
4,11,6,1,,,,53.6,0,0,0,606.0
4,12,6,1,,,,56.4,0,0,0,596.0
4,13,6,1,,,,58.7,0,0,0,579.0
4,14,6,1,,,,60.9,0,0,0,490.0
4,15,6,1,,,,58.9,0,0,0,384.0
4,16,6,1,,,,55.6,0,0,0,261.0
4,17,6,1,,,,50.6,0,0,0,113.0
4,18,6,1,,,,47.0,0,0,0,28.0
4,19,6,1,,,,45.0,0,0,0,0.0
4,20,6,1,,,,45.4,0,0,0,0.0
4,21,6,1,,,,42.7,0,0,0,0.0
4,22,6,1,,,,42.3,0,0,0,0.0
4,23,6,1,,,,40.8,0,0,0,0.0
4,24,6,1,,,,41.9,0,0,0,0.0
4,1,7,1,,,,41.4,0,0,0,0.0
4,2,7,1,,,,43.0,0,0,0,0.0
4,3,7,1,,,,42.7,0,0,0,0.0
4,4,7,1,,,,43.5,0,0,0,0.0
4,5,7,1,,,,43.2,0,0,0,38.0
4,6,7,1,,,,43.9,0,0,0,162.0
4,7,7,1,,,,41.5,0,0,0,485.0
4,8,7,1,,,,41.7,0,0,0,660.0
4,9,7,1,,,,42.8,0,0,0,726.0
4,10,7,1,,,,42.8,0,0,0,754.0
4,11,7,1,,,,43.3,0,0,0,744.0
4,12,7,1,,,,43.8,0,0,0,677.0
4,13,7,1,,,,44.6,0,0,0,584.0
4,14,7,1,,,,46.6,0,0,0,454.0
4,15,7,1,,,,42.1,0,0,0,331.0
4,16,7,1,,,,42.5,0,0,0,230.0
4,17,7,1,,,,43.8,0,0,0,124.0
4,18,7,1,,,,41.4,0,0,0,25.0
4,19,7,1,,,,42.3,0,0,0,0.0
4,20,7,1,,,,42.8,0,0,0,0.0
4,21,7,1,,,,42.2,0,0,0,0.0
4,22,7,1,,,,43.4,0,0,0,0.0
4,23,7,1,,,,40.6,0,0,0,0.0
4,24,7,1,,,,42.4,0,0,0,0.0
4,1,1,1,,,,42.8,0,0,0,0.0
4,2,1,1,,,,41.7,0,0,0,0.0
4,3,1,1,,,,42.6,0,0,0,0.0
4,4,1,1,,,,44.3,0,0,0,0.0
4,5,1,1,,,,46.0,0,0,0,116.0
4,6,1,1,,,,45.5,0,0,0,410.0
4,7,1,1,,,,44.5,0,0,0,733.0
4,8,1,1,,,,40.1,0,0,0,787.0
4,9,1,1,,,,41.3,0,0,0,739.0
4,10,1,1,,,,40.8,0,0,0,754.0
4,11,1,1,,,,40.2,0,0,0,679.0
4,12,1,1,,,,41.1,0,0,0,610.0
4,13,1,1,,,,45.8,0,0,0,629.0
4,14,1,1,,,,43.2,0,0,0,580.0
4,15,1,1,,,,43.3,0,0,0,451.0
4,16,1,1,,,,44.6,0,0,0,394.0
4,17,1,1,,,,44.0,0,0,0,273.0
4,18,1,1,,,,44.1,0,0,0,83.0
4,19,1,1,,,,43.1,0,0,0,0.0
4,20,1,1,,,,42.9,0,0,0,0.0
4,21,1,1,,,,42.4,0,0,0,0.0
4,22,1,1,,,,43.2,0,0,0,0.0
4,23,1,1,,,,45.4,0,0,0,0.0
4,24,1,1,,,,47.0,0,0,0,0.0
4,1,2,1,,,,48.6,0,0,0,0.0
4,2,2,1,,,,48.2,0,0,0,0.0
4,3,2,1,,,,47.8,0,0,0,0.0
4,4,2,1,,,,49.1,0,0,0,0.0
4,5,2,1,,,,50.0,0,0,0,232.0
4,6,2,1,,,,47.4,0,0,0,566.0
4,7,2,1,,,,46.4,0,0,0,756.0
4,8,2,1,,,,51.6,0,0,0,809.0
4,9,2,1,,,,58.0,0,0,0,752.0
4,10,2,1,,,,61.7,0,0,0,792.0
4,11,2,1,,,,62.5,0,0,0,798.0
4,12,2,1,,,,64.1,0,0,0,790.0
4,13,2,1,,,,65.9,0,0,0,728.0
4,14,2,1,,,,64.5,0,0,0,709.0
4,15,2,1,,,,64.5,0,0,0,685.0
4,16,2,1,,,,61.9,0,0,0,589.0
4,17,2,1,,,,59.0,0,0,0,349.0
4,18,2,1,,,,51.9,0,0,0,93.0
4,19,2,1,,,,48.3,0,0,0,0.0
4,20,2,1,,,,47.2,0,0,0,0.0
4,21,2,1,,,,43.3,0,0,0,0.0
4,22,2,1,,,,43.9,0,0,0,0.0
4,23,2,1,,,,43.4,0,0,0,0.0
4,24,2,1,,,,43.4,0,0,0,0.0
4,1,3,1,,,,44.0,0,0,0,0.0
4,2,3,1,,,,44.4,0,0,0,0.0
4,3,3,1,,,,43.3,0,0,0,0.0
4,4,3,1,,,,43.1,0,0,0,0.0
4,5,3,1,,,,45.2,0,0,0,9.0
4,6,3,1,,,,44.1,0,0,0,32.0
4,7,3,1,,,,47.4,0,0,0,43.0
4,8,3,1,,,,51.1,0,0,0,69.0
4,9,3,1,,,,63.2,0,0,0,172.0
4,10,3,1,,,,72.5,0,0,0,447.0
4,11,3,1,,,,71.1,0,0,0,733.0
4,12,3,1,,,,64.7,0,0,0,657.0
4,13,3,1,,,,65.2,0,0,0,457.0
4,14,3,1,,,,65.7,0,0,0,352.0
4,15,3,1,,,,67.5,0,0,0,248.0
4,16,3,1,,,,65.2,0,0,0,197.0
4,17,3,1,,,,57.9,0,0,0,87.0
4,18,3,1,,,,50.8,0,0,0,12.0
4,19,3,1,,,,47.4,0,0,0,0.0
4,20,3,1,,,,46.1,0,0,0,0.0
4,21,3,1,,,,44.8,0,0,0,0.0
4,22,3,1,,,,44.4,0,0,0,0.0
4,23,3,1,,,,45.6,0,0,0,0.0
4,24,3,1,,,,44.2,0,0,0,0.0
4,1,4,1,,,,44.1,0,0,0,0.0
4,2,4,1,,,,44.0,0,0,0,0.0
4,3,4,1,,,,44.0,0,0,0,0.0
4,4,4,1,,,,43.4,0,0,0,0.0
4,5,4,1,,,,44.2,0,0,0,5.0
4,6,4,1,,,,44.6,0,0,0,50.0
4,7,4,1,,,,47.2,0,0,0,115.0
4,8,4,1,,,,54.8,0,0,0,182.0
4,9,4,1,,,,59.8,0,0,0,257.0
4,10,4,1,,,,66.0,0,0,0,344.0
4,11,4,1,,,,71.2,0,0,0,337.0
4,12,4,1,,,,67.6,0,0,0,256.0
4,13,4,1,,,,67.8,0,0,0,176.0
4,14,4,1,,,,67.8,0,0,0,182.0
4,15,4,1,,,,68.2,0,0,0,124.0
4,16,4,1,,,,61.6,0,0,0,88.0
4,17,4,1,,,,57.6,0,0,0,59.0
4,18,4,1,,,,54.5,0,0,0,17.0
4,19,4,1,,,,48.6,0,0,0,0.0
4,20,4,1,,,,48.8,0,0,0,0.0
4,21,4,1,,,,46.7,0,0,0,0.0
4,22,4,1,,,,44.4,0,0,0,0.0
4,23,4,1,,,,42.5,0,0,0,0.0
4,24,4,1,,,,41.4,0,0,0,0.0
4,1,5,1,,,,44.1,0,0,0,0.0
4,2,5,1,,,,44.2,0,0,0,0.0
4,3,5,1,,,,42.1,0,0,0,0.0
4,4,5,1,,,,47.1,0,0,0,0.0
4,5,5,1,,,,43.7,0,0,0,2.0
4,6,5,1,,,,45.4,0,0,0,28.0
4,7,5,1,,,,48.3,0,0,0,89.0
4,8,5,1,,,,53.8,0,0,0,206.0
4,9,5,1,,,,61.1,0,0,0,305.0
4,10,5,1,,,,68.1,0,0,0,313.0
4,11,5,1,,,,68.5,0,0,0,309.0
4,12,5,1,,,,70.5,0,0,0,307.0
4,13,5,1,,,,69.2,0,0,0,285.0
4,14,5,1,,,,66.9,0,0,0,183.0
4,15,5,1,,,,68.5,0,0,0,128.0
4,16,5,1,,,,63.7,0,0,0,74.0
4,17,5,1,,,,64.1,0,0,0,34.0
4,18,5,1,,,,54.2,0,0,0,7.0
4,19,5,1,,,,48.9,0,0,0,0.0
4,20,5,1,,,,48.5,0,0,0,0.0
4,21,5,1,,,,46.1,0,0,0,0.0
4,22,5,1,,,,47.6,0,0,0,0.0
4,23,5,1,,,,44.2,0,0,0,0.0
4,24,5,1,,,,44.1,0,0,0,0.0
4,1,6,1,,,,44.6,0,0,0,0.0
4,2,6,1,,,,44.8,0,0,0,0.0
4,3,6,1,,,,45.7,0,0,0,0.0
4,4,6,1,,,,44.4,0,0,0,0.0
4,5,6,1,,,,46.8,0,0,0,2.0
4,6,6,1,,,,46.1,0,0,0,27.0
4,7,6,1,,,,49.5,0,0,0,78.0
4,8,6,1,,,,56.0,0,0,0,185.0
4,9,6,1,,,,56.2,0,0,0,386.0
4,10,6,1,,,,61.0,0,0,0,689.0
4,11,6,1,,,,63.6,0,0,0,532.0
4,12,6,1,,,,60.6,0,0,0,422.0
4,13,6,1,,,,66.5,0,0,0,324.0
4,14,6,1,,,,64.9,0,0,0,201.0
4,15,6,1,,,,66.3,0,0,0,132.0
4,16,6,1,,,,60.5,0,0,0,84.0
4,17,6,1,,,,58.5,0,0,0,35.0
4,18,6,1,,,,51.6,0,0,0,5.0
4,19,6,1,,,,48.6,0,0,0,0.0
4,20,6,1,,,,47.4,0,0,0,0.0
4,21,6,1,,,,46.2,0,0,0,0.0
4,22,6,1,,,,44.7,0,0,0,0.0
4,23,6,1,,,,44.7,0,0,0,0.0
4,24,6,1,,,,44.2,0,0,0,0.0
4,1,7,1,,,,45.3,0,0,0,0.0
4,2,7,1,,,,45.7,0,0,0,0.0
4,3,7,1,,,,46.8,0,0,0,0.0
4,4,7,1,,,,47.0,0,0,0,0.0
4,5,7,1,,,,48.7,0,0,0,67.0
4,6,7,1,,,,49.1,0,0,0,226.0
4,7,7,1,,,,46.8,0,0,0,453.0
4,8,7,1,,,,48.3,0,0,0,563.0
4,9,7,1,,,,46.4,0,0,0,621.0
4,10,7,1,,,,47.3,0,0,0,508.0
4,11,7,1,,,,50.1,0,0,0,419.0
4,12,7,1,,,,50.1,0,0,0,368.0
4,13,7,1,,,,52.2,0,0,0,330.0
4,14,7,1,,,,50.4,0,0,0,316.0
4,15,7,1,,,,51.5,0,0,0,226.0
4,16,7,1,,,,48.9,0,0,0,156.0
4,17,7,1,,,,46.4,0,0,0,80.0
4,18,7,1,,,,44.6,0,0,0,22.0
4,19,7,1,,,,43.1,0,0,0,0.0
4,20,7,1,,,,42.3,0,0,0,0.0
4,21,7,1,,,,42.5,0,0,0,0.0
4,22,7,1,,,,41.2,0,0,0,0.0
4,23,7,1,,,,42.1,0,0,0,0.0
4,24,7,1,,,,41.3,0,0,0,0.0
4,1,1,1,,,,41.8,0,0,0,0.0
4,2,1,1,,,,43.5,0,0,0,0.0
4,3,1,1,,,,42.1,0,0,0,0.0
4,4,1,1,,,,43.4,0,0,0,0.0
4,5,1,1,,,,42.0,0,0,0,9.0
4,6,1,1,,,,41.6,0,0,0,38.0
4,7,1,1,,,,41.1,0,0,0,168.0
4,8,1,1,,,,44.0,0,0,0,532.0
4,9,1,1,,,,41.5,0,0,0,492.0
4,10,1,1,,,,42.6,0,0,0,481.0
4,11,1,1,,,,44.8,0,0,0,490.0
4,12,1,1,,,,44.0,0,0,0,482.0
4,13,1,1,,,,47.2,0,0,0,418.0
4,14,1,1,,,,47.9,0,0,0,354.0
4,15,1,1,,,,48.1,0,0,0,255.0
4,16,1,1,,,,47.9,0,0,0,177.0
4,17,1,1,,,,48.6,0,0,0,74.0
4,18,1,1,,,,44.7,0,0,0,14.0
4,19,1,1,,,,44.2,0,0,0,0.0
4,20,1,1,,,,44.4,0,0,0,0.0
4,21,1,1,,,,42.9,0,0,0,0.0
4,22,1,1,,,,43.0,0,0,0,0.0
4,23,1,1,,,,43.2,0,0,0,0.0
4,24,1,1,,,,45.5,0,0,0,0.0
4,1,2,1,,,,42.2,0,0,0,0.0
4,2,2,1,,,,42.3,0,0,0,0.0
4,3,2,1,,,,42.6,0,0,0,0.0
4,4,2,1,,,,43.9,0,0,0,0.0
4,5,2,1,,,,44.2,0,0,0,7.0
4,6,2,1,,,,44.8,0,0,0,50.0
4,7,2,1,,,,48.3,0,0,0,205.0
4,8,2,1,,,,58.7,0,0,0,404.0
4,9,2,1,,,,59.0,0,0,0,596.0
4,10,2,1,,,,63.0,0,0,0,689.0
4,11,2,1,,,,62.6,0,0,0,703.0
4,12,2,1,,,,66.0,0,0,0,630.0
4,13,2,1,,,,66.2,0,0,0,505.0
4,14,2,1,,,,68.0,0,0,0,335.0
4,15,2,1,,,,65.3,0,0,0,187.0
4,16,2,1,,,,68.9,0,0,0,82.0
4,17,2,1,,,,59.3,0,0,0,30.0
4,18,2,1,,,,53.4,0,0,0,4.0
4,19,2,1,,,,48.3,0,0,0,0.0
4,20,2,1,,,,51.2,0,0,0,0.0
4,21,2,1,,,,47.8,0,0,0,0.0
4,22,2,1,,,,43.7,0,0,0,0.0
4,23,2,1,,,,42.2,0,0,0,0.0
4,24,2,1,,,,43.3,0,0,0,0.0
4,1,3,1,,,,44.9,0,0,0,0.0
4,2,3,1,,,,43.2,0,0,0,0.0
4,3,3,1,,,,43.1,0,0,0,0.0
4,4,3,1,,,,43.0,0,0,0,0.0
4,5,3,1,,,,44.5,0,0,0,2.0
4,6,3,1,,,,44.6,0,0,0,24.0
4,7,3,1,,,,46.3,0,0,0,61.0
4,8,3,1,,,,55.1,0,0,0,118.0
4,9,3,1,,,,66.0,0,0,0,197.0
4,10,3,1,,,,70.7,0,0,0,277.0
4,11,3,1,,,,72.4,0,0,0,395.0
4,12,3,1,,,,76.5,0,0,0,299.0
4,13,3,1,,,,77.0,0,0,0,276.0
4,14,3,1,,,,75.8,0,0,0,270.0
4,15,3,1,,,,71.7,0,0,0,267.0
4,16,3,1,,,,65.0,0,0,0,218.0
4,17,3,1,,,,64.0,0,0,0,98.0
4,18,3,1,,,,53.9,0,0,0,36.0
4,19,3,1,,,,51.1,0,0,0,0.0
4,20,3,1,,,,48.1,0,0,0,0.0
4,21,3,1,,,,52.0,0,0,0,0.0
4,22,3,1,,,,50.6,0,0,0,0.0
4,23,3,1,,,,51.1,0,0,0,0.0
4,24,3,1,,,,45.8,0,0,0,0.0
4,1,4,1,,,,46.2,0,0,0,0.0
4,2,4,1,,,,46.8,0,0,0,0.0
4,3,4,1,,,,46.3,0,0,0,0.0
4,4,4,1,,,,46.5,0,0,0,0.0
4,5,4,1,,,,50.9,0,0,0,2.0
4,6,4,1,,,,52.2,0,0,0,24.0
4,7,4,1,,,,50.3,0,0,0,56.0
4,8,4,1,,,,57.3,0,0,0,89.0
4,9,4,1,,,,66.6,0,0,0,164.0
4,10,4,1,,,,77.5,0,0,0,224.0
4,11,4,1,,,,73.4,0,0,0,220.0
4,12,4,1,,,,74.2,0,0,0,160.0
4,13,4,1,,,,72.7,0,0,0,171.0
4,14,4,1,,,,73.3,0,0,0,252.0
4,15,4,1,,,,71.5,0,0,0,263.0
4,16,4,1,,,,70.3,0,0,0,195.0
4,17,4,1,,,,64.4,0,0,0,68.0
4,18,4,1,,,,57.8,0,0,0,13.0
4,19,4,1,,,,54.1,0,0,0,0.0
4,20,4,1,,,,52.8,0,0,0,0.0
4,21,4,1,,,,50.5,0,0,0,0.0
4,22,4,1,,,,52.5,0,0,0,0.0
4,23,4,1,,,,49.8,0,0,0,0.0
4,24,4,1,,,,48.4,0,0,0,0.0
4,1,5,1,,,,49.4,0,0,0,0.0
4,2,5,1,,,,49.6,0,0,0,0.0
4,3,5,1,,,,46.2,0,0,0,0.0
4,4,5,1,,,,50.9,0,0,0,0.0
4,5,5,1,,,,51.5,0,0,0,23.0
4,6,5,1,,,,51.3,0,0,0,175.0
4,7,5,1,,,,54.3,0,0,0,417.0
4,8,5,1,,,,62.6,0,0,0,554.0
4,9,5,1,,,,71.1,0,0,0,520.0
4,10,5,1,,,,74.6,0,0,0,463.0
4,11,5,1,,,,74.2,0,0,0,510.0
4,12,5,1,,,,70.3,0,0,0,525.0
4,13,5,1,,,,66.5,0,0,0,530.0
4,14,5,1,,,,65.6,0,0,0,554.0
4,15,5,1,,,,65.4,0,0,0,527.0
4,16,5,1,,,,63.9,0,0,0,422.0
4,17,5,1,,,,57.8,0,0,0,283.0
4,18,5,1,,,,51.5,0,0,0,130.0
4,19,5,1,,,,50.5,0,0,0,0.0
4,20,5,1,,,,49.8,0,0,0,0.0
4,21,5,1,,,,50.3,0,0,0,0.0
4,22,5,1,,,,52.7,0,0,0,0.0
4,23,5,1,,,,48.3,0,0,0,0.0
4,24,5,1,,,,45.2,0,0,0,0.0
4,1,6,1,,,,48.4,0,0,0,0.0
4,2,6,1,,,,50.4,0,0,0,0.0
4,3,6,1,,,,47.6,0,0,0,0.0
4,4,6,1,,,,48.7,0,0,0,0.0
4,5,6,1,,,,51.4,0,0,0,28.0
4,6,6,1,,,,51.8,0,0,0,97.0
4,7,6,1,,,,52.6,0,0,0,220.0
4,8,6,1,,,,57.5,0,0,0,377.0
4,9,6,1,,,,64.4,0,0,0,565.0
4,10,6,1,,,,69.4,0,0,0,546.0
4,11,6,1,,,,73.4,0,0,0,483.0
4,12,6,1,,,,74.6,0,0,0,403.0
4,13,6,1,,,,72.8,0,0,0,347.0
4,14,6,1,,,,68.2,0,0,0,278.0
4,15,6,1,,,,71.6,0,0,0,208.0
4,16,6,1,,,,69.2,0,0,0,125.0
4,17,6,1,,,,60.5,0,0,0,67.0
4,18,6,1,,,,53.0,0,0,0,14.0
4,19,6,1,,,,48.9,0,0,0,0.0
4,20,6,1,,,,48.5,0,0,0,0.0
4,21,6,1,,,,46.7,0,0,0,0.0
4,22,6,1,,,,51.5,0,0,0,0.0
4,23,6,1,,,,47.1,0,0,0,0.0
4,24,6,1,,,,44.8,0,0,0,0.0
4,1,7,1,,,,47.8,0,0,0,0.0
4,2,7,1,,,,45.6,0,0,0,0.0
4,3,7,1,,,,45.7,0,0,0,0.0
4,4,7,1,,,,47.2,0,0,0,0.0
4,5,7,1,,,,50.6,0,0,0,5.0
4,6,7,1,,,,48.1,0,0,0,29.0
4,7,7,1,,,,47.9,0,0,0,70.0
4,8,7,1,,,,47.8,0,0,0,95.0
4,9,7,1,,,,48.4,0,0,0,125.0
4,10,7,1,,,,49.1,0,0,0,189.0
4,11,7,1,,,,52.1,0,0,0,282.0
4,12,7,1,,,,51.5,0,0,0,305.0
4,13,7,1,,,,52.3,0,0,0,204.0
4,14,7,1,,,,51.3,0,0,0,125.0
4,15,7,1,,,,49.6,0,0,0,82.0
4,16,7,1,,,,49.8,0,0,0,47.0
4,17,7,1,,,,46.2,0,0,0,21.0
4,18,7,1,,,,47.4,0,0,0,4.0
4,19,7,1,,,,47.6,0,0,0,0.0
4,20,7,1,,,,45.1,0,0,0,0.0
4,21,7,1,,,,44.1,0,0,0,0.0
4,22,7,1,,,,44.3,0,0,0,0.0
4,23,7,1,,,,46.8,0,0,0,0.0
4,24,7,1,,,,45.0,0,0,0,0.0
4,1,1,1,,,,43.4,0,0,0,0.0
4,2,1,1,,,,43.8,0,0,0,0.0
4,3,1,1,,,,43.3,0,0,0,0.0
4,4,1,1,,,,42.9,0,0,0,0.0
4,5,1,1,,,,43.1,0,0,0,2.0
4,6,1,1,,,,43.7,0,0,0,13.0
4,7,1,1,,,,42.4,0,0,0,37.0
4,8,1,1,,,,44.4,0,0,0,64.0
4,9,1,1,,,,45.5,0,0,0,115.0
4,10,1,1,,,,47.8,0,0,0,186.0
4,11,1,1,,,,46.2,0,0,0,207.0
4,12,1,1,,,,46.8,0,0,0,194.0
4,13,1,1,,,,48.8,0,0,0,178.0
4,14,1,1,,,,49.5,0,0,0,187.0
4,15,1,1,,,,43.9,0,0,0,328.0
4,16,1,1,,,,49.0,0,0,0,467.0
4,17,1,1,,,,46.0,0,0,0,420.0
4,18,1,1,,,,46.5,0,0,0,153.0
4,19,1,1,,,,48.1,0,0,0,0.0
4,20,1,1,,,,46.3,0,0,0,0.0
4,21,1,1,,,,45.9,0,0,0,0.0
4,22,1,1,,,,46.6,0,0,0,0.0
4,23,1,1,,,,45.3,0,0,0,0.0
4,24,1,1,,,,44.6,0,0,0,0.0
4,1,2,1,,,,43.3,0,0,0,0.0
4,2,2,1,,,,45.5,0,0,0,0.0
4,3,2,1,,,,44.2,0,0,0,0.0
4,4,2,1,,,,44.9,0,0,0,1.0
4,5,2,1,,,,43.7,0,0,0,132.0
4,6,2,1,,,,48.9,0,0,0,470.0
4,7,2,1,,,,49.6,0,0,0,789.0
4,8,2,1,,,,56.8,0,0,0,854.0
4,9,2,1,,,,66.2,0,0,0,885.0
4,10,2,1,,,,70.7,0,0,0,896.0
4,11,2,1,,,,70.2,0,0,0,885.0
4,12,2,1,,,,62.1,0,0,0,855.0
4,13,2,1,,,,62.6,0,0,0,827.0
4,14,2,1,,,,64.7,0,0,0,779.0
4,15,2,1,,,,67.5,0,0,0,650.0
4,16,2,1,,,,66.7,0,0,0,421.0
4,17,2,1,,,,59.7,0,0,0,176.0
4,18,2,1,,,,51.8,0,0,0,75.0
4,19,2,1,,,,53.1,0,0,0,0.0
4,20,2,1,,,,52.5,0,0,0,0.0
4,21,2,1,,,,49.5,0,0,0,0.0
4,22,2,1,,,,52.6,0,0,0,0.0
4,23,2,1,,,,46.6,0,0,0,0.0
4,24,2,1,,,,48.9,0,0,0,0.0
5,1,3,1,,,,45.7,0,0,0,0.0
5,2,3,1,,,,47.5,0,0,0,0.0
5,3,3,1,,,,43.7,0,0,0,0.0
5,4,3,1,,,,47.8,0,0,0,0.0
5,5,3,1,,,,50.0,0,0,0,2.0
5,6,3,1,,,,47.4,0,0,0,21.0
5,7,3,1,,,,51.9,0,0,0,62.0
5,8,3,1,,,,55.8,0,0,0,102.0
5,9,3,1,,,,68.5,0,0,0,162.0
5,10,3,1,,,,78.0,0,0,0,229.0
5,11,3,1,,,,77.5,0,0,0,256.0
5,12,3,1,,,,75.1,0,0,0,314.0
5,13,3,1,,,,71.6,0,0,0,307.0
5,14,3,1,,,,72.1,0,0,0,332.0
5,15,3,1,,,,71.5,0,0,0,296.0
5,16,3,1,,,,63.3,0,0,0,183.0
5,17,3,1,,,,58.2,0,0,0,96.0
5,18,3,1,,,,50.8,0,0,0,34.0
5,19,3,1,,,,49.9,0,0,0,0.0
5,20,3,1,,,,46.4,0,0,0,0.0
5,21,3,1,,,,50.2,0,0,0,0.0
5,22,3,1,,,,50.0,0,0,0,0.0
5,23,3,1,,,,48.9,0,0,0,0.0
5,24,3,1,,,,45.9,0,0,0,0.0
5,1,4,1,,,,46.4,0,0,0,0.0
5,2,4,1,,,,46.6,0,0,0,0.0
5,3,4,1,,,,47.0,0,0,0,0.0
5,4,4,1,,,,47.4,0,0,0,0.0
5,5,4,1,,,,49.1,0,0,0,24.0
5,6,4,1,,,,51.1,0,0,0,76.0
5,7,4,1,,,,50.8,0,0,0,164.0
5,8,4,1,,,,59.2,0,0,0,240.0
5,9,4,1,,,,69.8,0,0,0,317.0
5,10,4,1,,,,73.8,0,0,0,335.0
5,11,4,1,,,,74.2,0,0,0,398.0
5,12,4,1,,,,68.8,0,0,0,457.0
5,13,4,1,,,,70.6,0,0,0,566.0
5,14,4,1,,,,70.7,0,0,0,503.0
5,15,4,1,,,,64.5,0,0,0,374.0
5,16,4,1,,,,66.0,0,0,0,212.0
5,17,4,1,,,,60.0,0,0,0,84.0
5,18,4,1,,,,55.5,0,0,0,22.0
5,19,4,1,,,,51.6,0,0,0,0.0
5,20,4,1,,,,51.3,0,0,0,0.0
5,21,4,1,,,,52.1,0,0,0,0.0
5,22,4,1,,,,53.8,0,0,0,0.0
5,23,4,1,,,,50.1,0,0,0,0.0
5,24,4,1,,,,48.0,0,0,0,0.0
5,1,5,1,,,,48.2,0,0,0,0.0
5,2,5,1,,,,48.2,0,0,0,0.0
5,3,5,1,,,,47.9,0,0,0,0.0
5,4,5,1,,,,49.8,0,0,0,0.0
5,5,5,1,,,,51.1,0,0,0,3.0
5,6,5,1,,,,53.6,0,0,0,18.0
5,7,5,1,,,,54.9,0,0,0,50.0
5,8,5,1,,,,56.0,0,0,0,98.0
5,9,5,1,,,,64.1,0,0,0,132.0
5,10,5,1,,,,68.8,0,0,0,130.0
5,11,5,1,,,,69.4,0,0,0,156.0
5,12,5,1,,,,70.2,0,0,0,184.0
5,13,5,1,,,,74.7,0,0,0,184.0
5,14,5,1,,,,72.2,0,0,0,150.0
5,15,5,1,,,,72.0,0,0,0,104.0
5,16,5,1,,,,73.3,0,0,0,56.0
5,17,5,1,,,,64.2,0,0,0,23.0
5,18,5,1,,,,56.7,0,0,0,4.0
5,19,5,1,,,,51.4,0,0,0,0.0
5,20,5,1,,,,50.6,0,0,0,0.0
5,21,5,1,,,,51.2,0,0,0,0.0
5,22,5,1,,,,52.4,0,0,0,0.0
5,23,5,1,,,,49.0,0,0,0,0.0
5,24,5,1,,,,48.7,0,0,0,0.0
5,1,6,1,,,,47.0,0,0,0,0.0
5,2,6,1,,,,46.8,0,0,0,0.0
5,3,6,1,,,,46.6,0,0,0,0.0
5,4,6,1,,,,46.4,0,0,0,0.0
5,5,6,1,,,,44.8,0,0,0,16.0
5,6,6,1,,,,37.0,0,0,0,69.0
5,7,6,1,,,,37.6,0,0,0,144.0
5,8,6,1,,,,45.5,0,0,0,235.0
5,9,6,1,,,,52.3,0,0,0,339.0
5,10,6,1,,,,61.4,0,0,0,389.0
5,11,6,1,,,,69.6,0,0,0,389.0
5,12,6,1,,,,70.2,0,0,0,348.0
5,13,6,1,,,,69.8,0,0,0,285.0
5,14,6,1,,,,68.8,0,0,0,239.0
5,15,6,1,,,,67.6,0,0,0,208.0
5,16,6,1,,,,66.1,0,0,0,186.0
5,17,6,1,,,,60.5,0,0,0,117.0
5,18,6,1,,,,51.8,0,0,0,40.0
5,19,6,1,,,,46.3,0,0,0,0.0
5,20,6,1,,,,45.2,0,0,0,0.0
5,21,6,1,,,,45.4,0,0,0,0.0
5,22,6,1,,,,42.4,0,0,0,0.0
5,23,6,1,,,,41.5,0,0,0,0.0
5,24,6,1,,,,41.6,0,0,0,0.0
5,1,7,1,,,,41.2,0,0,0,0.0
5,2,7,1,,,,41.5,0,0,0,0.0
5,3,7,1,,,,41.9,0,0,0,0.0
5,4,7,1,,,,42.2,0,0,0,8.0
5,5,7,1,,,,44.2,0,0,0,177.0
5,6,7,1,,,,42.0,0,0,0,420.0
5,7,7,1,,,,42.2,0,0,0,527.0
5,8,7,1,,,,42.8,0,0,0,569.0
5,9,7,1,,,,43.0,0,0,0,626.0
5,10,7,1,,,,43.4,0,0,0,726.0
5,11,7,1,,,,44.9,0,0,0,777.0
5,12,7,1,,,,44.1,0,0,0,751.0
5,13,7,1,,,,44.8,0,0,0,700.0
5,14,7,1,,,,42.8,0,0,0,547.0
5,15,7,1,,,,42.5,0,0,0,355.0
5,16,7,1,,,,42.0,0,0,0,248.0
5,17,7,1,,,,41.2,0,0,0,161.0
5,18,7,1,,,,40.4,0,0,0,64.0
5,19,7,1,,,,40.6,0,0,0,1.0
5,20,7,1,,,,41.7,0,0,0,0.0
5,21,7,1,,,,42.6,0,0,0,0.0
5,22,7,1,,,,41.6,0,0,0,0.0
5,23,7,1,,,,41.8,0,0,0,0.0
5,24,7,1,,,,42.1,0,0,0,0.0
5,1,1,1,,,,40.8,0,0,0,0.0
5,2,1,1,,,,41.0,0,0,0,0.0
5,3,1,1,,,,40.5,0,0,0,0.0
5,4,1,1,,,,39.9,0,0,0,6.0
5,5,1,1,,,,40.8,0,0,0,118.0
5,6,1,1,,,,40.8,0,0,0,288.0
5,7,1,1,,,,40.1,0,0,0,434.0
5,8,1,1,,,,42.3,0,0,0,521.0
5,9,1,1,,,,41.1,0,0,0,595.0
5,10,1,1,,,,40.6,0,0,0,643.0
5,11,1,1,,,,43.9,0,0,0,643.0
5,12,1,1,,,,42.5,0,0,0,664.0
5,13,1,1,,,,43.6,0,0,0,669.0
5,14,1,1,,,,44.2,0,0,0,624.0
5,15,1,1,,,,45.4,0,0,0,453.0
5,16,1,1,,,,43.9,0,0,0,184.0
5,17,1,1,,,,43.0,0,0,0,76.0
5,18,1,1,,,,39.9,0,0,0,64.0
5,19,1,1,,,,40.2,0,0,0,3.0
5,20,1,1,,,,41.4,0,0,0,0.0
5,21,1,1,,,,43.1,0,0,0,0.0
5,22,1,1,,,,43.8,0,0,0,0.0
5,23,1,1,,,,44.6,0,0,0,0.0
5,24,1,1,,,,42.8,0,0,0,0.0
5,1,2,1,,,,43.1,0,0,0,0.0
5,2,2,1,,,,42.8,0,0,0,0.0
5,3,2,1,,,,41.5,0,0,0,0.0
5,4,2,1,,,,44.4,0,0,0,0.0
5,5,2,1,,,,43.1,0,0,0,59.0
5,6,2,1,,,,41.9,0,0,0,302.0
5,7,2,1,,,,43.3,0,0,0,568.0
5,8,2,1,,,,44.7,0,0,0,570.0
5,9,2,1,,,,48.7,0,0,0,451.0
5,10,2,1,,,,51.6,0,0,0,397.0
5,11,2,1,,,,58.7,0,0,0,369.0
5,12,2,1,,,,55.2,0,0,0,320.0
5,13,2,1,,,,58.3,0,0,0,241.0
5,14,2,1,,,,57.8,0,0,0,179.0
5,15,2,1,,,,57.4,0,0,0,156.0
5,16,2,1,,,,55.4,0,0,0,133.0
5,17,2,1,,,,52.8,0,0,0,122.0
5,18,2,1,,,,48.9,0,0,0,47.0
5,19,2,1,,,,46.3,0,0,0,1.0
5,20,2,1,,,,46.2,0,0,0,0.0
5,21,2,1,,,,46.4,0,0,0,0.0
5,22,2,1,,,,50.9,0,0,0,0.0
5,23,2,1,,,,47.2,0,0,0,0.0
5,24,2,1,,,,46.6,0,0,0,0.0
5,1,3,1,,,,47.2,0,0,0,0.0
5,2,3,1,,,,44.3,0,0,0,0.0
5,3,3,1,,,,44.3,0,0,0,0.0
5,4,3,1,,,,45.2,0,0,0,1.0
5,5,3,1,,,,47.5,0,0,0,43.0
5,6,3,1,,,,48.0,0,0,0,160.0
5,7,3,1,,,,49.0,0,0,0,365.0
5,8,3,1,,,,57.2,0,0,0,653.0
5,9,3,1,,,,63.8,0,0,0,801.0
5,10,3,1,,,,73.0,0,0,0,739.0
5,11,3,1,,,,75.6,0,0,0,687.0
5,12,3,1,,,,71.9,0,0,0,711.0
5,13,3,1,,,,72.5,0,0,0,686.0
5,14,3,1,,,,70.8,0,0,0,503.0
5,15,3,1,,,,65.0,0,0,0,262.0
5,16,3,1,,,,62.0,0,0,0,216.0
5,17,3,1,,,,56.7,0,0,0,161.0
5,18,3,1,,,,50.6,0,0,0,62.0
5,19,3,1,,,,49.1,0,0,0,2.0
5,20,3,1,,,,50.2,0,0,0,0.0
5,21,3,1,,,,50.7,0,0,0,0.0
5,22,3,1,,,,47.9,0,0,0,0.0
5,23,3,1,,,,44.9,0,0,0,0.0
5,24,3,1,,,,41.8,0,0,0,0.0
5,1,4,1,,,,44.4,0,0,0,0.0
5,2,4,1,,,,41.2,0,0,0,0.0
5,3,4,1,,,,44.3,0,0,0,0.0
5,4,4,1,,,,41.2,0,0,0,2.0
5,5,4,1,,,,47.6,0,0,0,67.0
5,6,4,1,,,,46.2,0,0,0,153.0
5,7,4,1,,,,47.0,0,0,0,200.0
5,8,4,1,,,,55.6,0,0,0,230.0
5,9,4,1,,,,62.2,0,0,0,268.0
5,10,4,1,,,,71.8,0,0,0,304.0
5,11,4,1,,,,71.5,0,0,0,329.0
5,12,4,1,,,,72.2,0,0,0,213.0
5,13,4,1,,,,71.9,0,0,0,238.0
5,14,4,1,,,,70.6,0,0,0,249.0
5,15,4,1,,,,70.5,0,0,0,132.0
5,16,4,1,,,,65.0,0,0,0,137.0
5,17,4,1,,,,55.1,0,0,0,114.0
5,18,4,1,,,,53.1,0,0,0,48.0
5,19,4,1,,,,46.2,0,0,0,1.0
5,20,4,1,,,,47.9,0,0,0,0.0
5,21,4,1,,,,46.6,0,0,0,0.0
5,22,4,1,,,,48.7,0,0,0,0.0
5,23,4,1,,,,47.5,0,0,0,0.0
5,24,4,1,,,,43.4,0,0,0,0.0
5,1,5,1,,,,45.2,0,0,0,0.0
5,2,5,1,,,,43.4,0,0,0,0.0
5,3,5,1,,,,45.7,0,0,0,0.0
5,4,5,1,,,,41.6,0,0,0,1.0
5,5,5,1,,,,48.5,0,0,0,82.0
5,6,5,1,,,,48.4,0,0,0,320.0
5,7,5,1,,,,46.8,0,0,0,482.0
5,8,5,1,,,,55.2,0,0,0,510.0
5,9,5,1,,,,63.2,0,0,0,520.0
5,10,5,1,,,,67.9,0,0,0,523.0
5,11,5,1,,,,63.6,0,0,0,466.0
5,12,5,1,,,,60.9,0,0,0,455.0
5,13,5,1,,,,62.0,0,0,0,433.0
5,14,5,1,,,,62.6,0,0,0,326.0
5,15,5,1,,,,64.2,0,0,0,268.0
5,16,5,1,,,,61.2,0,0,0,350.0
5,17,5,1,,,,56.5,0,0,0,268.0
5,18,5,1,,,,52.5,0,0,0,113.0
5,19,5,1,,,,50.8,0,0,0,6.0
5,20,5,1,,,,49.4,0,0,0,0.0
5,21,5,1,,,,47.3,0,0,0,0.0
5,22,5,1,,,,49.0,0,0,0,0.0
5,23,5,1,,,,46.8,0,0,0,0.0
5,24,5,1,,,,46.4,0,0,0,0.0
5,1,6,1,,,,45.4,0,0,0,0.0
5,2,6,1,,,,45.8,0,0,0,0.0
5,3,6,1,,,,47.1,0,0,0,0.0
5,4,6,1,,,,46.0,0,0,0,10.0
5,5,6,1,,,,48.2,0,0,0,106.0
5,6,6,1,,,,50.0,0,0,0,295.0
5,7,6,1,,,,50.3,0,0,0,722.0
5,8,6,1,,,,55.6,0,0,0,824.0
5,9,6,1,,,,59.1,0,0,0,871.0
5,10,6,1,,,,60.4,0,0,0,894.0
5,11,6,1,,,,62.8,0,0,0,911.0
5,12,6,1,,,,61.9,0,0,0,909.0
5,13,6,1,,,,61.8,0,0,0,897.0
5,14,6,1,,,,61.2,0,0,0,875.0
5,15,6,1,,,,58.4,0,0,0,836.0
5,16,6,1,,,,61.0,0,0,0,772.0
5,17,6,1,,,,57.8,0,0,0,654.0
5,18,6,1,,,,52.8,0,0,0,420.0
5,19,6,1,,,,45.9,0,0,0,58.0
5,20,6,1,,,,48.8,0,0,0,0.0
5,21,6,1,,,,46.7,0,0,0,0.0
5,22,6,1,,,,48.4,0,0,0,0.0
5,23,6,1,,,,44.0,0,0,0,0.0
5,24,6,1,,,,45.7,0,0,0,0.0
5,1,7,1,,,,42.8,0,0,0,0.0
5,2,7,1,,,,44.3,0,0,0,0.0
5,3,7,1,,,,45.7,0,0,0,0.0
5,4,7,1,,,,43.4,0,0,0,15.0
5,5,7,1,,,,49.0,0,0,0,128.0
5,6,7,1,,,,47.8,0,0,0,662.0
5,7,7,1,,,,44.6,0,0,0,813.0
5,8,7,1,,,,46.1,0,0,0,838.0
5,9,7,1,,,,45.2,0,0,0,875.0
5,10,7,1,,,,47.8,0,0,0,893.0
5,11,7,1,,,,44.0,0,0,0,889.0
5,12,7,1,,,,44.6,0,0,0,886.0
5,13,7,1,,,,44.5,0,0,0,856.0
5,14,7,1,,,,43.6,0,0,0,829.0
5,15,7,1,,,,43.1,0,0,0,780.0
5,16,7,1,,,,44.2,0,0,0,674.0
5,17,7,1,,,,45.2,0,0,0,479.0
5,18,7,1,,,,43.2,0,0,0,267.0
5,19,7,1,,,,44.6,0,0,0,37.0
5,20,7,1,,,,41.0,0,0,0,0.0
5,21,7,1,,,,44.8,0,0,0,0.0
5,22,7,1,,,,41.1,0,0,0,0.0
5,23,7,1,,,,44.1,0,0,0,0.0
5,24,7,1,,,,42.5,0,0,0,0.0
5,1,1,1,,,,42.1,0,0,0,0.0
5,2,1,1,,,,43.2,0,0,0,0.0
5,3,1,1,,,,45.1,0,0,0,0.0
5,4,1,1,,,,41.5,0,0,0,100.0
5,5,1,1,,,,42.4,0,0,0,475.0
5,6,1,1,,,,41.7,0,0,0,724.0
5,7,1,1,,,,43.4,0,0,0,820.0
5,8,1,1,,,,41.6,0,0,0,874.0
5,9,1,1,,,,44.7,0,0,0,901.0
5,10,1,1,,,,40.5,0,0,0,912.0
5,11,1,1,,,,44.3,0,0,0,919.0
5,12,1,1,,,,40.0,0,0,0,899.0
5,13,1,1,,,,41.4,0,0,0,863.0
5,14,1,1,,,,42.3,0,0,0,821.0
5,15,1,1,,,,44.2,0,0,0,744.0
5,16,1,1,,,,44.5,0,0,0,701.0
5,17,1,1,,,,43.5,0,0,0,626.0
5,18,1,1,,,,45.4,0,0,0,315.0
5,19,1,1,,,,42.0,0,0,0,43.0
5,20,1,1,,,,46.3,0,0,0,0.0
5,21,1,1,,,,42.6,0,0,0,0.0
5,22,1,1,,,,45.2,0,0,0,0.0
5,23,1,1,,,,41.8,0,0,0,0.0
5,24,1,1,,,,43.8,0,0,0,0.0
5,1,2,1,,,,42.1,0,0,0,0.0
5,2,2,1,,,,43.0,0,0,0,0.0
5,3,2,1,,,,42.2,0,0,0,0.0
5,4,2,1,,,,43.6,0,0,0,16.0
5,5,2,1,,,,42.8,0,0,0,92.0
5,6,2,1,,,,45.4,0,0,0,150.0
5,7,2,1,,,,46.6,0,0,0,177.0
5,8,2,1,,,,58.6,0,0,0,199.0
5,9,2,1,,,,63.2,0,0,0,214.0
5,10,2,1,,,,68.4,0,0,0,239.0
5,11,2,1,,,,70.1,0,0,0,245.0
5,12,2,1,,,,68.8,0,0,0,282.0
5,13,2,1,,,,69.9,0,0,0,349.0
5,14,2,1,,,,67.9,0,0,0,413.0
5,15,2,1,,,,69.0,0,0,0,442.0
5,16,2,1,,,,60.8,0,0,0,455.0
5,17,2,1,,,,58.9,0,0,0,306.0
5,18,2,1,,,,51.3,0,0,0,112.0
5,19,2,1,,,,52.9,0,0,0,10.0
5,20,2,1,,,,49.7,0,0,0,0.0
5,21,2,1,,,,51.6,0,0,0,0.0
5,22,2,1,,,,46.9,0,0,0,0.0
5,23,2,1,,,,47.8,0,0,0,0.0
5,24,2,1,,,,44.1,0,0,0,0.0
5,1,3,1,,,,44.6,0,0,0,0.0
5,2,3,1,,,,44.7,0,0,0,0.0
5,3,3,1,,,,44.8,0,0,0,0.0
5,4,3,1,,,,45.2,0,0,0,2.0
5,5,3,1,,,,45.4,0,0,0,20.0
5,6,3,1,,,,45.7,0,0,0,53.0
5,7,3,1,,,,48.8,0,0,0,96.0
5,8,3,1,,,,57.8,0,0,0,171.0
5,9,3,1,,,,68.2,0,0,0,291.0
5,10,3,1,,,,71.6,0,0,0,418.0
5,11,3,1,,,,72.9,0,0,0,467.0
5,12,3,1,,,,68.8,0,0,0,434.0
5,13,3,1,,,,69.0,0,0,0,423.0
5,14,3,1,,,,73.0,0,0,0,355.0
5,15,3,1,,,,72.8,0,0,0,278.0
5,16,3,1,,,,70.0,0,0,0,201.0
5,17,3,1,,,,62.2,0,0,0,134.0
5,18,3,1,,,,51.8,0,0,0,65.0
5,19,3,1,,,,49.8,0,0,0,7.0
5,20,3,1,,,,47.0,0,0,0,0.0
5,21,3,1,,,,50.0,0,0,0,0.0
5,22,3,1,,,,45.8,0,0,0,0.0
5,23,3,1,,,,45.6,0,0,0,0.0
5,24,3,1,,,,45.6,0,0,0,0.0
5,1,4,1,,,,46.4,0,0,0,0.0
5,2,4,1,,,,48.1,0,0,0,0.0
5,3,4,1,,,,47.8,0,0,0,0.0
5,4,4,1,,,,47.2,0,0,0,35.0
5,5,4,1,,,,48.0,0,0,0,160.0
5,6,4,1,,,,47.7,0,0,0,649.0
5,7,4,1,,,,50.6,0,0,0,799.0
5,8,4,1,,,,58.4,0,0,0,829.0
5,9,4,1,,,,66.0,0,0,0,795.0
5,10,4,1,,,,67.7,0,0,0,800.0
5,11,4,1,,,,71.2,0,0,0,809.0
5,12,4,1,,,,66.6,0,0,0,807.0
5,13,4,1,,,,70.9,0,0,0,820.0
5,14,4,1,,,,70.5,0,0,0,800.0
5,15,4,1,,,,68.7,0,0,0,680.0
5,16,4,1,,,,65.4,0,0,0,575.0
5,17,4,1,,,,58.8,0,0,0,354.0
5,18,4,1,,,,52.7,0,0,0,198.0
5,19,4,1,,,,47.2,0,0,0,54.0
5,20,4,1,,,,48.4,0,0,0,0.0
5,21,4,1,,,,49.1,0,0,0,0.0
5,22,4,1,,,,45.8,0,0,0,0.0
5,23,4,1,,,,46.4,0,0,0,0.0
5,24,4,1,,,,46.7,0,0,0,0.0
5,1,5,1,,,,45.7,0,0,0,0.0
5,2,5,1,,,,47.4,0,0,0,0.0
5,3,5,1,,,,45.9,0,0,0,0.0
5,4,5,1,,,,47.8,0,0,0,15.0
5,5,5,1,,,,47.2,0,0,0,35.0
5,6,5,1,,,,46.4,0,0,0,78.0
5,7,5,1,,,,50.4,0,0,0,171.0
5,8,5,1,,,,59.0,0,0,0,363.0
5,9,5,1,,,,66.8,0,0,0,605.0
5,10,5,1,,,,71.2,0,0,0,657.0
5,11,5,1,,,,68.5,0,0,0,656.0
5,12,5,1,,,,61.2,0,0,0,570.0
5,13,5,1,,,,59.8,0,0,0,481.0
5,14,5,1,,,,61.9,0,0,0,378.0
5,15,5,1,,,,61.5,0,0,0,293.0
5,16,5,1,,,,61.8,0,0,0,209.0
5,17,5,1,,,,58.9,0,0,0,141.0
5,18,5,1,,,,53.2,0,0,0,72.0
5,19,5,1,,,,50.0,0,0,0,14.0
5,20,5,1,,,,48.2,0,0,0,0.0
5,21,5,1,,,,46.7,0,0,0,0.0
5,22,5,1,,,,45.6,0,0,0,0.0
5,23,5,1,,,,46.4,0,0,0,0.0
5,24,5,1,,,,45.9,0,0,0,0.0
5,1,6,1,,,,44.1,0,0,0,0.0
5,2,6,1,,,,46.4,0,0,0,0.0
5,3,6,1,,,,45.3,0,0,0,0.0
5,4,6,1,,,,46.2,0,0,0,19.0
5,5,6,1,,,,45.5,0,0,0,94.0
5,6,6,1,,,,46.0,0,0,0,366.0
5,7,6,1,,,,49.9,0,0,0,487.0
5,8,6,1,,,,62.2,0,0,0,547.0
5,9,6,1,,,,65.2,0,0,0,646.0
5,10,6,1,,,,70.5,0,0,0,684.0
5,11,6,1,,,,65.4,0,0,0,682.0
5,12,6,1,,,,59.9,0,0,0,665.0
5,13,6,1,,,,61.1,0,0,0,602.0
5,14,6,1,,,,61.1,0,0,0,472.0
5,15,6,1,,,,61.6,0,0,0,275.0
5,16,6,1,,,,57.1,0,0,0,137.0
5,17,6,1,,,,57.1,0,0,0,79.0
5,18,6,1,,,,51.4,0,0,0,46.0
5,19,6,1,,,,50.5,0,0,0,5.0
5,20,6,1,,,,49.7,0,0,0,0.0
5,21,6,1,,,,45.9,0,0,0,0.0
5,22,6,1,,,,47.0,0,0,0,0.0
5,23,6,1,,,,48.0,0,0,0,0.0
5,24,6,1,,,,46.9,0,0,0,0.0
5,1,7,1,,,,43.4,0,0,0,0.0
5,2,7,1,,,,46.1,0,0,0,0.0
5,3,7,1,,,,48.0,0,0,0,0.0
5,4,7,1,,,,43.2,0,0,0,4.0
5,5,7,1,,,,45.5,0,0,0,47.0
5,6,7,1,,,,45.2,0,0,0,137.0
5,7,7,1,,,,46.7,0,0,0,297.0
5,8,7,1,,,,45.6,0,0,0,534.0
5,9,7,1,,,,49.2,0,0,0,623.0
5,10,7,1,,,,48.6,0,0,0,622.0
5,11,7,1,,,,45.7,0,0,0,586.0
5,12,7,1,,,,48.5,0,0,0,565.0
5,13,7,1,,,,49.7,0,0,0,498.0
5,14,7,1,,,,45.0,0,0,0,448.0
5,15,7,1,,,,47.9,0,0,0,396.0
5,16,7,1,,,,47.2,0,0,0,258.0
5,17,7,1,,,,47.8,0,0,0,112.0
5,18,7,1,,,,44.0,0,0,0,40.0
5,19,7,1,,,,47.6,0,0,0,4.0
5,20,7,1,,,,48.5,0,0,0,0.0
5,21,7,1,,,,45.4,0,0,0,0.0
5,22,7,1,,,,43.5,0,0,0,0.0
5,23,7,1,,,,43.4,0,0,0,0.0
5,24,7,1,,,,43.9,0,0,0,0.0
5,1,1,1,,,,45.0,0,0,0,0.0
5,2,1,1,,,,44.2,0,0,0,0.0
5,3,1,1,,,,43.4,0,0,0,0.0
5,4,1,1,,,,44.9,0,0,0,7.0
5,5,1,1,,,,42.4,0,0,0,49.0
5,6,1,1,,,,42.7,0,0,0,148.0
5,7,1,1,,,,42.4,0,0,0,341.0
5,8,1,1,,,,44.8,0,0,0,605.0
5,9,1,1,,,,44.7,0,0,0,690.0
5,10,1,1,,,,41.8,0,0,0,763.0
5,11,1,1,,,,44.9,0,0,0,831.0
5,12,1,1,,,,44.4,0,0,0,840.0
5,13,1,1,,,,46.0,0,0,0,846.0
5,14,1,1,,,,43.4,0,0,0,818.0
5,15,1,1,,,,47.4,0,0,0,704.0
5,16,1,1,,,,49.1,0,0,0,568.0
5,17,1,1,,,,46.8,0,0,0,319.0
5,18,1,1,,,,43.6,0,0,0,140.0
5,19,1,1,,,,47.3,0,0,0,23.0
5,20,1,1,,,,45.6,0,0,0,0.0
5,21,1,1,,,,43.6,0,0,0,0.0
5,22,1,1,,,,45.8,0,0,0,0.0
5,23,1,1,,,,43.6,0,0,0,0.0
5,24,1,1,,,,42.9,0,0,0,0.0
5,1,2,1,,,,45.0,0,0,0,0.0
5,2,2,1,,,,43.8,0,0,0,0.0
5,3,2,1,,,,43.4,0,0,0,0.0
5,4,2,1,,,,42.7,0,0,0,32.0
5,5,2,1,,,,45.3,0,0,0,130.0
5,6,2,1,,,,43.5,0,0,0,280.0
5,7,2,1,,,,49.6,0,0,0,378.0
5,8,2,1,,,,57.1,0,0,0,513.0
5,9,2,1,,,,64.8,0,0,0,617.0
5,10,2,1,,,,69.9,0,0,0,676.0
5,11,2,1,,,,74.7,0,0,0,788.0
5,12,2,1,,,,74.2,0,0,0,818.0
5,13,2,1,,,,76.8,0,0,0,816.0
5,14,2,1,,,,76.8,0,0,0,797.0
5,15,2,1,,,,75.2,0,0,0,759.0
5,16,2,1,,,,68.7,0,0,0,635.0
5,17,2,1,,,,62.8,0,0,0,380.0
5,18,2,1,,,,58.8,0,0,0,150.0
5,19,2,1,,,,51.0,0,0,0,35.0
5,20,2,1,,,,51.4,0,0,0,0.0
5,21,2,1,,,,50.9,0,0,0,0.0
5,22,2,1,,,,48.2,0,0,0,0.0
5,23,2,1,,,,51.7,0,0,0,0.0
5,24,2,1,,,,47.4,0,0,0,0.0
5,1,3,1,,,,48.8,0,0,0,0.0
5,2,3,1,,,,49.6,0,0,0,0.0
5,3,3,1,,,,48.7,0,0,0,0.0
5,4,3,1,,,,46.1,0,0,0,74.0
5,5,3,1,,,,49.2,0,0,0,291.0
5,6,3,1,,,,49.8,0,0,0,582.0
5,7,3,1,,,,53.6,0,0,0,712.0
5,8,3,1,,,,61.6,0,0,0,774.0
5,9,3,1,,,,64.2,0,0,0,802.0
5,10,3,1,,,,64.6,0,0,0,828.0
5,11,3,1,,,,61.0,0,0,0,841.0
5,12,3,1,,,,58.2,0,0,0,842.0
5,13,3,1,,,,58.0,0,0,0,829.0
5,14,3,1,,,,59.2,0,0,0,806.0
5,15,3,1,,,,59.9,0,0,0,765.0
5,16,3,1,,,,57.3,0,0,0,701.0
5,17,3,1,,,,53.8,0,0,0,584.0
5,18,3,1,,,,47.8,0,0,0,347.0
5,19,3,1,,,,45.5,0,0,0,102.0
5,20,3,1,,,,42.1,0,0,0,0.0
5,21,3,1,,,,43.3,0,0,0,0.0
5,22,3,1,,,,42.1,0,0,0,0.0
5,23,3,1,,,,43.8,0,0,0,0.0
5,24,3,1,,,,46.2,0,0,0,0.0
5,1,4,1,,,,46.9,0,0,0,0.0
5,2,4,1,,,,46.6,0,0,0,0.0
5,3,4,1,,,,49.8,0,0,0,0.0
5,4,4,1,,,,45.1,0,0,0,76.0
5,5,4,1,,,,45.4,0,0,0,336.0
5,6,4,1,,,,45.8,0,0,0,593.0
5,7,4,1,,,,48.3,0,0,0,722.0
5,8,4,1,,,,55.7,0,0,0,785.0
5,9,4,1,,,,67.8,0,0,0,813.0
5,10,4,1,,,,69.5,0,0,0,827.0
5,11,4,1,,,,70.8,0,0,0,825.0
5,12,4,1,,,,69.6,0,0,0,804.0
5,13,4,1,,,,73.4,0,0,0,787.0
5,14,4,1,,,,73.6,0,0,0,751.0
5,15,4,1,,,,68.1,0,0,0,650.0
5,16,4,1,,,,64.4,0,0,0,539.0
5,17,4,1,,,,58.8,0,0,0,375.0
5,18,4,1,,,,52.3,0,0,0,173.0
5,19,4,1,,,,48.7,0,0,0,44.0
5,20,4,1,,,,48.7,0,0,0,0.0
5,21,4,1,,,,47.0,0,0,0,0.0
5,22,4,1,,,,43.4,0,0,0,0.0
5,23,4,1,,,,43.0,0,0,0,0.0
5,24,4,1,,,,41.8,0,0,0,0.0
5,1,5,1,,,,43.6,0,0,0,0.0
5,2,5,1,,,,46.4,0,0,0,0.0
5,3,5,1,,,,47.4,0,0,0,0.0
5,4,5,1,,,,46.4,0,0,0,44.0
5,5,5,1,,,,42.8,0,0,0,218.0
5,6,5,1,,,,46.0,0,0,0,455.0
5,7,5,1,,,,48.3,0,0,0,623.0
5,8,5,1,,,,53.9,0,0,0,721.0
5,9,5,1,,,,57.1,0,0,0,765.0
5,10,5,1,,,,59.7,0,0,0,791.0
5,11,5,1,,,,61.6,0,0,0,800.0
5,12,5,1,,,,59.1,0,0,0,827.0
5,13,5,1,,,,60.9,0,0,0,813.0
5,14,5,1,,,,62.3,0,0,0,786.0
5,15,5,1,,,,63.7,0,0,0,724.0
5,16,5,1,,,,59.5,0,0,0,640.0
5,17,5,1,,,,53.3,0,0,0,493.0
5,18,5,1,,,,49.1,0,0,0,247.0
5,19,5,1,,,,46.8,0,0,0,57.0
5,20,5,1,,,,44.8,0,0,0,0.0
5,21,5,1,,,,44.0,0,0,0,0.0
5,22,5,1,,,,43.2,0,0,0,0.0
5,23,5,1,,,,47.2,0,0,0,0.0
5,24,5,1,,,,43.8,0,0,0,0.0
5,1,6,1,,,,42.2,0,0,0,0.0
5,2,6,1,,,,42.8,0,0,0,0.0
5,3,6,1,,,,42.4,0,0,0,0.0
5,4,6,1,,,,42.4,0,0,0,112.0
5,5,6,1,,,,46.3,0,0,0,440.0
5,6,6,1,,,,48.1,0,0,0,671.0
5,7,6,1,,,,45.9,0,0,0,783.0
5,8,6,1,,,,52.5,0,0,0,839.0
5,9,6,1,,,,54.2,0,0,0,868.0
5,10,6,1,,,,56.4,0,0,0,880.0
5,11,6,1,,,,57.8,0,0,0,886.0
5,12,6,1,,,,56.0,0,0,0,887.0
5,13,6,1,,,,56.6,0,0,0,884.0
5,14,6,1,,,,58.1,0,0,0,872.0
5,15,6,1,,,,55.4,0,0,0,845.0
5,16,6,1,,,,54.5,0,0,0,794.0
5,17,6,1,,,,50.4,0,0,0,701.0
5,18,6,1,,,,46.1,0,0,0,517.0
5,19,6,1,,,,43.5,0,0,0,188.0
5,20,6,1,,,,43.4,0,0,0,0.0
5,21,6,1,,,,47.2,0,0,0,0.0
5,22,6,1,,,,50.4,0,0,0,0.0
5,23,6,1,,,,46.4,0,0,0,0.0
5,24,6,1,,,,45.8,0,0,0,0.0
5,1,7,1,,,,42.4,0,0,0,0.0
5,2,7,1,,,,45.2,0,0,0,0.0
5,3,7,1,,,,45.9,0,0,0,0.0
5,4,7,1,,,,45.0,0,0,0,152.0
5,5,7,1,,,,43.1,0,0,0,489.0
5,6,7,1,,,,43.4,0,0,0,701.0
5,7,7,1,,,,41.2,0,0,0,796.0
5,8,7,1,,,,45.0,0,0,0,841.0
5,9,7,1,,,,46.0,0,0,0,862.0
5,10,7,1,,,,46.4,0,0,0,874.0
5,11,7,1,,,,46.4,0,0,0,880.0
5,12,7,1,,,,44.1,0,0,0,882.0
5,13,7,1,,,,46.6,0,0,0,879.0
5,14,7,1,,,,47.2,0,0,0,869.0
5,15,7,1,,,,48.0,0,0,0,846.0
5,16,7,1,,,,47.2,0,0,0,801.0
5,17,7,1,,,,47.1,0,0,0,712.0
5,18,7,1,,,,46.0,0,0,0,512.0
5,19,7,1,,,,46.4,0,0,0,157.0
5,20,7,1,,,,46.1,0,0,0,0.0
5,21,7,1,,,,48.2,0,0,0,0.0
5,22,7,1,,,,48.0,0,0,0,0.0
5,23,7,1,,,,47.0,0,0,0,0.0
5,24,7,1,,,,47.6,0,0,0,0.0
5,1,1,1,,,,48.3,0,0,0,0.0
5,2,1,1,,,,49.2,0,0,0,0.0
5,3,1,1,,,,49.0,0,0,0,0.0
5,4,1,1,,,,48.8,0,0,0,164.0
5,5,1,1,,,,46.3,0,0,0,503.0
5,6,1,1,,,,46.8,0,0,0,701.0
5,7,1,1,,,,48.9,0,0,0,789.0
5,8,1,1,,,,43.6,0,0,0,832.0
5,9,1,1,,,,43.3,0,0,0,851.0
5,10,1,1,,,,43.6,0,0,0,862.0
5,11,1,1,,,,44.4,0,0,0,867.0
5,12,1,1,,,,42.6,0,0,0,865.0
5,13,1,1,,,,45.1,0,0,0,859.0
5,14,1,1,,,,45.1,0,0,0,847.0
5,15,1,1,,,,45.8,0,0,0,822.0
5,16,1,1,,,,45.4,0,0,0,775.0
5,17,1,1,,,,44.5,0,0,0,683.0
5,18,1,1,,,,47.2,0,0,0,493.0
5,19,1,1,,,,48.6,0,0,0,174.0
5,20,1,1,,,,47.6,0,0,0,0.0
5,21,1,1,,,,47.8,0,0,0,0.0
5,22,1,1,,,,47.8,0,0,0,0.0
5,23,1,1,,,,47.2,0,0,0,0.0
5,24,1,1,,,,46.8,0,0,0,0.0
5,1,2,1,,,,47.4,0,0,0,0.0
5,2,2,1,,,,49.6,0,0,0,0.0
5,3,2,1,,,,50.2,0,0,0,0.0
5,4,2,1,,,,49.7,0,0,0,145.0
5,5,2,1,,,,41.6,0,0,0,458.0
5,6,2,1,,,,42.4,0,0,0,660.0
5,7,2,1,,,,44.4,0,0,0,761.0
5,8,2,1,,,,50.9,0,0,0,808.0
5,9,2,1,,,,56.4,0,0,0,827.0
5,10,2,1,,,,60.2,0,0,0,839.0
5,11,2,1,,,,61.0,0,0,0,843.0
5,12,2,1,,,,62.2,0,0,0,849.0
5,13,2,1,,,,62.2,0,0,0,837.0
5,14,2,1,,,,63.9,0,0,0,803.0
5,15,2,1,,,,63.0,0,0,0,717.0
5,16,2,1,,,,60.6,0,0,0,645.0
5,17,2,1,,,,57.5,0,0,0,449.0
5,18,2,1,,,,50.8,0,0,0,231.0
5,19,2,1,,,,49.4,0,0,0,59.0
5,20,2,1,,,,49.4,0,0,0,0.0
5,21,2,1,,,,52.1,0,0,0,0.0
5,22,2,1,,,,55.7,0,0,0,0.0
5,23,2,1,,,,50.0,0,0,0,0.0
5,24,2,1,,,,47.5,0,0,0,0.0
5,1,3,1,,,,43.9,0,0,0,0.0
5,2,3,1,,,,47.7,0,0,0,0.0
5,3,3,1,,,,50.6,0,0,0,0.0
5,4,3,1,,,,47.6,0,0,0,99.0
5,5,3,1,,,,50.8,0,0,0,383.0
5,6,3,1,,,,53.2,0,0,0,566.0
5,7,3,1,,,,50.0,0,0,0,705.0
5,8,3,1,,,,53.2,0,0,0,780.0
5,9,3,1,,,,58.3,0,0,0,834.0
5,10,3,1,,,,66.2,0,0,0,837.0
5,11,3,1,,,,66.0,0,0,0,799.0
5,12,3,1,,,,63.9,0,0,0,615.0
5,13,3,1,,,,63.4,0,0,0,554.0
5,14,3,1,,,,63.6,0,0,0,432.0
5,15,3,1,,,,65.5,0,0,0,288.0
5,16,3,1,,,,64.1,0,0,0,204.0
5,17,3,1,,,,56.1,0,0,0,184.0
5,18,3,1,,,,51.8,0,0,0,158.0
5,19,3,1,,,,45.5,0,0,0,45.0
5,20,3,1,,,,44.4,0,0,0,0.0
5,21,3,1,,,,48.8,0,0,0,0.0
5,22,3,1,,,,48.7,0,0,0,0.0
5,23,3,1,,,,42.8,0,0,0,0.0
5,24,3,1,,,,42.4,0,0,0,0.0
5,1,4,1,,,,42.6,0,0,0,0.0
5,2,4,1,,,,42.2,0,0,0,0.0
5,3,4,1,,,,42.0,0,0,0,0.0
5,4,4,1,,,,43.2,0,0,0,43.0
5,5,4,1,,,,48.0,0,0,0,216.0
5,6,4,1,,,,48.9,0,0,0,557.0
5,7,4,1,,,,48.8,0,0,0,723.0
5,8,4,1,,,,53.6,0,0,0,802.0
5,9,4,1,,,,58.6,0,0,0,830.0
5,10,4,1,,,,63.2,0,0,0,822.0
5,11,4,1,,,,68.3,0,0,0,801.0
5,12,4,1,,,,63.8,0,0,0,783.0
5,13,4,1,,,,65.2,0,0,0,759.0
5,14,4,1,,,,67.1,0,0,0,688.0
5,15,4,1,,,,64.6,0,0,0,597.0
5,16,4,1,,,,63.0,0,0,0,522.0
5,17,4,1,,,,59.8,0,0,0,296.0
5,18,4,1,,,,52.2,0,0,0,175.0
5,19,4,1,,,,49.2,0,0,0,41.0
5,20,4,1,,,,49.1,0,0,0,0.0
5,21,4,1,,,,48.8,0,0,0,0.0
5,22,4,1,,,,44.6,0,0,0,0.0
5,23,4,1,,,,42.7,0,0,0,0.0
5,24,4,1,,,,42.0,0,0,0,0.0
5,1,5,1,,,,42.0,0,0,0,0.0
5,2,5,1,,,,42.1,0,0,0,0.0
5,3,5,1,,,,41.8,0,0,0,0.0
5,4,5,1,,,,41.1,0,0,0,27.0
5,5,5,1,,,,40.4,0,0,0,45.0
5,6,5,1,,,,40.7,0,0,0,49.0
5,7,5,1,,,,48.1,0,0,0,95.0
5,8,5,1,,,,51.9,0,0,0,172.0
5,9,5,1,,,,56.9,0,0,0,368.0
5,10,5,1,,,,62.3,0,0,0,554.0
5,11,5,1,,,,64.4,0,0,0,634.0
5,12,5,1,,,,63.4,0,0,0,563.0
5,13,5,1,,,,64.2,0,0,0,345.0
5,14,5,1,,,,67.8,0,0,0,228.0
5,15,5,1,,,,67.5,0,0,0,197.0
5,16,5,1,,,,64.0,0,0,0,206.0
5,17,5,1,,,,58.0,0,0,0,181.0
5,18,5,1,,,,49.4,0,0,0,111.0
5,19,5,1,,,,49.4,0,0,0,36.0
5,20,5,1,,,,49.2,0,0,0,0.0
5,21,5,1,,,,50.6,0,0,0,0.0
5,22,5,1,,,,46.4,0,0,0,0.0
5,23,5,1,,,,43.9,0,0,0,0.0
5,24,5,1,,,,44.2,0,0,0,0.0
6,1,6,1,,,,43.8,0,0,0,0.0
6,2,6,1,,,,43.5,0,0,0,0.0
6,3,6,1,,,,43.3,0,0,0,0.0
6,4,6,1,,,,42.7,0,0,0,58.0
6,5,6,1,,,,43.9,0,0,0,210.0
6,6,6,1,,,,47.4,0,0,0,378.0
6,7,6,1,,,,50.4,0,0,0,537.0
6,8,6,1,,,,57.8,0,0,0,630.0
6,9,6,1,,,,64.6,0,0,0,630.0
6,10,6,1,,,,64.8,0,0,0,564.0
6,11,6,1,,,,65.1,0,0,0,562.0
6,12,6,1,,,,65.1,0,0,0,562.0
6,13,6,1,,,,66.5,0,0,0,513.0
6,14,6,1,,,,65.2,0,0,0,379.0
6,15,6,1,,,,61.5,0,0,0,314.0
6,16,6,1,,,,59.5,0,0,0,238.0
6,17,6,1,,,,56.2,0,0,0,133.0
6,18,6,1,,,,47.4,0,0,0,57.0
6,19,6,1,,,,41.2,0,0,0,9.0
6,20,6,1,,,,40.9,0,0,0,0.0
6,21,6,1,,,,44.9,0,0,0,0.0
6,22,6,1,,,,44.4,0,0,0,0.0
6,23,6,1,,,,43.2,0,0,0,0.0
6,24,6,1,,,,43.6,0,0,0,0.0
6,1,7,1,,,,43.0,0,0,0,0.0
6,2,7,1,,,,42.9,0,0,0,0.0
6,3,7,1,,,,47.1,0,0,0,0.0
6,4,7,1,,,,46.4,0,0,0,5.0
6,5,7,1,,,,45.7,0,0,0,35.0
6,6,7,1,,,,45.5,0,0,0,86.0
6,7,7,1,,,,45.7,0,0,0,137.0
6,8,7,1,,,,47.0,0,0,0,182.0
6,9,7,1,,,,44.6,0,0,0,248.0
6,10,7,1,,,,42.3,0,0,0,322.0
6,11,7,1,,,,44.4,0,0,0,359.0
6,12,7,1,,,,42.9,0,0,0,329.0
6,13,7,1,,,,44.8,0,0,0,369.0
6,14,7,1,,,,45.6,0,0,0,370.0
6,15,7,1,,,,46.0,0,0,0,339.0
6,16,7,1,,,,48.7,0,0,0,259.0
6,17,7,1,,,,41.8,0,0,0,162.0
6,18,7,1,,,,40.8,0,0,0,40.0
6,19,7,1,,,,41.1,0,0,0,3.0
6,20,7,1,,,,44.2,0,0,0,0.0
6,21,7,1,,,,46.2,0,0,0,0.0
6,22,7,1,,,,46.0,0,0,0,0.0
6,23,7,1,,,,45.5,0,0,0,0.0
6,24,7,1,,,,45.2,0,0,0,0.0
6,1,1,1,,,,45.7,0,0,0,0.0
6,2,1,1,,,,45.5,0,0,0,0.0
6,3,1,1,,,,45.6,0,0,0,0.0
6,4,1,1,,,,47.6,0,0,0,0.0
6,5,1,1,,,,43.9,0,0,0,7.0
6,6,1,1,,,,43.6,0,0,0,17.0
6,7,1,1,,,,43.8,0,0,0,35.0
6,8,1,1,,,,44.7,0,0,0,59.0
6,9,1,1,,,,45.2,0,0,0,96.0
6,10,1,1,,,,45.2,0,0,0,128.0
6,11,1,1,,,,45.0,0,0,0,143.0
6,12,1,1,,,,43.9,0,0,0,156.0
6,13,1,1,,,,46.1,0,0,0,162.0
6,14,1,1,,,,47.7,0,0,0,170.0
6,15,1,1,,,,46.4,0,0,0,144.0
6,16,1,1,,,,45.8,0,0,0,100.0
6,17,1,1,,,,46.6,0,0,0,58.0
6,18,1,1,,,,48.0,0,0,0,19.0
6,19,1,1,,,,46.5,0,0,0,1.0
6,20,1,1,,,,43.4,0,0,0,0.0
6,21,1,1,,,,45.2,0,0,0,0.0
6,22,1,1,,,,45.5,0,0,0,0.0
6,23,1,1,,,,45.2,0,0,0,0.0
6,24,1,1,,,,44.9,0,0,0,0.0
6,1,2,1,,,,46.0,0,0,0,0.0
6,2,2,1,,,,45.0,0,0,0,0.0
6,3,2,1,,,,44.9,0,0,0,0.0
6,4,2,1,,,,44.9,0,0,0,9.0
6,5,2,1,,,,44.2,0,0,0,76.0
6,6,2,1,,,,43.8,0,0,0,261.0
6,7,2,1,,,,42.4,0,0,0,571.0
6,8,2,1,,,,45.6,0,0,0,749.0
6,9,2,1,,,,46.6,0,0,0,810.0
6,10,2,1,,,,47.4,0,0,0,824.0
6,11,2,1,,,,53.8,0,0,0,823.0
6,12,2,1,,,,53.6,0,0,0,809.0
6,13,2,1,,,,56.5,0,0,0,787.0
6,14,2,1,,,,53.5,0,0,0,755.0
6,15,2,1,,,,50.6,0,0,0,710.0
6,16,2,1,,,,50.2,0,0,0,593.0
6,17,2,1,,,,47.6,0,0,0,533.0
6,18,2,1,,,,49.0,0,0,0,435.0
6,19,2,1,,,,46.8,0,0,0,162.0
6,20,2,1,,,,46.6,0,0,0,0.0
6,21,2,1,,,,45.6,0,0,0,0.0
6,22,2,1,,,,44.2,0,0,0,0.0
6,23,2,1,,,,44.5,0,0,0,0.0
6,24,2,1,,,,42.3,0,0,0,0.0
6,1,3,1,,,,44.7,0,0,0,0.0
6,2,3,1,,,,42.2,0,0,0,0.0
6,3,3,1,,,,44.4,0,0,0,0.0
6,4,3,1,,,,42.5,0,0,0,17.0
6,5,3,1,,,,44.5,0,0,0,83.0
6,6,3,1,,,,43.2,0,0,0,210.0
6,7,3,1,,,,43.4,0,0,0,415.0
6,8,3,1,,,,45.9,0,0,0,573.0
6,9,3,1,,,,50.8,0,0,0,657.0
6,10,3,1,,,,51.7,0,0,0,636.0
6,11,3,1,,,,52.9,0,0,0,591.0
6,12,3,1,,,,52.3,0,0,0,483.0
6,13,3,1,,,,56.9,0,0,0,323.0
6,14,3,1,,,,54.2,0,0,0,204.0
6,15,3,1,,,,51.1,0,0,0,163.0
6,16,3,1,,,,54.9,0,0,0,138.0
6,17,3,1,,,,55.0,0,0,0,106.0
6,18,3,1,,,,51.5,0,0,0,47.0
6,19,3,1,,,,49.4,0,0,0,8.0
6,20,3,1,,,,46.5,0,0,0,0.0
6,21,3,1,,,,48.1,0,0,0,0.0
6,22,3,1,,,,46.3,0,0,0,0.0
6,23,3,1,,,,46.2,0,0,0,0.0
6,24,3,1,,,,46.6,0,0,0,0.0
6,1,4,1,,,,46.8,0,0,0,0.0
6,2,4,1,,,,47.1,0,0,0,0.0
6,3,4,1,,,,46.2,0,0,0,0.0
6,4,4,1,,,,45.5,0,0,0,5.0
6,5,4,1,,,,46.0,0,0,0,41.0
6,6,4,1,,,,45.1,0,0,0,135.0
6,7,4,1,,,,47.8,0,0,0,340.0
6,8,4,1,,,,54.9,0,0,0,603.0
6,9,4,1,,,,59.5,0,0,0,734.0
6,10,4,1,,,,63.9,0,0,0,738.0
6,11,4,1,,,,65.0,0,0,0,686.0
6,12,4,1,,,,62.9,0,0,0,569.0
6,13,4,1,,,,61.9,0,0,0,405.0
6,14,4,1,,,,61.3,0,0,0,455.0
6,15,4,1,,,,60.1,0,0,0,473.0
6,16,4,1,,,,56.0,0,0,0,357.0
6,17,4,1,,,,51.6,0,0,0,244.0
6,18,4,1,,,,48.0,0,0,0,97.0
6,19,4,1,,,,46.8,0,0,0,22.0
6,20,4,1,,,,47.7,0,0,0,0.0
6,21,4,1,,,,50.6,0,0,0,0.0
6,22,4,1,,,,49.8,0,0,0,0.0
6,23,4,1,,,,47.6,0,0,0,0.0
6,24,4,1,,,,50.4,0,0,0,0.0
6,1,5,1,,,,46.8,0,0,0,0.0
6,2,5,1,,,,47.2,0,0,0,0.0
6,3,5,1,,,,47.2,0,0,0,0.0
6,4,5,1,,,,46.6,0,0,0,97.0
6,5,5,1,,,,45.3,0,0,0,183.0
6,6,5,1,,,,45.8,0,0,0,376.0
6,7,5,1,,,,47.6,0,0,0,583.0
6,8,5,1,,,,56.5,0,0,0,734.0
6,9,5,1,,,,57.4,0,0,0,742.0
6,10,5,1,,,,62.7,0,0,0,667.0
6,11,5,1,,,,64.9,0,0,0,636.0
6,12,5,1,,,,65.1,0,0,0,629.0
6,13,5,1,,,,69.5,0,0,0,646.0
6,14,5,1,,,,71.0,0,0,0,314.0
6,15,5,1,,,,66.5,0,0,0,115.0
6,16,5,1,,,,66.0,0,0,0,68.0
6,17,5,1,,,,59.5,0,0,0,42.0
6,18,5,1,,,,50.6,0,0,0,63.0
6,19,5,1,,,,47.4,0,0,0,76.0
6,20,5,1,,,,48.4,0,0,0,0.0
6,21,5,1,,,,48.9,0,0,0,0.0
6,22,5,1,,,,47.6,0,0,0,0.0
6,23,5,1,,,,47.2,0,0,0,0.0
6,24,5,1,,,,45.0,0,0,0,0.0
6,1,6,1,,,,47.3,0,0,0,0.0
6,2,6,1,,,,47.6,0,0,0,0.0
6,3,6,1,,,,47.0,0,0,0,0.0
6,4,6,1,,,,45.0,0,0,0,8.0
6,5,6,1,,,,45.8,0,0,0,21.0
6,6,6,1,,,,44.0,0,0,0,54.0
6,7,6,1,,,,50.6,0,0,0,125.0
6,8,6,1,,,,55.8,0,0,0,199.0
6,9,6,1,,,,61.5,0,0,0,225.0
6,10,6,1,,,,62.5,0,0,0,256.0
6,11,6,1,,,,68.0,0,0,0,299.0
6,12,6,1,,,,72.0,0,0,0,392.0
6,13,6,1,,,,69.1,0,0,0,503.0
6,14,6,1,,,,68.0,0,0,0,436.0
6,15,6,1,,,,66.3,0,0,0,453.0
6,16,6,1,,,,62.1,0,0,0,407.0
6,17,6,1,,,,56.6,0,0,0,326.0
6,18,6,1,,,,50.8,0,0,0,211.0
6,19,6,1,,,,47.0,0,0,0,52.0
6,20,6,1,,,,46.0,0,0,0,0.0
6,21,6,1,,,,48.4,0,0,0,0.0
6,22,6,1,,,,47.0,0,0,0,0.0
6,23,6,1,,,,46.8,0,0,0,0.0
6,24,6,1,,,,47.1,0,0,0,0.0
6,1,7,1,,,,46.9,0,0,0,0.0
6,2,7,1,,,,47.4,0,0,0,0.0
6,3,7,1,,,,47.0,0,0,0,0.0
6,4,7,1,,,,44.0,0,0,0,8.0
6,5,7,1,,,,47.1,0,0,0,41.0
6,6,7,1,,,,46.2,0,0,0,94.0
6,7,7,1,,,,46.2,0,0,0,167.0
6,8,7,1,,,,45.5,0,0,0,252.0
6,9,7,1,,,,44.9,0,0,0,350.0
6,10,7,1,,,,46.2,0,0,0,454.0
6,11,7,1,,,,48.1,0,0,0,480.0
6,12,7,1,,,,46.9,0,0,0,505.0
6,13,7,1,,,,45.7,0,0,0,493.0
6,14,7,1,,,,50.1,0,0,0,474.0
6,15,7,1,,,,50.0,0,0,0,441.0
6,16,7,1,,,,45.1,0,0,0,373.0
6,17,7,1,,,,43.4,0,0,0,264.0
6,18,7,1,,,,46.2,0,0,0,120.0
6,19,7,1,,,,43.6,0,0,0,24.0
6,20,7,1,,,,44.0,0,0,0,0.0
6,21,7,1,,,,47.0,0,0,0,0.0
6,22,7,1,,,,47.5,0,0,0,0.0
6,23,7,1,,,,44.0,0,0,0,0.0
6,24,7,1,,,,46.2,0,0,0,0.0
6,1,1,1,,,,46.0,0,0,0,0.0
6,2,1,1,,,,45.8,0,0,0,0.0
6,3,1,1,,,,42.8,0,0,0,0.0
6,4,1,1,,,,45.5,0,0,0,147.0
6,5,1,1,,,,42.4,0,0,0,363.0
6,6,1,1,,,,44.2,0,0,0,561.0
6,7,1,1,,,,44.8,0,0,0,692.0
6,8,1,1,,,,45.1,0,0,0,769.0
6,9,1,1,,,,45.0,0,0,0,797.0
6,10,1,1,,,,40.6,0,0,0,810.0
6,11,1,1,,,,45.7,0,0,0,799.0
6,12,1,1,,,,38.8,0,0,0,752.0
6,13,1,1,,,,41.0,0,0,0,676.0
6,14,1,1,,,,41.8,0,0,0,535.0
6,15,1,1,,,,42.0,0,0,0,405.0
6,16,1,1,,,,42.4,0,0,0,223.0
6,17,1,1,,,,44.9,0,0,0,116.0
6,18,1,1,,,,44.8,0,0,0,64.0
6,19,1,1,,,,44.6,0,0,0,20.0
6,20,1,1,,,,42.6,0,0,0,0.0
6,21,1,1,,,,43.8,0,0,0,0.0
6,22,1,1,,,,42.2,0,0,0,0.0
6,23,1,1,,,,41.7,0,0,0,0.0
6,24,1,1,,,,45.9,0,0,0,0.0
6,1,2,1,,,,45.5,0,0,0,0.0
6,2,2,1,,,,45.8,0,0,0,0.0
6,3,2,1,,,,46.2,0,0,0,0.0
6,4,2,1,,,,43.3,0,0,0,2.0
6,5,2,1,,,,43.6,0,0,0,17.0
6,6,2,1,,,,45.6,0,0,0,49.0
6,7,2,1,,,,50.4,0,0,0,100.0
6,8,2,1,,,,55.8,0,0,0,156.0
6,9,2,1,,,,67.1,0,0,0,230.0
6,10,2,1,,,,73.8,0,0,0,281.0
6,11,2,1,,,,74.2,0,0,0,191.0
6,12,2,1,,,,73.3,0,0,0,213.0
6,13,2,1,,,,73.9,0,0,0,198.0
6,14,2,1,,,,70.7,0,0,0,176.0
6,15,2,1,,,,70.7,0,0,0,138.0
6,16,2,1,,,,65.7,0,0,0,104.0
6,17,2,1,,,,60.2,0,0,0,58.0
6,18,2,1,,,,54.9,0,0,0,24.0
6,19,2,1,,,,52.3,0,0,0,3.0
6,20,2,1,,,,50.2,0,0,0,0.0
6,21,2,1,,,,51.8,0,0,0,0.0
6,22,2,1,,,,53.8,0,0,0,0.0
6,23,2,1,,,,49.8,0,0,0,0.0
6,24,2,1,,,,47.8,0,0,0,0.0
6,1,3,1,,,,47.3,0,0,0,0.0
6,2,3,1,,,,47.5,0,0,0,0.0
6,3,3,1,,,,44.7,0,0,0,0.0
6,4,3,1,,,,48.4,0,0,0,5.0
6,5,3,1,,,,50.2,0,0,0,36.0
6,6,3,1,,,,48.7,0,0,0,99.0
6,7,3,1,,,,49.5,0,0,0,184.0
6,8,3,1,,,,59.6,0,0,0,258.0
6,9,3,1,,,,61.1,0,0,0,318.0
6,10,3,1,,,,62.6,0,0,0,382.0
6,11,3,1,,,,67.3,0,0,0,499.0
6,12,3,1,,,,67.1,0,0,0,555.0
6,13,3,1,,,,68.1,0,0,0,606.0
6,14,3,1,,,,66.1,0,0,0,536.0
6,15,3,1,,,,64.6,0,0,0,464.0
6,16,3,1,,,,64.0,0,0,0,323.0
6,17,3,1,,,,60.6,0,0,0,221.0
6,18,3,1,,,,56.2,0,0,0,137.0
6,19,3,1,,,,51.2,0,0,0,49.0
6,20,3,1,,,,48.9,0,0,0,0.0
6,21,3,1,,,,47.4,0,0,0,0.0
6,22,3,1,,,,46.0,0,0,0,0.0
6,23,3,1,,,,45.1,0,0,0,0.0
6,24,3,1,,,,44.7,0,0,0,0.0
6,1,4,1,,,,43.5,0,0,0,0.0
6,2,4,1,,,,46.3,0,0,0,0.0
6,3,4,1,,,,42.3,0,0,0,0.0
6,4,4,1,,,,44.2,0,0,0,170.0
6,5,4,1,,,,43.1,0,0,0,471.0
6,6,4,1,,,,44.8,0,0,0,675.0
6,7,4,1,,,,48.7,0,0,0,778.0
6,8,4,1,,,,55.9,0,0,0,823.0
6,9,4,1,,,,63.4,0,0,0,835.0
6,10,4,1,,,,65.5,0,0,0,845.0
6,11,4,1,,,,69.6,0,0,0,835.0
6,12,4,1,,,,65.1,0,0,0,802.0
6,13,4,1,,,,65.5,0,0,0,724.0
6,14,4,1,,,,64.1,0,0,0,626.0
6,15,4,1,,,,68.1,0,0,0,488.0
6,16,4,1,,,,64.4,0,0,0,332.0
6,17,4,1,,,,61.0,0,0,0,149.0
6,18,4,1,,,,55.0,0,0,0,48.0
6,19,4,1,,,,49.6,0,0,0,6.0
6,20,4,1,,,,48.4,0,0,0,0.0
6,21,4,1,,,,48.6,0,0,0,0.0
6,22,4,1,,,,51.2,0,0,0,0.0
6,23,4,1,,,,48.1,0,0,0,0.0
6,24,4,1,,,,47.4,0,0,0,0.0
6,1,5,1,,,,43.6,0,0,0,0.0
6,2,5,1,,,,47.0,0,0,0,0.0
6,3,5,1,,,,48.9,0,0,0,0.0
6,4,5,1,,,,45.4,0,0,0,147.0
6,5,5,1,,,,48.4,0,0,0,457.0
6,6,5,1,,,,48.4,0,0,0,691.0
6,7,5,1,,,,47.6,0,0,0,799.0
6,8,5,1,,,,54.8,0,0,0,852.0
6,9,5,1,,,,61.7,0,0,0,870.0
6,10,5,1,,,,66.4,0,0,0,881.0
6,11,5,1,,,,64.7,0,0,0,870.0
6,12,5,1,,,,62.8,0,0,0,841.0
6,13,5,1,,,,64.8,0,0,0,778.0
6,14,5,1,,,,63.9,0,0,0,637.0
6,15,5,1,,,,63.0,0,0,0,467.0
6,16,5,1,,,,63.4,0,0,0,248.0
6,17,5,1,,,,60.9,0,0,0,89.0
6,18,5,1,,,,57.5,0,0,0,27.0
6,19,5,1,,,,53.8,0,0,0,4.0
6,20,5,1,,,,50.4,0,0,0,0.0
6,21,5,1,,,,48.2,0,0,0,0.0
6,22,5,1,,,,47.4,0,0,0,0.0
6,23,5,1,,,,47.0,0,0,0,0.0
6,24,5,1,,,,46.9,0,0,0,0.0
6,1,6,1,,,,47.1,0,0,0,0.0
6,2,6,1,,,,47.4,0,0,0,0.0
6,3,6,1,,,,47.3,0,0,0,0.0
6,4,6,1,,,,46.2,0,0,0,50.0
6,5,6,1,,,,46.0,0,0,0,369.0
6,6,6,1,,,,46.4,0,0,0,667.0
6,7,6,1,,,,50.3,0,0,0,783.0
6,8,6,1,,,,57.7,0,0,0,801.0
6,9,6,1,,,,65.7,0,0,0,810.0
6,10,6,1,,,,68.2,0,0,0,816.0
6,11,6,1,,,,69.8,0,0,0,806.0
6,12,6,1,,,,66.9,0,0,0,762.0
6,13,6,1,,,,68.0,0,0,0,713.0
6,14,6,1,,,,66.3,0,0,0,711.0
6,15,6,1,,,,63.7,0,0,0,708.0
6,16,6,1,,,,63.5,0,0,0,700.0
6,17,6,1,,,,58.4,0,0,0,618.0
6,18,6,1,,,,53.2,0,0,0,427.0
6,19,6,1,,,,49.2,0,0,0,188.0
6,20,6,1,,,,47.6,0,0,0,0.0
6,21,6,1,,,,46.8,0,0,0,0.0
6,22,6,1,,,,46.3,0,0,0,0.0
6,23,6,1,,,,46.4,0,0,0,0.0
6,24,6,1,,,,46.2,0,0,0,0.0
6,1,7,1,,,,45.6,0,0,0,0.0
6,2,7,1,,,,45.7,0,0,0,0.0
6,3,7,1,,,,45.9,0,0,0,0.0
6,4,7,1,,,,45.1,0,0,0,66.0
6,5,7,1,,,,44.6,0,0,0,273.0
6,6,7,1,,,,44.7,0,0,0,644.0
6,7,7,1,,,,45.1,0,0,0,756.0
6,8,7,1,,,,45.7,0,0,0,803.0
6,9,7,1,,,,47.2,0,0,0,831.0
6,10,7,1,,,,46.8,0,0,0,837.0
6,11,7,1,,,,46.8,0,0,0,833.0
6,12,7,1,,,,46.4,0,0,0,809.0
6,13,7,1,,,,47.1,0,0,0,754.0
6,14,7,1,,,,48.1,0,0,0,713.0
6,15,7,1,,,,47.2,0,0,0,635.0
6,16,7,1,,,,49.0,0,0,0,486.0
6,17,7,1,,,,43.8,0,0,0,295.0
6,18,7,1,,,,48.5,0,0,0,137.0
6,19,7,1,,,,49.1,0,0,0,63.0
6,20,7,1,,,,46.5,0,0,0,0.0
6,21,7,1,,,,47.7,0,0,0,0.0
6,22,7,1,,,,46.3,0,0,0,0.0
6,23,7,1,,,,45.7,0,0,0,0.0
6,24,7,1,,,,45.5,0,0,0,0.0
6,1,1,1,,,,45.4,0,0,0,0.0
6,2,1,1,,,,45.8,0,0,0,0.0
6,3,1,1,,,,45.4,0,0,0,0.0
6,4,1,1,,,,45.1,0,0,0,133.0
6,5,1,1,,,,44.1,0,0,0,324.0
6,6,1,1,,,,43.3,0,0,0,583.0
6,7,1,1,,,,42.8,0,0,0,705.0
6,8,1,1,,,,45.2,0,0,0,760.0
6,9,1,1,,,,45.2,0,0,0,831.0
6,10,1,1,,,,46.0,0,0,0,848.0
6,11,1,1,,,,46.8,0,0,0,849.0
6,12,1,1,,,,41.7,0,0,0,818.0
6,13,1,1,,,,42.6,0,0,0,779.0
6,14,1,1,,,,45.5,0,0,0,545.0
6,15,1,1,,,,47.2,0,0,0,267.0
6,16,1,1,,,,44.5,0,0,0,174.0
6,17,1,1,,,,43.9,0,0,0,82.0
6,18,1,1,,,,45.4,0,0,0,22.0
6,19,1,1,,,,43.8,0,0,0,3.0
6,20,1,1,,,,47.3,0,0,0,0.0
6,21,1,1,,,,48.8,0,0,0,0.0
6,22,1,1,,,,50.2,0,0,0,0.0
6,23,1,1,,,,49.6,0,0,0,0.0
6,24,1,1,,,,46.8,0,0,0,0.0
6,1,2,1,,,,48.4,0,0,0,0.0
6,2,2,1,,,,43.9,0,0,0,0.0
6,3,2,1,,,,46.5,0,0,0,0.0
6,4,2,1,,,,46.4,0,0,0,2.0
6,5,2,1,,,,45.4,0,0,0,40.0
6,6,2,1,,,,46.0,0,0,0,210.0
6,7,2,1,,,,48.9,0,0,0,470.0
6,8,2,1,,,,53.6,0,0,0,719.0
6,9,2,1,,,,65.2,0,0,0,775.0
6,10,2,1,,,,68.4,0,0,0,733.0
6,11,2,1,,,,67.5,0,0,0,619.0
6,12,2,1,,,,63.9,0,0,0,625.0
6,13,2,1,,,,67.8,0,0,0,640.0
6,14,2,1,,,,69.8,0,0,0,644.0
6,15,2,1,,,,66.6,0,0,0,569.0
6,16,2,1,,,,62.7,0,0,0,612.0
6,17,2,1,,,,58.0,0,0,0,498.0
6,18,2,1,,,,52.3,0,0,0,209.0
6,19,2,1,,,,50.7,0,0,0,73.0
6,20,2,1,,,,49.4,0,0,0,0.0
6,21,2,1,,,,50.6,0,0,0,0.0
6,22,2,1,,,,52.2,0,0,0,0.0
6,23,2,1,,,,48.5,0,0,0,0.0
6,24,2,1,,,,47.3,0,0,0,0.0
6,1,3,1,,,,46.8,0,0,0,0.0
6,2,3,1,,,,47.2,0,0,0,0.0
6,3,3,1,,,,46.8,0,0,0,0.0
6,4,3,1,,,,45.6,0,0,0,236.0
6,5,3,1,,,,48.0,0,0,0,527.0
6,6,3,1,,,,48.9,0,0,0,724.0
6,7,3,1,,,,48.5,0,0,0,821.0
6,8,3,1,,,,55.8,0,0,0,854.0
6,9,3,1,,,,59.8,0,0,0,860.0
6,10,3,1,,,,65.3,0,0,0,865.0
6,11,3,1,,,,68.2,0,0,0,871.0
6,12,3,1,,,,64.3,0,0,0,863.0
6,13,3,1,,,,65.8,0,0,0,859.0
6,14,3,1,,,,65.8,0,0,0,821.0
6,15,3,1,,,,62.8,0,0,0,736.0
6,16,3,1,,,,61.8,0,0,0,609.0
6,17,3,1,,,,59.0,0,0,0,491.0
6,18,3,1,,,,52.9,0,0,0,218.0
6,19,3,1,,,,50.2,0,0,0,51.0
6,20,3,1,,,,50.3,0,0,0,0.0
6,21,3,1,,,,49.6,0,0,0,0.0
6,22,3,1,,,,49.4,0,0,0,0.0
6,23,3,1,,,,48.8,0,0,0,0.0
6,24,3,1,,,,49.2,0,0,0,0.0
6,1,4,1,,,,48.7,0,0,0,0.0
6,2,4,1,,,,47.4,0,0,0,0.0
6,3,4,1,,,,47.1,0,0,0,0.0
6,4,4,1,,,,46.2,0,0,0,47.0
6,5,4,1,,,,45.9,0,0,0,183.0
6,6,4,1,,,,46.3,0,0,0,422.0
6,7,4,1,,,,49.0,0,0,0,609.0
6,8,4,1,,,,56.3,0,0,0,739.0
6,9,4,1,,,,59.8,0,0,0,793.0
6,10,4,1,,,,64.6,0,0,0,676.0
6,11,4,1,,,,67.1,0,0,0,704.0
6,12,4,1,,,,64.1,0,0,0,727.0
6,13,4,1,,,,67.1,0,0,0,598.0
6,14,4,1,,,,66.5,0,0,0,449.0
6,15,4,1,,,,69.3,0,0,0,385.0
6,16,4,1,,,,65.3,0,0,0,428.0
6,17,4,1,,,,59.9,0,0,0,515.0
6,18,4,1,,,,48.5,0,0,0,425.0
6,19,4,1,,,,44.8,0,0,0,121.0
6,20,4,1,,,,43.8,0,0,0,0.0
6,21,4,1,,,,48.0,0,0,0,0.0
6,22,4,1,,,,52.1,0,0,0,0.0
6,23,4,1,,,,46.5,0,0,0,0.0
6,24,4,1,,,,45.4,0,0,0,0.0
6,1,5,1,,,,43.1,0,0,0,0.0
6,2,5,1,,,,45.0,0,0,0,0.0
6,3,5,1,,,,45.7,0,0,0,0.0
6,4,5,1,,,,45.5,0,0,0,5.0
6,5,5,1,,,,47.1,0,0,0,20.0
6,6,5,1,,,,47.7,0,0,0,47.0
6,7,5,1,,,,47.7,0,0,0,96.0
6,8,5,1,,,,51.8,0,0,0,199.0
6,9,5,1,,,,63.5,0,0,0,348.0
6,10,5,1,,,,66.0,0,0,0,506.0
6,11,5,1,,,,66.0,0,0,0,697.0
6,12,5,1,,,,68.4,0,0,0,780.0
6,13,5,1,,,,66.4,0,0,0,735.0
6,14,5,1,,,,67.0,0,0,0,678.0
6,15,5,1,,,,63.1,0,0,0,523.0
6,16,5,1,,,,61.6,0,0,0,256.0
6,17,5,1,,,,56.6,0,0,0,133.0
6,18,5,1,,,,50.6,0,0,0,121.0
6,19,5,1,,,,49.6,0,0,0,73.0
6,20,5,1,,,,48.1,0,0,0,0.0
6,21,5,1,,,,49.6,0,0,0,0.0
6,22,5,1,,,,50.1,0,0,0,0.0
6,23,5,1,,,,47.0,0,0,0,0.0
6,24,5,1,,,,46.8,0,0,0,0.0
6,1,6,1,,,,46.1,0,0,0,0.0
6,2,6,1,,,,46.4,0,0,0,0.0
6,3,6,1,,,,46.3,0,0,0,0.0
6,4,6,1,,,,45.8,0,0,0,14.0
6,5,6,1,,,,47.4,0,0,0,68.0
6,6,6,1,,,,48.3,0,0,0,199.0
6,7,6,1,,,,48.0,0,0,0,279.0
6,8,6,1,,,,55.0,0,0,0,316.0
6,9,6,1,,,,57.7,0,0,0,317.0
6,10,6,1,,,,60.6,0,0,0,332.0
6,11,6,1,,,,63.1,0,0,0,416.0
6,12,6,1,,,,63.4,0,0,0,534.0
6,13,6,1,,,,63.0,0,0,0,566.0
6,14,6,1,,,,64.0,0,0,0,540.0
6,15,6,1,,,,63.6,0,0,0,448.0
6,16,6,1,,,,59.6,0,0,0,463.0
6,17,6,1,,,,57.0,0,0,0,362.0
6,18,6,1,,,,51.0,0,0,0,240.0
6,19,6,1,,,,46.6,0,0,0,79.0
6,20,6,1,,,,45.8,0,0,0,0.0
6,21,6,1,,,,46.0,0,0,0,0.0
6,22,6,1,,,,48.8,0,0,0,0.0
6,23,6,1,,,,45.9,0,0,0,0.0
6,24,6,1,,,,45.6,0,0,0,0.0
6,1,7,1,,,,45.6,0,0,0,0.0
6,2,7,1,,,,44.5,0,0,0,0.0
6,3,7,1,,,,45.7,0,0,0,0.0
6,4,7,1,,,,44.6,0,0,0,87.0
6,5,7,1,,,,44.9,0,0,0,292.0
6,6,7,1,,,,44.4,0,0,0,534.0
6,7,7,1,,,,44.4,0,0,0,747.0
6,8,7,1,,,,44.2,0,0,0,792.0
6,9,7,1,,,,45.2,0,0,0,741.0
6,10,7,1,,,,45.8,0,0,0,684.0
6,11,7,1,,,,46.6,0,0,0,609.0
6,12,7,1,,,,43.7,0,0,0,508.0
6,13,7,1,,,,46.0,0,0,0,479.0
6,14,7,1,,,,45.6,0,0,0,535.0
6,15,7,1,,,,46.4,0,0,0,311.0
6,16,7,1,,,,46.6,0,0,0,154.0
6,17,7,1,,,,46.6,0,0,0,90.0
6,18,7,1,,,,45.0,0,0,0,38.0
6,19,7,1,,,,44.8,0,0,0,7.0
6,20,7,1,,,,45.6,0,0,0,0.0
6,21,7,1,,,,47.4,0,0,0,0.0
6,22,7,1,,,,45.4,0,0,0,0.0
6,23,7,1,,,,45.3,0,0,0,0.0
6,24,7,1,,,,44.8,0,0,0,0.0
6,1,1,1,,,,44.6,0,0,0,0.0
6,2,1,1,,,,44.8,0,0,0,0.0
6,3,1,1,,,,44.5,0,0,0,0.0
6,4,1,1,,,,44.1,0,0,0,7.0
6,5,1,1,,,,48.0,0,0,0,58.0
6,6,1,1,,,,46.4,0,0,0,158.0
6,7,1,1,,,,44.2,0,0,0,312.0
6,8,1,1,,,,44.2,0,0,0,581.0
6,9,1,1,,,,44.0,0,0,0,506.0
6,10,1,1,,,,43.8,0,0,0,525.0
6,11,1,1,,,,44.8,0,0,0,698.0
6,12,1,1,,,,44.0,0,0,0,732.0
6,13,1,1,,,,44.9,0,0,0,708.0
6,14,1,1,,,,45.6,0,0,0,674.0
6,15,1,1,,,,46.6,0,0,0,628.0
6,16,1,1,,,,46.7,0,0,0,569.0
6,17,1,1,,,,42.3,0,0,0,521.0
6,18,1,1,,,,46.1,0,0,0,399.0
6,19,1,1,,,,43.5,0,0,0,178.0
6,20,1,1,,,,43.9,0,0,0,0.0
6,21,1,1,,,,45.1,0,0,0,0.0
6,22,1,1,,,,44.9,0,0,0,0.0
6,23,1,1,,,,44.5,0,0,0,0.0
6,24,1,1,,,,44.5,0,0,0,0.0
6,1,2,1,,,,44.8,0,0,0,0.0
6,2,2,1,,,,44.9,0,0,0,0.0
6,3,2,1,,,,44.5,0,0,0,0.0
6,4,2,1,,,,43.7,0,0,0,224.0
6,5,2,1,,,,42.9,0,0,0,517.0
6,6,2,1,,,,43.6,0,0,0,711.0
6,7,2,1,,,,46.8,0,0,0,801.0
6,8,2,1,,,,52.6,0,0,0,844.0
6,9,2,1,,,,62.7,0,0,0,840.0
6,10,2,1,,,,66.5,0,0,0,784.0
6,11,2,1,,,,66.2,0,0,0,767.0
6,12,2,1,,,,65.1,0,0,0,766.0
6,13,2,1,,,,65.0,0,0,0,680.0
6,14,2,1,,,,66.0,0,0,0,599.0
6,15,2,1,,,,62.4,0,0,0,581.0
6,16,2,1,,,,58.6,0,0,0,506.0
6,17,2,1,,,,56.4,0,0,0,236.0
6,18,2,1,,,,51.7,0,0,0,128.0
6,19,2,1,,,,50.0,0,0,0,46.0
6,20,2,1,,,,47.2,0,0,0,0.0
6,21,2,1,,,,48.4,0,0,0,0.0
6,22,2,1,,,,52.6,0,0,0,0.0
6,23,2,1,,,,47.2,0,0,0,0.0
6,24,2,1,,,,45.1,0,0,0,0.0
6,1,3,1,,,,45.8,0,0,0,0.0
6,2,3,1,,,,45.6,0,0,0,0.0
6,3,3,1,,,,45.1,0,0,0,0.0
6,4,3,1,,,,44.4,0,0,0,210.0
6,5,3,1,,,,47.3,0,0,0,505.0
6,6,3,1,,,,47.5,0,0,0,638.0
6,7,3,1,,,,46.1,0,0,0,737.0
6,8,3,1,,,,52.8,0,0,0,795.0
6,9,3,1,,,,60.4,0,0,0,834.0
6,10,3,1,,,,61.9,0,0,0,840.0
6,11,3,1,,,,60.8,0,0,0,807.0
6,12,3,1,,,,58.7,0,0,0,773.0
6,13,3,1,,,,58.8,0,0,0,720.0
6,14,3,1,,,,58.5,0,0,0,640.0
6,15,3,1,,,,60.6,0,0,0,574.0
6,16,3,1,,,,59.5,0,0,0,358.0
6,17,3,1,,,,57.2,0,0,0,185.0
6,18,3,1,,,,55.6,0,0,0,110.0
6,19,3,1,,,,52.5,0,0,0,43.0
6,20,3,1,,,,48.1,0,0,0,0.0
6,21,3,1,,,,47.2,0,0,0,0.0
6,22,3,1,,,,49.2,0,0,0,0.0
6,23,3,1,,,,46.7,0,0,0,0.0
6,24,3,1,,,,47.0,0,0,0,0.0
6,1,4,1,,,,46.2,0,0,0,0.0
6,2,4,1,,,,45.9,0,0,0,0.0
6,3,4,1,,,,45.8,0,0,0,0.0
6,4,4,1,,,,45.8,0,0,0,58.0
6,5,4,1,,,,47.9,0,0,0,246.0
6,6,4,1,,,,47.0,0,0,0,119.0
6,7,4,1,,,,47.8,0,0,0,141.0
6,8,4,1,,,,54.9,0,0,0,227.0
6,9,4,1,,,,58.5,0,0,0,352.0
6,10,4,1,,,,63.3,0,0,0,470.0
6,11,4,1,,,,64.2,0,0,0,419.0
6,12,4,1,,,,60.6,0,0,0,334.0
6,13,4,1,,,,65.2,0,0,0,267.0
6,14,4,1,,,,65.8,0,0,0,213.0
6,15,4,1,,,,64.0,0,0,0,163.0
6,16,4,1,,,,64.2,0,0,0,166.0
6,17,4,1,,,,59.4,0,0,0,202.0
6,18,4,1,,,,52.4,0,0,0,197.0
6,19,4,1,,,,49.8,0,0,0,52.0
6,20,4,1,,,,46.8,0,0,0,0.0
6,21,4,1,,,,45.5,0,0,0,0.0
6,22,4,1,,,,50.4,0,0,0,0.0
6,23,4,1,,,,45.2,0,0,0,0.0
6,24,4,1,,,,45.4,0,0,0,0.0
6,1,5,1,,,,44.8,0,0,0,0.0
6,2,5,1,,,,44.9,0,0,0,0.0
6,3,5,1,,,,46.3,0,0,0,0.0
6,4,5,1,,,,44.5,0,0,0,38.0
6,5,5,1,,,,46.9,0,0,0,75.0
6,6,5,1,,,,47.0,0,0,0,144.0
6,7,5,1,,,,46.5,0,0,0,173.0
6,8,5,1,,,,53.7,0,0,0,457.0
6,9,5,1,,,,58.1,0,0,0,630.0
6,10,5,1,,,,60.6,0,0,0,669.0
6,11,5,1,,,,64.2,0,0,0,706.0
6,12,5,1,,,,60.9,0,0,0,692.0
6,13,5,1,,,,64.4,0,0,0,682.0
6,14,5,1,,,,66.8,0,0,0,624.0
6,15,5,1,,,,63.4,0,0,0,614.0
6,16,5,1,,,,61.1,0,0,0,605.0
6,17,5,1,,,,61.9,0,0,0,486.0
6,18,5,1,,,,53.6,0,0,0,405.0
6,19,5,1,,,,50.9,0,0,0,151.0
6,20,5,1,,,,48.3,0,0,0,0.0
6,21,5,1,,,,47.8,0,0,0,0.0
6,22,5,1,,,,52.9,0,0,0,0.0
6,23,5,1,,,,51.4,0,0,0,0.0
6,24,5,1,,,,49.5,0,0,0,0.0
6,1,6,1,,,,49.8,0,0,0,0.0
6,2,6,1,,,,48.9,0,0,0,0.0
6,3,6,1,,,,47.7,0,0,0,0.0
6,4,6,1,,,,47.7,0,0,0,256.0
6,5,6,1,,,,50.6,0,0,0,530.0
6,6,6,1,,,,50.9,0,0,0,666.0
6,7,6,1,,,,51.6,0,0,0,707.0
6,8,6,1,,,,55.2,0,0,0,671.0
6,9,6,1,,,,63.7,0,0,0,664.0
6,10,6,1,,,,69.8,0,0,0,694.0
6,11,6,1,,,,67.9,0,0,0,774.0
6,12,6,1,,,,69.4,0,0,0,814.0
6,13,6,1,,,,67.9,0,0,0,825.0
6,14,6,1,,,,67.0,0,0,0,813.0
6,15,6,1,,,,64.7,0,0,0,789.0
6,16,6,1,,,,61.6,0,0,0,741.0
6,17,6,1,,,,60.1,0,0,0,653.0
6,18,6,1,,,,52.9,0,0,0,446.0
6,19,6,1,,,,51.0,0,0,0,169.0
6,20,6,1,,,,48.9,0,0,0,0.0
6,21,6,1,,,,49.1,0,0,0,0.0
6,22,6,1,,,,47.9,0,0,0,0.0
6,23,6,1,,,,48.2,0,0,0,0.0
6,24,6,1,,,,47.4,0,0,0,0.0
6,1,7,1,,,,47.2,0,0,0,0.0
6,2,7,1,,,,46.8,0,0,0,0.0
6,3,7,1,,,,47.2,0,0,0,0.0
6,4,7,1,,,,46.5,0,0,0,84.0
6,5,7,1,,,,45.2,0,0,0,221.0
6,6,7,1,,,,45.0,0,0,0,499.0
6,7,7,1,,,,45.0,0,0,0,708.0
6,8,7,1,,,,45.1,0,0,0,767.0
6,9,7,1,,,,45.5,0,0,0,798.0
6,10,7,1,,,,44.1,0,0,0,811.0
6,11,7,1,,,,42.1,0,0,0,813.0
6,12,7,1,,,,40.8,0,0,0,807.0
6,13,7,1,,,,43.4,0,0,0,795.0
6,14,7,1,,,,44.3,0,0,0,757.0
6,15,7,1,,,,44.0,0,0,0,718.0
6,16,7,1,,,,43.4,0,0,0,550.0
6,17,7,1,,,,44.6,0,0,0,371.0
6,18,7,1,,,,44.5,0,0,0,313.0
6,19,7,1,,,,42.4,0,0,0,162.0
6,20,7,1,,,,40.6,0,0,0,0.0
6,21,7,1,,,,42.6,0,0,0,0.0
6,22,7,1,,,,46.0,0,0,0,0.0
6,23,7,1,,,,45.2,0,0,0,0.0
6,24,7,1,,,,45.6,0,0,0,0.0
7,1,1,1,,,,45.0,0,0,0,0.0
7,2,1,1,,,,44.9,0,0,0,0.0
7,3,1,1,,,,45.9,0,0,0,0.0
7,4,1,1,,,,44.8,0,0,0,222.0
7,5,1,1,,,,44.4,0,0,0,523.0
7,6,1,1,,,,44.6,0,0,0,718.0
7,7,1,1,,,,44.4,0,0,0,805.0
7,8,1,1,,,,44.9,0,0,0,844.0
7,9,1,1,,,,45.0,0,0,0,850.0
7,10,1,1,,,,44.8,0,0,0,830.0
7,11,1,1,,,,44.8,0,0,0,784.0
7,12,1,1,,,,44.2,0,0,0,747.0
7,13,1,1,,,,46.1,0,0,0,690.0
7,14,1,1,,,,47.3,0,0,0,659.0
7,15,1,1,,,,49.3,0,0,0,640.0
7,16,1,1,,,,49.4,0,0,0,466.0
7,17,1,1,,,,47.4,0,0,0,312.0
7,18,1,1,,,,47.9,0,0,0,398.0
7,19,1,1,,,,48.0,0,0,0,178.0
7,20,1,1,,,,48.4,0,0,0,0.0
7,21,1,1,,,,47.5,0,0,0,0.0
7,22,1,1,,,,47.9,0,0,0,0.0
7,23,1,1,,,,46.7,0,0,0,0.0
7,24,1,1,,,,47.0,0,0,0,0.0
7,1,2,1,,,,46.6,0,0,0,0.0
7,2,2,1,,,,46.1,0,0,0,0.0
7,3,2,1,,,,45.4,0,0,0,0.0
7,4,2,1,,,,44.5,0,0,0,128.0
7,5,2,1,,,,43.9,0,0,0,408.0
7,6,2,1,,,,44.6,0,0,0,444.0
7,7,2,1,,,,47.8,0,0,0,410.0
7,8,2,1,,,,53.0,0,0,0,378.0
7,9,2,1,,,,61.5,0,0,0,382.0
7,10,2,1,,,,67.0,0,0,0,425.0
7,11,2,1,,,,66.5,0,0,0,451.0
7,12,2,1,,,,63.0,0,0,0,439.0
7,13,2,1,,,,64.2,0,0,0,378.0
7,14,2,1,,,,65.5,0,0,0,274.0
7,15,2,1,,,,64.8,0,0,0,233.0
7,16,2,1,,,,62.2,0,0,0,224.0
7,17,2,1,,,,56.5,0,0,0,200.0
7,18,2,1,,,,53.2,0,0,0,134.0
7,19,2,1,,,,50.1,0,0,0,36.0
7,20,2,1,,,,49.6,0,0,0,0.0
7,21,2,1,,,,50.7,0,0,0,0.0
7,22,2,1,,,,50.7,0,0,0,0.0
7,23,2,1,,,,49.7,0,0,0,0.0
7,24,2,1,,,,47.3,0,0,0,0.0
7,1,3,1,,,,47.0,0,0,0,0.0
7,2,3,1,,,,48.0,0,0,0,0.0
7,3,3,1,,,,47.4,0,0,0,0.0
7,4,3,1,,,,47.2,0,0,0,24.0
7,5,3,1,,,,48.5,0,0,0,119.0
7,6,3,1,,,,49.2,0,0,0,250.0
7,7,3,1,,,,48.5,0,0,0,385.0
7,8,3,1,,,,54.3,0,0,0,527.0
7,9,3,1,,,,63.7,0,0,0,596.0
7,10,3,1,,,,69.1,0,0,0,548.0
7,11,3,1,,,,71.6,0,0,0,558.0
7,12,3,1,,,,67.1,0,0,0,576.0
7,13,3,1,,,,69.8,0,0,0,579.0
7,14,3,1,,,,68.3,0,0,0,492.0
7,15,3,1,,,,66.9,0,0,0,330.0
7,16,3,1,,,,65.2,0,0,0,163.0
7,17,3,1,,,,61.5,0,0,0,69.0
7,18,3,1,,,,55.6,0,0,0,28.0
7,19,3,1,,,,51.4,0,0,0,7.0
7,20,3,1,,,,49.8,0,0,0,0.0
7,21,3,1,,,,50.9,0,0,0,0.0
7,22,3,1,,,,53.0,0,0,0,0.0
7,23,3,1,,,,48.6,0,0,0,0.0
7,24,3,1,,,,45.8,0,0,0,0.0
7,1,4,1,,,,45.8,0,0,0,0.0
7,2,4,1,,,,45.6,0,0,0,0.0
7,3,4,1,,,,47.3,0,0,0,0.0
7,4,4,1,,,,45.0,0,0,0,11.0
7,5,4,1,,,,46.8,0,0,0,59.0
7,6,4,1,,,,48.0,0,0,0,131.0
7,7,4,1,,,,48.5,0,0,0,210.0
7,8,4,1,,,,53.5,0,0,0,314.0
7,9,4,1,,,,63.4,0,0,0,551.0
7,10,4,1,,,,65.8,0,0,0,740.0
7,11,4,1,,,,66.7,0,0,0,796.0
7,12,4,1,,,,65.5,0,0,0,775.0
7,13,4,1,,,,65.2,0,0,0,723.0
7,14,4,1,,,,65.5,0,0,0,694.0
7,15,4,1,,,,64.5,0,0,0,562.0
7,16,4,1,,,,64.2,0,0,0,424.0
7,17,4,1,,,,60.4,0,0,0,350.0
7,18,4,1,,,,56.7,0,0,0,266.0
7,19,4,1,,,,49.1,0,0,0,118.0
7,20,4,1,,,,49.7,0,0,0,0.0
7,21,4,1,,,,50.8,0,0,0,0.0
7,22,4,1,,,,51.0,0,0,0,0.0
7,23,4,1,,,,43.4,0,0,0,0.0
7,24,4,1,,,,42.1,0,0,0,0.0
7,1,5,1,,,,42.2,0,0,0,0.0
7,2,5,1,,,,42.2,0,0,0,0.0
7,3,5,1,,,,42.0,0,0,0,0.0
7,4,5,1,,,,41.6,0,0,0,58.0
7,5,5,1,,,,43.0,0,0,0,200.0
7,6,5,1,,,,44.4,0,0,0,358.0
7,7,5,1,,,,43.6,0,0,0,490.0
7,8,5,1,,,,49.1,0,0,0,645.0
7,9,5,1,,,,57.0,0,0,0,669.0
7,10,5,1,,,,61.7,0,0,0,681.0
7,11,5,1,,,,62.2,0,0,0,739.0
7,12,5,1,,,,59.2,0,0,0,759.0
7,13,5,1,,,,62.7,0,0,0,763.0
7,14,5,1,,,,61.9,0,0,0,678.0
7,15,5,1,,,,61.9,0,0,0,617.0
7,16,5,1,,,,63.2,0,0,0,555.0
7,17,5,1,,,,56.8,0,0,0,365.0
7,18,5,1,,,,48.5,0,0,0,101.0
7,19,5,1,,,,43.2,0,0,0,9.0
7,20,5,1,,,,43.0,0,0,0,0.0
7,21,5,1,,,,48.2,0,0,0,0.0
7,22,5,1,,,,51.4,0,0,0,0.0
7,23,5,1,,,,47.6,0,0,0,0.0
7,24,5,1,,,,46.3,0,0,0,0.0
7,1,6,1,,,,46.6,0,0,0,0.0
7,2,6,1,,,,46.3,0,0,0,0.0
7,3,6,1,,,,46.8,0,0,0,0.0
7,4,6,1,,,,48.2,0,0,0,6.0
7,5,6,1,,,,49.8,0,0,0,44.0
7,6,6,1,,,,48.2,0,0,0,86.0
7,7,6,1,,,,47.8,0,0,0,147.0
7,8,6,1,,,,49.0,0,0,0,213.0
7,9,6,1,,,,62.1,0,0,0,307.0
7,10,6,1,,,,69.0,0,0,0,449.0
7,11,6,1,,,,68.6,0,0,0,651.0
7,12,6,1,,,,66.4,0,0,0,766.0
7,13,6,1,,,,70.8,0,0,0,771.0
7,14,6,1,,,,64.0,0,0,0,763.0
7,15,6,1,,,,64.9,0,0,0,647.0
7,16,6,1,,,,64.6,0,0,0,535.0
7,17,6,1,,,,59.7,0,0,0,399.0
7,18,6,1,,,,50.6,0,0,0,296.0
7,19,6,1,,,,49.9,0,0,0,119.0
7,20,6,1,,,,41.8,0,0,0,0.0
7,21,6,1,,,,44.5,0,0,0,0.0
7,22,6,1,,,,49.6,0,0,0,0.0
7,23,6,1,,,,49.9,0,0,0,0.0
7,24,6,1,,,,46.2,0,0,0,0.0
7,1,7,1,,,,45.8,0,0,0,0.0
7,2,7,1,,,,46.0,0,0,0,0.0
7,3,7,1,,,,45.8,0,0,0,0.0
7,4,7,1,,,,45.0,0,0,0,158.0
7,5,7,1,,,,44.4,0,0,0,386.0
7,6,7,1,,,,44.2,0,0,0,560.0
7,7,7,1,,,,45.6,0,0,0,658.0
7,8,7,1,,,,45.4,0,0,0,700.0
7,9,7,1,,,,45.6,0,0,0,706.0
7,10,7,1,,,,45.5,0,0,0,657.0
7,11,7,1,,,,47.4,0,0,0,640.0
7,12,7,1,,,,45.4,0,0,0,609.0
7,13,7,1,,,,45.8,0,0,0,682.0
7,14,7,1,,,,48.1,0,0,0,684.0
7,15,7,1,,,,48.4,0,0,0,594.0
7,16,7,1,,,,48.6,0,0,0,432.0
7,17,7,1,,,,43.9,0,0,0,219.0
7,18,7,1,,,,40.8,0,0,0,88.0
7,19,7,1,,,,44.9,0,0,0,19.0
7,20,7,1,,,,44.1,0,0,0,0.0
7,21,7,1,,,,45.9,0,0,0,0.0
7,22,7,1,,,,45.6,0,0,0,0.0
7,23,7,1,,,,46.5,0,0,0,0.0
7,24,7,1,,,,45.9,0,0,0,0.0
7,1,1,1,,,,45.3,0,0,0,0.0
7,2,1,1,,,,46.4,0,0,0,0.0
7,3,1,1,,,,45.9,0,0,0,0.0
7,4,1,1,,,,45.8,0,0,0,10.0
7,5,1,1,,,,48.8,0,0,0,46.0
7,6,1,1,,,,47.6,0,0,0,86.0
7,7,1,1,,,,44.4,0,0,0,150.0
7,8,1,1,,,,44.6,0,0,0,213.0
7,9,1,1,,,,45.0,0,0,0,272.0
7,10,1,1,,,,45.0,0,0,0,327.0
7,11,1,1,,,,44.7,0,0,0,320.0
7,12,1,1,,,,43.0,0,0,0,319.0
7,13,1,1,,,,44.8,0,0,0,322.0
7,14,1,1,,,,45.2,0,0,0,332.0
7,15,1,1,,,,45.6,0,0,0,418.0
7,16,1,1,,,,44.6,0,0,0,421.0
7,17,1,1,,,,44.9,0,0,0,278.0
7,18,1,1,,,,44.3,0,0,0,127.0
7,19,1,1,,,,44.6,0,0,0,26.0
7,20,1,1,,,,44.0,0,0,0,0.0
7,21,1,1,,,,45.4,0,0,0,0.0
7,22,1,1,,,,45.0,0,0,0,0.0
7,23,1,1,,,,44.6,0,0,0,0.0
7,24,1,1,,,,44.0,0,0,0,0.0
7,1,2,1,,,,45.8,0,0,0,0.0
7,2,2,1,,,,44.6,0,0,0,0.0
7,3,2,1,,,,44.4,0,0,0,0.0
7,4,2,1,,,,44.9,0,0,0,158.0
7,5,2,1,,,,42.9,0,0,0,429.0
7,6,2,1,,,,43.8,0,0,0,584.0
7,7,2,1,,,,47.4,0,0,0,692.0
7,8,2,1,,,,53.6,0,0,0,749.0
7,9,2,1,,,,60.8,0,0,0,772.0
7,10,2,1,,,,65.8,0,0,0,760.0
7,11,2,1,,,,65.0,0,0,0,754.0
7,12,2,1,,,,62.5,0,0,0,773.0
7,13,2,1,,,,67.1,0,0,0,761.0
7,14,2,1,,,,66.1,0,0,0,711.0
7,15,2,1,,,,67.2,0,0,0,609.0
7,16,2,1,,,,62.0,0,0,0,409.0
7,17,2,1,,,,57.0,0,0,0,185.0
7,18,2,1,,,,51.7,0,0,0,104.0
7,19,2,1,,,,48.7,0,0,0,33.0
7,20,2,1,,,,47.4,0,0,0,0.0
7,21,2,1,,,,46.3,0,0,0,0.0
7,22,2,1,,,,45.8,0,0,0,0.0
7,23,2,1,,,,45.1,0,0,0,0.0
7,24,2,1,,,,44.9,0,0,0,0.0
7,1,3,1,,,,44.6,0,0,0,0.0
7,2,3,1,,,,44.4,0,0,0,0.0
7,3,3,1,,,,44.1,0,0,0,0.0
7,4,3,1,,,,44.0,0,0,0,9.0
7,5,3,1,,,,43.1,0,0,0,48.0
7,6,3,1,,,,42.6,0,0,0,101.0
7,7,3,1,,,,44.1,0,0,0,146.0
7,8,3,1,,,,53.7,0,0,0,183.0
7,9,3,1,,,,59.4,0,0,0,235.0
7,10,3,1,,,,64.8,0,0,0,298.0
7,11,3,1,,,,67.5,0,0,0,378.0
7,12,3,1,,,,63.8,0,0,0,458.0
7,13,3,1,,,,63.9,0,0,0,555.0
7,14,3,1,,,,62.2,0,0,0,593.0
7,15,3,1,,,,62.5,0,0,0,498.0
7,16,3,1,,,,61.3,0,0,0,365.0
7,17,3,1,,,,56.0,0,0,0,151.0
7,18,3,1,,,,51.1,0,0,0,54.0
7,19,3,1,,,,50.6,0,0,0,12.0
7,20,3,1,,,,48.1,0,0,0,0.0
7,21,3,1,,,,49.3,0,0,0,0.0
7,22,3,1,,,,49.2,0,0,0,0.0
7,23,3,1,,,,47.1,0,0,0,0.0
7,24,3,1,,,,48.4,0,0,0,0.0
7,1,4,1,,,,49.0,0,0,0,0.0
7,2,4,1,,,,47.8,0,0,0,0.0
7,3,4,1,,,,47.2,0,0,0,0.0
7,4,4,1,,,,46.1,0,0,0,125.0
7,5,4,1,,,,44.1,0,0,0,362.0
7,6,4,1,,,,43.6,0,0,0,552.0
7,7,4,1,,,,46.7,0,0,0,565.0
7,8,4,1,,,,51.6,0,0,0,522.0
7,9,4,1,,,,58.9,0,0,0,583.0
7,10,4,1,,,,60.9,0,0,0,684.0
7,11,4,1,,,,63.0,0,0,0,735.0
7,12,4,1,,,,63.8,0,0,0,725.0
7,13,4,1,,,,61.0,0,0,0,675.0
7,14,4,1,,,,61.5,0,0,0,633.0
7,15,4,1,,,,62.2,0,0,0,542.0
7,16,4,1,,,,59.8,0,0,0,440.0
7,17,4,1,,,,56.6,0,0,0,326.0
7,18,4,1,,,,52.0,0,0,0,255.0
7,19,4,1,,,,49.5,0,0,0,95.0
7,20,4,1,,,,48.6,0,0,0,0.0
7,21,4,1,,,,49.2,0,0,0,0.0
7,22,4,1,,,,48.5,0,0,0,0.0
7,23,4,1,,,,46.2,0,0,0,0.0
7,24,4,1,,,,44.2,0,0,0,0.0
7,1,5,1,,,,44.6,0,0,0,0.0
7,2,5,1,,,,44.9,0,0,0,0.0
7,3,5,1,,,,44.2,0,0,0,0.0
7,4,5,1,,,,42.9,0,0,0,137.0
7,5,5,1,,,,42.0,0,0,0,436.0
7,6,5,1,,,,41.8,0,0,0,729.0
7,7,5,1,,,,43.8,0,0,0,826.0
7,8,5,1,,,,51.7,0,0,0,861.0
7,9,5,1,,,,55.9,0,0,0,874.0
7,10,5,1,,,,61.4,0,0,0,889.0
7,11,5,1,,,,68.0,0,0,0,900.0
7,12,5,1,,,,62.0,0,0,0,868.0
7,13,5,1,,,,62.2,0,0,0,819.0
7,14,5,1,,,,64.8,0,0,0,788.0
7,15,5,1,,,,63.5,0,0,0,696.0
7,16,5,1,,,,59.3,0,0,0,253.0
7,17,5,1,,,,55.0,0,0,0,103.0
7,18,5,1,,,,49.5,0,0,0,47.0
7,19,5,1,,,,50.0,0,0,0,11.0
7,20,5,1,,,,47.7,0,0,0,0.0
7,21,5,1,,,,45.8,0,0,0,0.0
7,22,5,1,,,,46.6,0,0,0,0.0
7,23,5,1,,,,43.4,0,0,0,0.0
7,24,5,1,,,,44.2,0,0,0,0.0
7,1,6,1,,,,46.0,0,0,0,0.0
7,2,6,1,,,,46.2,0,0,0,0.0
7,3,6,1,,,,46.7,0,0,0,0.0
7,4,6,1,,,,45.4,0,0,0,33.0
7,5,6,1,,,,47.4,0,0,0,129.0
7,6,6,1,,,,47.8,0,0,0,193.0
7,7,6,1,,,,48.7,0,0,0,243.0
7,8,6,1,,,,53.0,0,0,0,339.0
7,9,6,1,,,,59.1,0,0,0,407.0
7,10,6,1,,,,63.5,0,0,0,524.0
7,11,6,1,,,,63.9,0,0,0,626.0
7,12,6,1,,,,62.9,0,0,0,648.0
7,13,6,1,,,,64.2,0,0,0,627.0
7,14,6,1,,,,63.7,0,0,0,579.0
7,15,6,1,,,,60.7,0,0,0,406.0
7,16,6,1,,,,58.6,0,0,0,255.0
7,17,6,1,,,,54.7,0,0,0,169.0
7,18,6,1,,,,48.9,0,0,0,52.0
7,19,6,1,,,,47.1,0,0,0,3.0
7,20,6,1,,,,44.8,0,0,0,0.0
7,21,6,1,,,,44.9,0,0,0,0.0
7,22,6,1,,,,49.7,0,0,0,0.0
7,23,6,1,,,,46.4,0,0,0,0.0
7,24,6,1,,,,45.6,0,0,0,0.0
7,1,7,1,,,,45.5,0,0,0,0.0
7,2,7,1,,,,46.4,0,0,0,0.0
7,3,7,1,,,,45.3,0,0,0,0.0
7,4,7,1,,,,44.8,0,0,0,9.0
7,5,7,1,,,,42.9,0,0,0,40.0
7,6,7,1,,,,43.0,0,0,0,91.0
7,7,7,1,,,,43.2,0,0,0,172.0
7,8,7,1,,,,44.5,0,0,0,291.0
7,9,7,1,,,,44.6,0,0,0,391.0
7,10,7,1,,,,45.5,0,0,0,482.0
7,11,7,1,,,,45.8,0,0,0,571.0
7,12,7,1,,,,44.5,0,0,0,609.0
7,13,7,1,,,,45.4,0,0,0,629.0
7,14,7,1,,,,44.6,0,0,0,507.0
7,15,7,1,,,,46.4,0,0,0,440.0
7,16,7,1,,,,44.6,0,0,0,302.0
7,17,7,1,,,,45.0,0,0,0,175.0
7,18,7,1,,,,44.9,0,0,0,103.0
7,19,7,1,,,,44.0,0,0,0,25.0
7,20,7,1,,,,43.5,0,0,0,0.0
7,21,7,1,,,,44.5,0,0,0,0.0
7,22,7,1,,,,45.4,0,0,0,0.0
7,23,7,1,,,,42.1,0,0,0,0.0
7,24,7,1,,,,45.1,0,0,0,0.0
7,1,1,1,,,,44.3,0,0,0,0.0
7,2,1,1,,,,43.8,0,0,0,0.0
7,3,1,1,,,,43.9,0,0,0,0.0
7,4,1,1,,,,44.0,0,0,0,206.0
7,5,1,1,,,,44.4,0,0,0,521.0
7,6,1,1,,,,44.9,0,0,0,699.0
7,7,1,1,,,,42.0,0,0,0,778.0
7,8,1,1,,,,41.8,0,0,0,809.0
7,9,1,1,,,,43.4,0,0,0,837.0
7,10,1,1,,,,44.0,0,0,0,853.0
7,11,1,1,,,,43.2,0,0,0,859.0
7,12,1,1,,,,44.1,0,0,0,849.0
7,13,1,1,,,,45.7,0,0,0,825.0
7,14,1,1,,,,45.8,0,0,0,783.0
7,15,1,1,,,,43.2,0,0,0,702.0
7,16,1,1,,,,41.4,0,0,0,355.0
7,17,1,1,,,,40.9,0,0,0,180.0
7,18,1,1,,,,40.8,0,0,0,75.0
7,19,1,1,,,,42.1,0,0,0,18.0
7,20,1,1,,,,45.6,0,0,0,0.0
7,21,1,1,,,,44.8,0,0,0,0.0
7,22,1,1,,,,45.8,0,0,0,0.0
7,23,1,1,,,,48.3,0,0,0,0.0
7,24,1,1,,,,45.4,0,0,0,0.0
7,1,2,1,,,,46.4,0,0,0,0.0
7,2,2,1,,,,46.9,0,0,0,0.0
7,3,2,1,,,,46.7,0,0,0,0.0
7,4,2,1,,,,44.3,0,0,0,5.0
7,5,2,1,,,,43.3,0,0,0,27.0
7,6,2,1,,,,44.8,0,0,0,83.0
7,7,2,1,,,,47.9,0,0,0,114.0
7,8,2,1,,,,53.2,0,0,0,146.0
7,9,2,1,,,,63.3,0,0,0,241.0
7,10,2,1,,,,67.4,0,0,0,354.0
7,11,2,1,,,,71.0,0,0,0,349.0
7,12,2,1,,,,69.4,0,0,0,302.0
7,13,2,1,,,,68.5,0,0,0,250.0
7,14,2,1,,,,68.7,0,0,0,199.0
7,15,2,1,,,,66.5,0,0,0,145.0
7,16,2,1,,,,62.6,0,0,0,153.0
7,17,2,1,,,,59.4,0,0,0,137.0
7,18,2,1,,,,54.6,0,0,0,94.0
7,19,2,1,,,,54.4,0,0,0,30.0
7,20,2,1,,,,50.5,0,0,0,0.0
7,21,2,1,,,,50.5,0,0,0,0.0
7,22,2,1,,,,48.8,0,0,0,0.0
7,23,2,1,,,,48.2,0,0,0,0.0
7,24,2,1,,,,47.7,0,0,0,0.0
7,1,3,1,,,,48.2,0,0,0,0.0
7,2,3,1,,,,47.9,0,0,0,0.0
7,3,3,1,,,,47.2,0,0,0,0.0
7,4,3,1,,,,46.5,0,0,0,170.0
7,5,3,1,,,,46.6,0,0,0,410.0
7,6,3,1,,,,46.2,0,0,0,624.0
7,7,3,1,,,,46.4,0,0,0,751.0
7,8,3,1,,,,52.1,0,0,0,797.0
7,9,3,1,,,,59.9,0,0,0,764.0
7,10,3,1,,,,62.4,0,0,0,762.0
7,11,3,1,,,,62.6,0,0,0,784.0
7,12,3,1,,,,60.3,0,0,0,650.0
7,13,3,1,,,,59.8,0,0,0,545.0
7,14,3,1,,,,60.8,0,0,0,468.0
7,15,3,1,,,,59.6,0,0,0,348.0
7,16,3,1,,,,60.6,0,0,0,266.0
7,17,3,1,,,,55.4,0,0,0,232.0
7,18,3,1,,,,49.7,0,0,0,124.0
7,19,3,1,,,,47.2,0,0,0,32.0
7,20,3,1,,,,45.8,0,0,0,0.0
7,21,3,1,,,,44.7,0,0,0,0.0
7,22,3,1,,,,44.0,0,0,0,0.0
7,23,3,1,,,,42.8,0,0,0,0.0
7,24,3,1,,,,41.8,0,0,0,0.0
7,1,4,1,,,,42.0,0,0,0,0.0
7,2,4,1,,,,45.9,0,0,0,0.0
7,3,4,1,,,,45.5,0,0,0,0.0
7,4,4,1,,,,45.2,0,0,0,52.0
7,5,4,1,,,,44.1,0,0,0,140.0
7,6,4,1,,,,45.1,0,0,0,305.0
7,7,4,1,,,,46.2,0,0,0,492.0
7,8,4,1,,,,52.8,0,0,0,460.0
7,9,4,1,,,,59.5,0,0,0,437.0
7,10,4,1,,,,66.0,0,0,0,462.0
7,11,4,1,,,,69.8,0,0,0,515.0
7,12,4,1,,,,65.2,0,0,0,483.0
7,13,4,1,,,,67.1,0,0,0,437.0
7,14,4,1,,,,66.3,0,0,0,381.0
7,15,4,1,,,,64.0,0,0,0,405.0
7,16,4,1,,,,62.6,0,0,0,355.0
7,17,4,1,,,,55.5,0,0,0,173.0
7,18,4,1,,,,49.8,0,0,0,67.0
7,19,4,1,,,,48.6,0,0,0,16.0
7,20,4,1,,,,46.0,0,0,0,0.0
7,21,4,1,,,,46.0,0,0,0,0.0
7,22,4,1,,,,45.1,0,0,0,0.0
7,23,4,1,,,,45.9,0,0,0,0.0
7,24,4,1,,,,45.9,0,0,0,0.0
7,1,5,1,,,,45.7,0,0,0,0.0
7,2,5,1,,,,45.2,0,0,0,0.0
7,3,5,1,,,,45.1,0,0,0,0.0
7,4,5,1,,,,44.7,0,0,0,178.0
7,5,5,1,,,,43.6,0,0,0,432.0
7,6,5,1,,,,44.1,0,0,0,525.0
7,7,5,1,,,,45.5,0,0,0,573.0
7,8,5,1,,,,50.4,0,0,0,683.0
7,9,5,1,,,,58.5,0,0,0,710.0
7,10,5,1,,,,65.1,0,0,0,693.0
7,11,5,1,,,,65.6,0,0,0,691.0
7,12,5,1,,,,63.8,0,0,0,677.0
7,13,5,1,,,,65.4,0,0,0,646.0
7,14,5,1,,,,65.0,0,0,0,523.0
7,15,5,1,,,,63.5,0,0,0,326.0
7,16,5,1,,,,63.6,0,0,0,171.0
7,17,5,1,,,,59.2,0,0,0,100.0
7,18,5,1,,,,53.6,0,0,0,36.0
7,19,5,1,,,,48.5,0,0,0,3.0
7,20,5,1,,,,46.7,0,0,0,0.0
7,21,5,1,,,,45.9,0,0,0,0.0
7,22,5,1,,,,45.2,0,0,0,0.0
7,23,5,1,,,,44.5,0,0,0,0.0
7,24,5,1,,,,45.2,0,0,0,0.0
7,1,6,1,,,,45.0,0,0,0,0.0
7,2,6,1,,,,45.2,0,0,0,0.0
7,3,6,1,,,,44.8,0,0,0,0.0
7,4,6,1,,,,44.6,0,0,0,8.0
7,5,6,1,,,,43.9,0,0,0,51.0
7,6,6,1,,,,43.6,0,0,0,116.0
7,7,6,1,,,,45.2,0,0,0,182.0
7,8,6,1,,,,54.0,0,0,0,246.0
7,9,6,1,,,,57.8,0,0,0,322.0
7,10,6,1,,,,61.7,0,0,0,490.0
7,11,6,1,,,,63.9,0,0,0,598.0
7,12,6,1,,,,63.5,0,0,0,628.0
7,13,6,1,,,,62.2,0,0,0,567.0
7,14,6,1,,,,65.2,0,0,0,490.0
7,15,6,1,,,,60.8,0,0,0,344.0
7,16,6,1,,,,59.0,0,0,0,158.0
7,17,6,1,,,,55.4,0,0,0,70.0
7,18,6,1,,,,49.6,0,0,0,31.0
7,19,6,1,,,,46.5,0,0,0,4.0
7,20,6,1,,,,45.1,0,0,0,0.0
7,21,6,1,,,,46.0,0,0,0,0.0
7,22,6,1,,,,49.4,0,0,0,0.0
7,23,6,1,,,,49.0,0,0,0,0.0
7,24,6,1,,,,45.0,0,0,0,0.0
7,1,7,1,,,,45.5,0,0,0,0.0
7,2,7,1,,,,46.1,0,0,0,0.0
7,3,7,1,,,,45.6,0,0,0,0.0
7,4,7,1,,,,45.9,0,0,0,101.0
7,5,7,1,,,,47.0,0,0,0,383.0
7,6,7,1,,,,48.0,0,0,0,651.0
7,7,7,1,,,,44.6,0,0,0,793.0
7,8,7,1,,,,45.7,0,0,0,823.0
7,9,7,1,,,,44.8,0,0,0,842.0
7,10,7,1,,,,44.8,0,0,0,851.0
7,11,7,1,,,,45.5,0,0,0,853.0
7,12,7,1,,,,45.0,0,0,0,833.0
7,13,7,1,,,,45.6,0,0,0,737.0
7,14,7,1,,,,46.6,0,0,0,629.0
7,15,7,1,,,,47.3,0,0,0,517.0
7,16,7,1,,,,46.2,0,0,0,350.0
7,17,7,1,,,,45.8,0,0,0,162.0
7,18,7,1,,,,45.8,0,0,0,44.0
7,19,7,1,,,,45.6,0,0,0,5.0
7,20,7,1,,,,44.4,0,0,0,0.0
7,21,7,1,,,,46.5,0,0,0,0.0
7,22,7,1,,,,48.8,0,0,0,0.0
7,23,7,1,,,,46.7,0,0,0,0.0
7,24,7,1,,,,47.1,0,0,0,0.0
7,1,1,1,,,,46.6,0,0,0,0.0
7,2,1,1,,,,46.0,0,0,0,0.0
7,3,1,1,,,,46.2,0,0,0,0.0
7,4,1,1,,,,45.2,0,0,0,72.0
7,5,1,1,,,,43.5,0,0,0,232.0
7,6,1,1,,,,44.2,0,0,0,363.0
7,7,1,1,,,,44.2,0,0,0,453.0
7,8,1,1,,,,44.5,0,0,0,495.0
7,9,1,1,,,,43.9,0,0,0,536.0
7,10,1,1,,,,45.5,0,0,0,512.0
7,11,1,1,,,,45.6,0,0,0,574.0
7,12,1,1,,,,44.8,0,0,0,672.0
7,13,1,1,,,,45.4,0,0,0,743.0
7,14,1,1,,,,45.8,0,0,0,760.0
7,15,1,1,,,,45.4,0,0,0,722.0
7,16,1,1,,,,45.2,0,0,0,667.0
7,17,1,1,,,,45.4,0,0,0,550.0
7,18,1,1,,,,44.6,0,0,0,325.0
7,19,1,1,,,,44.8,0,0,0,78.0
7,20,1,1,,,,45.2,0,0,0,0.0
7,21,1,1,,,,46.8,0,0,0,0.0
7,22,1,1,,,,46.9,0,0,0,0.0
7,23,1,1,,,,48.6,0,0,0,0.0
7,24,1,1,,,,41.8,0,0,0,0.0
7,1,2,1,,,,41.6,0,0,0,0.0
7,2,2,1,,,,45.8,0,0,0,0.0
7,3,2,1,,,,46.8,0,0,0,0.0
7,4,2,1,,,,44.8,0,0,0,178.0
7,5,2,1,,,,43.2,0,0,0,524.0
7,6,2,1,,,,46.0,0,0,0,717.0
7,7,2,1,,,,49.0,0,0,0,802.0
7,8,2,1,,,,54.2,0,0,0,842.0
7,9,2,1,,,,57.8,0,0,0,858.0
7,10,2,1,,,,59.6,0,0,0,863.0
7,11,2,1,,,,65.5,0,0,0,860.0
7,12,2,1,,,,59.0,0,0,0,853.0
7,13,2,1,,,,59.6,0,0,0,839.0
7,14,2,1,,,,59.6,0,0,0,819.0
7,15,2,1,,,,56.9,0,0,0,785.0
7,16,2,1,,,,55.4,0,0,0,726.0
7,17,2,1,,,,52.5,0,0,0,620.0
7,18,2,1,,,,47.6,0,0,0,405.0
7,19,2,1,,,,47.7,0,0,0,113.0
7,20,2,1,,,,48.2,0,0,0,0.0
7,21,2,1,,,,49.1,0,0,0,0.0
7,22,2,1,,,,49.0,0,0,0,0.0
7,23,2,1,,,,48.5,0,0,0,0.0
7,24,2,1,,,,46.5,0,0,0,0.0
7,1,3,1,,,,46.2,0,0,0,0.0
7,2,3,1,,,,46.3,0,0,0,0.0
7,3,3,1,,,,46.4,0,0,0,0.0
7,4,3,1,,,,44.9,0,0,0,158.0
7,5,3,1,,,,44.8,0,0,0,502.0
7,6,3,1,,,,44.7,0,0,0,707.0
7,7,3,1,,,,45.6,0,0,0,791.0
7,8,3,1,,,,51.6,0,0,0,828.0
7,9,3,1,,,,60.2,0,0,0,845.0
7,10,3,1,,,,63.2,0,0,0,852.0
7,11,3,1,,,,61.1,0,0,0,851.0
7,12,3,1,,,,59.4,0,0,0,844.0
7,13,3,1,,,,62.0,0,0,0,833.0
7,14,3,1,,,,62.5,0,0,0,813.0
7,15,3,1,,,,62.2,0,0,0,780.0
7,16,3,1,,,,61.5,0,0,0,722.0
7,17,3,1,,,,58.6,0,0,0,614.0
7,18,3,1,,,,54.3,0,0,0,394.0
7,19,3,1,,,,48.6,0,0,0,106.0
7,20,3,1,,,,48.3,0,0,0,0.0
7,21,3,1,,,,49.0,0,0,0,0.0
7,22,3,1,,,,46.4,0,0,0,0.0
7,23,3,1,,,,45.9,0,0,0,0.0
7,24,3,1,,,,46.4,0,0,0,0.0
7,1,4,1,,,,45.0,0,0,0,0.0
7,2,4,1,,,,44.7,0,0,0,0.0
7,3,4,1,,,,47.6,0,0,0,0.0
7,4,4,1,,,,45.5,0,0,0,120.0
7,5,4,1,,,,45.1,0,0,0,444.0
7,6,4,1,,,,44.5,0,0,0,642.0
7,7,4,1,,,,46.3,0,0,0,745.0
7,8,4,1,,,,51.7,0,0,0,790.0
7,9,4,1,,,,59.6,0,0,0,796.0
7,10,4,1,,,,64.1,0,0,0,809.0
7,11,4,1,,,,63.0,0,0,0,813.0
7,12,4,1,,,,59.2,0,0,0,817.0
7,13,4,1,,,,60.5,0,0,0,804.0
7,14,4,1,,,,63.0,0,0,0,779.0
7,15,4,1,,,,61.1,0,0,0,720.0
7,16,4,1,,,,57.2,0,0,0,577.0
7,17,4,1,,,,53.4,0,0,0,421.0
7,18,4,1,,,,47.5,0,0,0,208.0
7,19,4,1,,,,45.9,0,0,0,47.0
7,20,4,1,,,,46.4,0,0,0,0.0
7,21,4,1,,,,46.1,0,0,0,0.0
7,22,4,1,,,,43.4,0,0,0,0.0
7,23,4,1,,,,42.1,0,0,0,0.0
7,24,4,1,,,,41.9,0,0,0,0.0
7,1,5,1,,,,41.8,0,0,0,0.0
7,2,5,1,,,,41.8,0,0,0,0.0
7,3,5,1,,,,41.4,0,0,0,0.0
7,4,5,1,,,,41.3,0,0,0,102.0
7,5,5,1,,,,43.2,0,0,0,422.0
7,6,5,1,,,,45.3,0,0,0,612.0
7,7,5,1,,,,46.0,0,0,0,732.0
7,8,5,1,,,,52.1,0,0,0,791.0
7,9,5,1,,,,58.9,0,0,0,817.0
7,10,5,1,,,,60.4,0,0,0,827.0
7,11,5,1,,,,61.3,0,0,0,828.0
7,12,5,1,,,,58.5,0,0,0,822.0
7,13,5,1,,,,59.6,0,0,0,807.0
7,14,5,1,,,,64.4,0,0,0,783.0
7,15,5,1,,,,63.8,0,0,0,748.0
7,16,5,1,,,,61.8,0,0,0,676.0
7,17,5,1,,,,55.8,0,0,0,554.0
7,18,5,1,,,,52.4,0,0,0,334.0
7,19,5,1,,,,51.2,0,0,0,74.0
7,20,5,1,,,,50.8,0,0,0,0.0
7,21,5,1,,,,48.2,0,0,0,0.0
7,22,5,1,,,,46.5,0,0,0,0.0
7,23,5,1,,,,46.6,0,0,0,0.0
7,24,5,1,,,,45.2,0,0,0,0.0
7,1,6,1,,,,42.5,0,0,0,0.0
7,2,6,1,,,,42.5,0,0,0,0.0
7,3,6,1,,,,42.1,0,0,0,0.0
7,4,6,1,,,,41.7,0,0,0,38.0
7,5,6,1,,,,40.8,0,0,0,152.0
7,6,6,1,,,,40.9,0,0,0,121.0
7,7,6,1,,,,42.5,0,0,0,111.0
7,8,6,1,,,,46.4,0,0,0,142.0
7,9,6,1,,,,55.6,0,0,0,172.0
7,10,6,1,,,,58.6,0,0,0,399.0
7,11,6,1,,,,57.9,0,0,0,664.0
7,12,6,1,,,,56.6,0,0,0,726.0
7,13,6,1,,,,58.6,0,0,0,676.0
7,14,6,1,,,,57.8,0,0,0,637.0
7,15,6,1,,,,58.1,0,0,0,513.0
7,16,6,1,,,,57.8,0,0,0,332.0
7,17,6,1,,,,54.3,0,0,0,111.0
7,18,6,1,,,,49.6,0,0,0,25.0
7,19,6,1,,,,48.5,0,0,0,0.0
7,20,6,1,,,,46.1,0,0,0,0.0
7,21,6,1,,,,46.9,0,0,0,0.0
7,22,6,1,,,,47.4,0,0,0,0.0
7,23,6,1,,,,46.5,0,0,0,0.0
7,24,6,1,,,,47.4,0,0,0,0.0
7,1,7,1,,,,45.9,0,0,0,0.0
7,2,7,1,,,,45.0,0,0,0,0.0
7,3,7,1,,,,44.9,0,0,0,0.0
7,4,7,1,,,,45.4,0,0,0,42.0
7,5,7,1,,,,46.0,0,0,0,283.0
7,6,7,1,,,,45.4,0,0,0,611.0
7,7,7,1,,,,45.5,0,0,0,709.0
7,8,7,1,,,,45.2,0,0,0,797.0
7,9,7,1,,,,44.8,0,0,0,835.0
7,10,7,1,,,,44.3,0,0,0,859.0
7,11,7,1,,,,45.5,0,0,0,804.0
7,12,7,1,,,,42.9,0,0,0,739.0
7,13,7,1,,,,44.4,0,0,0,668.0
7,14,7,1,,,,43.8,0,0,0,643.0
7,15,7,1,,,,44.9,0,0,0,510.0
7,16,7,1,,,,44.5,0,0,0,406.0
7,17,7,1,,,,44.1,0,0,0,291.0
7,18,7,1,,,,44.5,0,0,0,124.0
7,19,7,1,,,,45.0,0,0,0,39.0
7,20,7,1,,,,44.8,0,0,0,0.0
7,21,7,1,,,,45.4,0,0,0,0.0
7,22,7,1,,,,44.8,0,0,0,0.0
7,23,7,1,,,,47.0,0,0,0,0.0
7,24,7,1,,,,46.5,0,0,0,0.0
7,1,1,1,,,,46.6,0,0,0,0.0
7,2,1,1,,,,45.2,0,0,0,0.0
7,3,1,1,,,,44.5,0,0,0,0.0
7,4,1,1,,,,44.6,0,0,0,67.0
7,5,1,1,,,,43.6,0,0,0,382.0
7,6,1,1,,,,43.5,0,0,0,653.0
7,7,1,1,,,,43.8,0,0,0,761.0
7,8,1,1,,,,43.4,0,0,0,795.0
7,9,1,1,,,,44.8,0,0,0,796.0
7,10,1,1,,,,43.4,0,0,0,774.0
7,11,1,1,,,,43.7,0,0,0,705.0
7,12,1,1,,,,43.5,0,0,0,532.0
7,13,1,1,,,,43.9,0,0,0,409.0
7,14,1,1,,,,44.3,0,0,0,265.0
7,15,1,1,,,,45.8,0,0,0,227.0
7,16,1,1,,,,47.0,0,0,0,176.0
7,17,1,1,,,,46.6,0,0,0,142.0
7,18,1,1,,,,47.0,0,0,0,74.0
7,19,1,1,,,,48.0,0,0,0,11.0
7,20,1,1,,,,47.4,0,0,0,0.0
7,21,1,1,,,,48.0,0,0,0,0.0
7,22,1,1,,,,47.4,0,0,0,0.0
7,23,1,1,,,,46.8,0,0,0,0.0
7,24,1,1,,,,45.7,0,0,0,0.0
7,1,2,1,,,,44.8,0,0,0,0.0
7,2,2,1,,,,44.7,0,0,0,0.0
7,3,2,1,,,,45.0,0,0,0,0.0
7,4,2,1,,,,44.4,0,0,0,34.0
7,5,2,1,,,,43.4,0,0,0,166.0
7,6,2,1,,,,42.6,0,0,0,437.0
7,7,2,1,,,,45.4,0,0,0,645.0
7,8,2,1,,,,50.0,0,0,0,728.0
7,9,2,1,,,,54.2,0,0,0,757.0
7,10,2,1,,,,56.2,0,0,0,760.0
7,11,2,1,,,,61.1,0,0,0,743.0
7,12,2,1,,,,59.8,0,0,0,711.0
7,13,2,1,,,,61.4,0,0,0,681.0
7,14,2,1,,,,61.6,0,0,0,688.0
7,15,2,1,,,,60.9,0,0,0,647.0
7,16,2,1,,,,60.9,0,0,0,595.0
7,17,2,1,,,,58.1,0,0,0,473.0
7,18,2,1,,,,54.7,0,0,0,221.0
7,19,2,1,,,,53.5,0,0,0,37.0
7,20,2,1,,,,50.6,0,0,0,0.0
7,21,2,1,,,,50.0,0,0,0,0.0
7,22,2,1,,,,49.3,0,0,0,0.0
7,23,2,1,,,,48.1,0,0,0,0.0
7,24,2,1,,,,47.5,0,0,0,0.0
7,1,3,1,,,,46.2,0,0,0,0.0
7,2,3,1,,,,46.0,0,0,0,0.0
7,3,3,1,,,,44.9,0,0,0,0.0
7,4,3,1,,,,44.9,0,0,0,0.0
7,5,3,1,,,,45.1,0,0,0,17.0
7,6,3,1,,,,44.4,0,0,0,42.0
7,7,3,1,,,,45.8,0,0,0,58.0
7,8,3,1,,,,53.0,0,0,0,90.0
7,9,3,1,,,,56.4,0,0,0,177.0
7,10,3,1,,,,60.5,0,0,0,361.0
7,11,3,1,,,,62.2,0,0,0,482.0
7,12,3,1,,,,60.4,0,0,0,497.0
7,13,3,1,,,,62.2,0,0,0,367.0
7,14,3,1,,,,63.3,0,0,0,261.0
7,15,3,1,,,,61.9,0,0,0,220.0
7,16,3,1,,,,58.4,0,0,0,260.0
7,17,3,1,,,,56.8,0,0,0,135.0
7,18,3,1,,,,52.9,0,0,0,24.0
7,19,3,1,,,,51.7,0,0,0,0.0
7,20,3,1,,,,51.5,0,0,0,0.0
7,21,3,1,,,,49.3,0,0,0,0.0
7,22,3,1,,,,47.6,0,0,0,0.0
7,23,3,1,,,,45.8,0,0,0,0.0
7,24,3,1,,,,46.4,0,0,0,0.0
8,1,4,1,,,,46.4,0,0,0,0.0
8,2,4,1,,,,44.7,0,0,0,0.0
8,3,4,1,,,,46.0,0,0,0,0.0
8,4,4,1,,,,45.2,0,0,0,28.0
8,5,4,1,,,,43.5,0,0,0,119.0
8,6,4,1,,,,43.0,0,0,0,152.0
8,7,4,1,,,,45.8,0,0,0,425.0
8,8,4,1,,,,52.5,0,0,0,671.0
8,9,4,1,,,,54.4,0,0,0,610.0
8,10,4,1,,,,56.8,0,0,0,377.0
8,11,4,1,,,,58.2,0,0,0,398.0
8,12,4,1,,,,57.8,0,0,0,573.0
8,13,4,1,,,,60.0,0,0,0,762.0
8,14,4,1,,,,60.7,0,0,0,790.0
8,15,4,1,,,,59.0,0,0,0,761.0
8,16,4,1,,,,57.8,0,0,0,696.0
8,17,4,1,,,,54.5,0,0,0,557.0
8,18,4,1,,,,50.8,0,0,0,300.0
8,19,4,1,,,,48.4,0,0,0,30.0
8,20,4,1,,,,49.1,0,0,0,0.0
8,21,4,1,,,,46.8,0,0,0,0.0
8,22,4,1,,,,45.7,0,0,0,0.0
8,23,4,1,,,,45.9,0,0,0,0.0
8,24,4,1,,,,46.1,0,0,0,0.0
8,1,5,1,,,,46.6,0,0,0,0.0
8,2,5,1,,,,46.2,0,0,0,0.0
8,3,5,1,,,,45.9,0,0,0,0.0
8,4,5,1,,,,46.4,0,0,0,1.0
8,5,5,1,,,,45.2,0,0,0,55.0
8,6,5,1,,,,44.5,0,0,0,340.0
8,7,5,1,,,,46.7,0,0,0,714.0
8,8,5,1,,,,51.2,0,0,0,819.0
8,9,5,1,,,,57.4,0,0,0,843.0
8,10,5,1,,,,56.6,0,0,0,830.0
8,11,5,1,,,,59.2,0,0,0,756.0
8,12,5,1,,,,58.0,0,0,0,671.0
8,13,5,1,,,,59.7,0,0,0,629.0
8,14,5,1,,,,61.8,0,0,0,567.0
8,15,5,1,,,,60.0,0,0,0,440.0
8,16,5,1,,,,58.6,0,0,0,272.0
8,17,5,1,,,,54.6,0,0,0,191.0
8,18,5,1,,,,50.1,0,0,0,137.0
8,19,5,1,,,,48.0,0,0,0,10.0
8,20,5,1,,,,48.2,0,0,0,0.0
8,21,5,1,,,,48.0,0,0,0,0.0
8,22,5,1,,,,45.6,0,0,0,0.0
8,23,5,1,,,,45.2,0,0,0,0.0
8,24,5,1,,,,44.7,0,0,0,0.0
8,1,6,1,,,,44.4,0,0,0,0.0
8,2,6,1,,,,44.3,0,0,0,0.0
8,3,6,1,,,,44.2,0,0,0,0.0
8,4,6,1,,,,44.4,0,0,0,40.0
8,5,6,1,,,,43.1,0,0,0,403.0
8,6,6,1,,,,43.2,0,0,0,653.0
8,7,6,1,,,,45.4,0,0,0,777.0
8,8,6,1,,,,50.5,0,0,0,833.0
8,9,6,1,,,,53.7,0,0,0,837.0
8,10,6,1,,,,57.5,0,0,0,826.0
8,11,6,1,,,,57.1,0,0,0,781.0
8,12,6,1,,,,56.6,0,0,0,608.0
8,13,6,1,,,,58.8,0,0,0,373.0
8,14,6,1,,,,58.2,0,0,0,476.0
8,15,6,1,,,,56.4,0,0,0,351.0
8,16,6,1,,,,57.6,0,0,0,356.0
8,17,6,1,,,,53.5,0,0,0,265.0
8,18,6,1,,,,49.2,0,0,0,194.0
8,19,6,1,,,,46.5,0,0,0,17.0
8,20,6,1,,,,45.7,0,0,0,0.0
8,21,6,1,,,,45.2,0,0,0,0.0
8,22,6,1,,,,45.0,0,0,0,0.0
8,23,6,1,,,,45.8,0,0,0,0.0
8,24,6,1,,,,45.2,0,0,0,0.0
8,1,7,1,,,,44.5,0,0,0,0.0
8,2,7,1,,,,44.4,0,0,0,0.0
8,3,7,1,,,,44.5,0,0,0,0.0
8,4,7,1,,,,44.3,0,0,0,0.0
8,5,7,1,,,,43.3,0,0,0,55.0
8,6,7,1,,,,42.6,0,0,0,286.0
8,7,7,1,,,,41.5,0,0,0,610.0
8,8,7,1,,,,41.0,0,0,0,757.0
8,9,7,1,,,,44.1,0,0,0,799.0
8,10,7,1,,,,44.7,0,0,0,795.0
8,11,7,1,,,,45.2,0,0,0,737.0
8,12,7,1,,,,43.8,0,0,0,687.0
8,13,7,1,,,,45.1,0,0,0,600.0
8,14,7,1,,,,45.2,0,0,0,466.0
8,15,7,1,,,,45.5,0,0,0,301.0
8,16,7,1,,,,45.9,0,0,0,175.0
8,17,7,1,,,,46.6,0,0,0,111.0
8,18,7,1,,,,48.6,0,0,0,99.0
8,19,7,1,,,,47.9,0,0,0,9.0
8,20,7,1,,,,48.3,0,0,0,0.0
8,21,7,1,,,,48.8,0,0,0,0.0
8,22,7,1,,,,48.0,0,0,0,0.0
8,23,7,1,,,,46.3,0,0,0,0.0
8,24,7,1,,,,45.1,0,0,0,0.0
8,1,1,1,,,,45.4,0,0,0,0.0
8,2,1,1,,,,45.2,0,0,0,0.0
8,3,1,1,,,,44.6,0,0,0,0.0
8,4,1,1,,,,44.9,0,0,0,17.0
8,5,1,1,,,,43.3,0,0,0,269.0
8,6,1,1,,,,43.8,0,0,0,412.0
8,7,1,1,,,,43.9,0,0,0,437.0
8,8,1,1,,,,44.8,0,0,0,459.0
8,9,1,1,,,,44.5,0,0,0,487.0
8,10,1,1,,,,45.5,0,0,0,535.0
8,11,1,1,,,,45.1,0,0,0,502.0
8,12,1,1,,,,44.1,0,0,0,471.0
8,13,1,1,,,,45.8,0,0,0,487.0
8,14,1,1,,,,45.3,0,0,0,499.0
8,15,1,1,,,,46.5,0,0,0,441.0
8,16,1,1,,,,47.3,0,0,0,295.0
8,17,1,1,,,,47.8,0,0,0,179.0
8,18,1,1,,,,48.4,0,0,0,88.0
8,19,1,1,,,,46.9,0,0,0,3.0
8,20,1,1,,,,46.5,0,0,0,0.0
8,21,1,1,,,,46.3,0,0,0,0.0
8,22,1,1,,,,47.6,0,0,0,0.0
8,23,1,1,,,,42.5,0,0,0,0.0
8,24,1,1,,,,45.6,0,0,0,0.0
8,1,2,1,,,,44.5,0,0,0,0.0
8,2,2,1,,,,44.8,0,0,0,0.0
8,3,2,1,,,,44.3,0,0,0,0.0
8,4,2,1,,,,43.7,0,0,0,10.0
8,5,2,1,,,,42.4,0,0,0,266.0
8,6,2,1,,,,45.7,0,0,0,521.0
8,7,2,1,,,,46.5,0,0,0,679.0
8,8,2,1,,,,48.4,0,0,0,738.0
8,9,2,1,,,,54.0,0,0,0,747.0
8,10,2,1,,,,59.8,0,0,0,726.0
8,11,2,1,,,,60.1,0,0,0,641.0
8,12,2,1,,,,60.9,0,0,0,543.0
8,13,2,1,,,,61.8,0,0,0,420.0
8,14,2,1,,,,61.6,0,0,0,435.0
8,15,2,1,,,,58.5,0,0,0,395.0
8,16,2,1,,,,55.1,0,0,0,269.0
8,17,2,1,,,,53.6,0,0,0,103.0
8,18,2,1,,,,47.0,0,0,0,25.0
8,19,2,1,,,,42.4,0,0,0,0.0
8,20,2,1,,,,40.2,0,0,0,0.0
8,21,2,1,,,,40.9,0,0,0,0.0
8,22,2,1,,,,41.5,0,0,0,0.0
8,23,2,1,,,,46.1,0,0,0,0.0
8,24,2,1,,,,45.4,0,0,0,0.0
8,1,3,1,,,,46.2,0,0,0,0.0
8,2,3,1,,,,45.6,0,0,0,0.0
8,3,3,1,,,,45.7,0,0,0,0.0
8,4,3,1,,,,44.8,0,0,0,4.0
8,5,3,1,,,,44.3,0,0,0,84.0
8,6,3,1,,,,44.2,0,0,0,90.0
8,7,3,1,,,,44.9,0,0,0,112.0
8,8,3,1,,,,51.6,0,0,0,137.0
8,9,3,1,,,,58.1,0,0,0,201.0
8,10,3,1,,,,61.0,0,0,0,360.0
8,11,3,1,,,,61.2,0,0,0,582.0
8,12,3,1,,,,57.0,0,0,0,597.0
8,13,3,1,,,,58.2,0,0,0,614.0
8,14,3,1,,,,56.8,0,0,0,650.0
8,15,3,1,,,,56.0,0,0,0,623.0
8,16,3,1,,,,56.7,0,0,0,492.0
8,17,3,1,,,,51.6,0,0,0,208.0
8,18,3,1,,,,45.9,0,0,0,80.0
8,19,3,1,,,,43.5,0,0,0,2.0
8,20,3,1,,,,45.9,0,0,0,0.0
8,21,3,1,,,,46.3,0,0,0,0.0
8,22,3,1,,,,46.3,0,0,0,0.0
8,23,3,1,,,,45.8,0,0,0,0.0
8,24,3,1,,,,43.8,0,0,0,0.0
8,1,4,1,,,,44.6,0,0,0,0.0
8,2,4,1,,,,43.5,0,0,0,0.0
8,3,4,1,,,,43.8,0,0,0,0.0
8,4,4,1,,,,43.5,0,0,0,1.0
8,5,4,1,,,,43.3,0,0,0,84.0
8,6,4,1,,,,43.3,0,0,0,184.0
8,7,4,1,,,,44.2,0,0,0,253.0
8,8,4,1,,,,51.6,0,0,0,318.0
8,9,4,1,,,,57.4,0,0,0,424.0
8,10,4,1,,,,59.5,0,0,0,499.0
8,11,4,1,,,,61.3,0,0,0,449.0
8,12,4,1,,,,61.5,0,0,0,458.0
8,13,4,1,,,,60.0,0,0,0,521.0
8,14,4,1,,,,61.4,0,0,0,435.0
8,15,4,1,,,,62.0,0,0,0,317.0
8,16,4,1,,,,56.5,0,0,0,242.0
8,17,4,1,,,,51.9,0,0,0,170.0
8,18,4,1,,,,49.4,0,0,0,80.0
8,19,4,1,,,,47.2,0,0,0,1.0
8,20,4,1,,,,46.4,0,0,0,0.0
8,21,4,1,,,,46.7,0,0,0,0.0
8,22,4,1,,,,46.8,0,0,0,0.0
8,23,4,1,,,,45.4,0,0,0,0.0
8,24,4,1,,,,45.2,0,0,0,0.0
8,1,5,1,,,,44.3,0,0,0,0.0
8,2,5,1,,,,44.5,0,0,0,0.0
8,3,5,1,,,,43.9,0,0,0,0.0
8,4,5,1,,,,43.9,0,0,0,10.0
8,5,5,1,,,,42.8,0,0,0,304.0
8,6,5,1,,,,42.3,0,0,0,594.0
8,7,5,1,,,,43.8,0,0,0,699.0
8,8,5,1,,,,50.4,0,0,0,790.0
8,9,5,1,,,,55.6,0,0,0,828.0
8,10,5,1,,,,55.7,0,0,0,819.0
8,11,5,1,,,,59.4,0,0,0,833.0
8,12,5,1,,,,57.8,0,0,0,823.0
8,13,5,1,,,,57.9,0,0,0,811.0
8,14,5,1,,,,56.9,0,0,0,792.0
8,15,5,1,,,,56.9,0,0,0,751.0
8,16,5,1,,,,57.9,0,0,0,638.0
8,17,5,1,,,,54.1,0,0,0,379.0
8,18,5,1,,,,52.2,0,0,0,101.0
8,19,5,1,,,,47.0,0,0,0,2.0
8,20,5,1,,,,46.6,0,0,0,0.0
8,21,5,1,,,,44.8,0,0,0,0.0
8,22,5,1,,,,43.9,0,0,0,0.0
8,23,5,1,,,,44.8,0,0,0,0.0
8,24,5,1,,,,40.4,0,0,0,0.0
8,1,6,1,,,,40.0,0,0,0,0.0
8,2,6,1,,,,39.6,0,0,0,0.0
8,3,6,1,,,,40.3,0,0,0,0.0
8,4,6,1,,,,40.0,0,0,0,10.0
8,5,6,1,,,,42.8,0,0,0,360.0
8,6,6,1,,,,43.2,0,0,0,607.0
8,7,6,1,,,,45.8,0,0,0,742.0
8,8,6,1,,,,50.4,0,0,0,803.0
8,9,6,1,,,,55.0,0,0,0,830.0
8,10,6,1,,,,58.5,0,0,0,842.0
8,11,6,1,,,,59.9,0,0,0,841.0
8,12,6,1,,,,58.0,0,0,0,827.0
8,13,6,1,,,,60.4,0,0,0,815.0
8,14,6,1,,,,61.0,0,0,0,795.0
8,15,6,1,,,,60.8,0,0,0,761.0
8,16,6,1,,,,57.3,0,0,0,626.0
8,17,6,1,,,,51.6,0,0,0,460.0
8,18,6,1,,,,44.5,0,0,0,214.0
8,19,6,1,,,,41.1,0,0,0,4.0
8,20,6,1,,,,40.5,0,0,0,0.0
8,21,6,1,,,,41.2,0,0,0,0.0
8,22,6,1,,,,39.9,0,0,0,0.0
8,23,6,1,,,,39.6,0,0,0,0.0
8,24,6,1,,,,39.4,0,0,0,0.0
8,1,7,1,,,,39.4,0,0,0,0.0
8,2,7,1,,,,38.9,0,0,0,0.0
8,3,7,1,,,,40.8,0,0,0,0.0
8,4,7,1,,,,43.6,0,0,0,6.0
8,5,7,1,,,,42.1,0,0,0,325.0
8,6,7,1,,,,41.8,0,0,0,541.0
8,7,7,1,,,,42.1,0,0,0,699.0
8,8,7,1,,,,43.5,0,0,0,766.0
8,9,7,1,,,,43.4,0,0,0,802.0
8,10,7,1,,,,43.7,0,0,0,827.0
8,11,7,1,,,,44.3,0,0,0,842.0
8,12,7,1,,,,42.8,0,0,0,833.0
8,13,7,1,,,,43.8,0,0,0,830.0
8,14,7,1,,,,43.6,0,0,0,802.0
8,15,7,1,,,,43.9,0,0,0,730.0
8,16,7,1,,,,45.0,0,0,0,561.0
8,17,7,1,,,,44.9,0,0,0,293.0
8,18,7,1,,,,42.6,0,0,0,77.0
8,19,7,1,,,,41.8,0,0,0,0.0
8,20,7,1,,,,43.0,0,0,0,0.0
8,21,7,1,,,,43.4,0,0,0,0.0
8,22,7,1,,,,43.2,0,0,0,0.0
8,23,7,1,,,,44.2,0,0,0,0.0
8,24,7,1,,,,44.0,0,0,0,0.0
8,1,1,1,,,,43.3,0,0,0,0.0
8,2,1,1,,,,42.6,0,0,0,0.0
8,3,1,1,,,,42.5,0,0,0,0.0
8,4,1,1,,,,42.4,0,0,0,1.0
8,5,1,1,,,,39.0,0,0,0,186.0
8,6,1,1,,,,40.9,0,0,0,503.0
8,7,1,1,,,,41.4,0,0,0,678.0
8,8,1,1,,,,42.8,0,0,0,733.0
8,9,1,1,,,,40.8,0,0,0,763.0
8,10,1,1,,,,39.4,0,0,0,747.0
8,11,1,1,,,,40.1,0,0,0,701.0
8,12,1,1,,,,38.3,0,0,0,685.0
8,13,1,1,,,,41.1,0,0,0,623.0
8,14,1,1,,,,41.4,0,0,0,514.0
8,15,1,1,,,,41.8,0,0,0,405.0
8,16,1,1,,,,41.4,0,0,0,343.0
8,17,1,1,,,,40.6,0,0,0,195.0
8,18,1,1,,,,40.2,0,0,0,47.0
8,19,1,1,,,,39.4,0,0,0,0.0
8,20,1,1,,,,40.4,0,0,0,0.0
8,21,1,1,,,,40.6,0,0,0,0.0
8,22,1,1,,,,40.9,0,0,0,0.0
8,23,1,1,,,,40.2,0,0,0,0.0
8,24,1,1,,,,39.6,0,0,0,0.0
8,1,2,1,,,,41.3,0,0,0,0.0
8,2,2,1,,,,44.4,0,0,0,0.0
8,3,2,1,,,,40.8,0,0,0,0.0
8,4,2,1,,,,39.7,0,0,0,0.0
8,5,2,1,,,,39.1,0,0,0,51.0
8,6,2,1,,,,39.3,0,0,0,235.0
8,7,2,1,,,,39.8,0,0,0,355.0
8,8,2,1,,,,46.2,0,0,0,524.0
8,9,2,1,,,,53.7,0,0,0,702.0
8,10,2,1,,,,58.8,0,0,0,700.0
8,11,2,1,,,,60.6,0,0,0,570.0
8,12,2,1,,,,58.0,0,0,0,420.0
8,13,2,1,,,,61.6,0,0,0,252.0
8,14,2,1,,,,63.7,0,0,0,166.0
8,15,2,1,,,,63.1,0,0,0,132.0
8,16,2,1,,,,56.8,0,0,0,83.0
8,17,2,1,,,,49.6,0,0,0,39.0
8,18,2,1,,,,44.2,0,0,0,12.0
8,19,2,1,,,,40.5,0,0,0,0.0
8,20,2,1,,,,41.1,0,0,0,0.0
8,21,2,1,,,,41.9,0,0,0,0.0
8,22,2,1,,,,41.6,0,0,0,0.0
8,23,2,1,,,,40.6,0,0,0,0.0
8,24,2,1,,,,40.4,0,0,0,0.0
8,1,3,1,,,,40.0,0,0,0,0.0
8,2,3,1,,,,40.3,0,0,0,0.0
8,3,3,1,,,,43.6,0,0,0,0.0
8,4,3,1,,,,42.9,0,0,0,0.0
8,5,3,1,,,,42.6,0,0,0,29.0
8,6,3,1,,,,42.0,0,0,0,166.0
8,7,3,1,,,,42.9,0,0,0,507.0
8,8,3,1,,,,48.1,0,0,0,642.0
8,9,3,1,,,,53.7,0,0,0,700.0
8,10,3,1,,,,56.9,0,0,0,744.0
8,11,3,1,,,,59.1,0,0,0,772.0
8,12,3,1,,,,57.8,0,0,0,785.0
8,13,3,1,,,,59.7,0,0,0,785.0
8,14,3,1,,,,60.9,0,0,0,753.0
8,15,3,1,,,,59.0,0,0,0,650.0
8,16,3,1,,,,59.6,0,0,0,471.0
8,17,3,1,,,,55.1,0,0,0,222.0
8,18,3,1,,,,48.0,0,0,0,66.0
8,19,3,1,,,,43.4,0,0,0,0.0
8,20,3,1,,,,44.0,0,0,0,0.0
8,21,3,1,,,,44.5,0,0,0,0.0
8,22,3,1,,,,43.2,0,0,0,0.0
8,23,3,1,,,,40.7,0,0,0,0.0
8,24,3,1,,,,39.9,0,0,0,0.0
8,1,4,1,,,,39.2,0,0,0,0.0
8,2,4,1,,,,38.8,0,0,0,0.0
8,3,4,1,,,,38.5,0,0,0,0.0
8,4,4,1,,,,38.6,0,0,0,0.0
8,5,4,1,,,,37.6,0,0,0,63.0
8,6,4,1,,,,37.1,0,0,0,434.0
8,7,4,1,,,,36.8,0,0,0,635.0
8,8,4,1,,,,44.6,0,0,0,589.0
8,9,4,1,,,,50.6,0,0,0,521.0
8,10,4,1,,,,56.0,0,0,0,474.0
8,11,4,1,,,,59.0,0,0,0,257.0
8,12,4,1,,,,59.1,0,0,0,155.0
8,13,4,1,,,,58.8,0,0,0,110.0
8,14,4,1,,,,56.6,0,0,0,161.0
8,15,4,1,,,,56.8,0,0,0,171.0
8,16,4,1,,,,58.6,0,0,0,92.0
8,17,4,1,,,,52.9,0,0,0,62.0
8,18,4,1,,,,46.8,0,0,0,47.0
8,19,4,1,,,,42.7,0,0,0,0.0
8,20,4,1,,,,43.2,0,0,0,0.0
8,21,4,1,,,,41.9,0,0,0,0.0
8,22,4,1,,,,41.0,0,0,0,0.0
8,23,4,1,,,,40.5,0,0,0,0.0
8,24,4,1,,,,40.2,0,0,0,0.0
8,1,5,1,,,,39.5,0,0,0,0.0
8,2,5,1,,,,39.7,0,0,0,0.0
8,3,5,1,,,,38.8,0,0,0,0.0
8,4,5,1,,,,42.0,0,0,0,0.0
8,5,5,1,,,,41.5,0,0,0,127.0
8,6,5,1,,,,38.0,0,0,0,341.0
8,7,5,1,,,,39.7,0,0,0,633.0
8,8,5,1,,,,48.2,0,0,0,763.0
8,9,5,1,,,,48.8,0,0,0,810.0
8,10,5,1,,,,50.7,0,0,0,812.0
8,11,5,1,,,,53.4,0,0,0,822.0
8,12,5,1,,,,52.0,0,0,0,787.0
8,13,5,1,,,,55.4,0,0,0,722.0
8,14,5,1,,,,55.0,0,0,0,662.0
8,15,5,1,,,,54.8,0,0,0,577.0
8,16,5,1,,,,52.7,0,0,0,355.0
8,17,5,1,,,,49.6,0,0,0,134.0
8,18,5,1,,,,44.0,0,0,0,35.0
8,19,5,1,,,,42.4,0,0,0,0.0
8,20,5,1,,,,43.2,0,0,0,0.0
8,21,5,1,,,,43.6,0,0,0,0.0
8,22,5,1,,,,43.5,0,0,0,0.0
8,23,5,1,,,,43.3,0,0,0,0.0
8,24,5,1,,,,43.0,0,0,0,0.0
8,1,6,1,,,,41.2,0,0,0,0.0
8,2,6,1,,,,41.1,0,0,0,0.0
8,3,6,1,,,,39.7,0,0,0,0.0
8,4,6,1,,,,39.3,0,0,0,0.0
8,5,6,1,,,,38.7,0,0,0,6.0
8,6,6,1,,,,38.2,0,0,0,61.0
8,7,6,1,,,,39.4,0,0,0,203.0
8,8,6,1,,,,45.4,0,0,0,406.0
8,9,6,1,,,,56.6,0,0,0,556.0
8,10,6,1,,,,56.9,0,0,0,671.0
8,11,6,1,,,,58.1,0,0,0,733.0
8,12,6,1,,,,54.6,0,0,0,705.0
8,13,6,1,,,,56.2,0,0,0,635.0
8,14,6,1,,,,61.5,0,0,0,631.0
8,15,6,1,,,,59.3,0,0,0,510.0
8,16,6,1,,,,58.2,0,0,0,258.0
8,17,6,1,,,,54.8,0,0,0,156.0
8,18,6,1,,,,48.7,0,0,0,26.0
8,19,6,1,,,,43.0,0,0,0,0.0
8,20,6,1,,,,42.4,0,0,0,0.0
8,21,6,1,,,,41.2,0,0,0,0.0
8,22,6,1,,,,43.9,0,0,0,0.0
8,23,6,1,,,,42.0,0,0,0,0.0
8,24,6,1,,,,40.7,0,0,0,0.0
8,1,7,1,,,,40.1,0,0,0,0.0
8,2,7,1,,,,40.4,0,0,0,0.0
8,3,7,1,,,,42.1,0,0,0,0.0
8,4,7,1,,,,43.9,0,0,0,0.0
8,5,7,1,,,,44.6,0,0,0,32.0
8,6,7,1,,,,43.5,0,0,0,246.0
8,7,7,1,,,,42.4,0,0,0,610.0
8,8,7,1,,,,43.4,0,0,0,770.0
8,9,7,1,,,,44.6,0,0,0,808.0
8,10,7,1,,,,43.3,0,0,0,827.0
8,11,7,1,,,,43.6,0,0,0,831.0
8,12,7,1,,,,39.9,0,0,0,823.0
8,13,7,1,,,,42.2,0,0,0,806.0
8,14,7,1,,,,45.0,0,0,0,774.0
8,15,7,1,,,,43.6,0,0,0,703.0
8,16,7,1,,,,42.6,0,0,0,609.0
8,17,7,1,,,,41.2,0,0,0,427.0
8,18,7,1,,,,41.8,0,0,0,151.0
8,19,7,1,,,,42.9,0,0,0,0.0
8,20,7,1,,,,42.7,0,0,0,0.0
8,21,7,1,,,,42.6,0,0,0,0.0
8,22,7,1,,,,42.2,0,0,0,0.0
8,23,7,1,,,,41.0,0,0,0,0.0
8,24,7,1,,,,41.1,0,0,0,0.0
8,1,1,1,,,,40.2,0,0,0,0.0
8,2,1,1,,,,40.4,0,0,0,0.0
8,3,1,1,,,,39.8,0,0,0,0.0
8,4,1,1,,,,39.1,0,0,0,0.0
8,5,1,1,,,,37.6,0,0,0,236.0
8,6,1,1,,,,40.8,0,0,0,534.0
8,7,1,1,,,,40.9,0,0,0,695.0
8,8,1,1,,,,40.7,0,0,0,761.0
8,9,1,1,,,,39.4,0,0,0,791.0
8,10,1,1,,,,39.5,0,0,0,800.0
8,11,1,1,,,,40.5,0,0,0,789.0
8,12,1,1,,,,39.0,0,0,0,737.0
8,13,1,1,,,,42.9,0,0,0,716.0
8,14,1,1,,,,44.5,0,0,0,556.0
8,15,1,1,,,,44.8,0,0,0,316.0
8,16,1,1,,,,43.5,0,0,0,287.0
8,17,1,1,,,,42.4,0,0,0,356.0
8,18,1,1,,,,42.8,0,0,0,107.0
8,19,1,1,,,,42.6,0,0,0,0.0
8,20,1,1,,,,43.8,0,0,0,0.0
8,21,1,1,,,,43.2,0,0,0,0.0
8,22,1,1,,,,42.2,0,0,0,0.0
8,23,1,1,,,,42.4,0,0,0,0.0
8,24,1,1,,,,41.8,0,0,0,0.0
8,1,2,1,,,,41.4,0,0,0,0.0
8,2,2,1,,,,41.4,0,0,0,0.0
8,3,2,1,,,,44.1,0,0,0,0.0
8,4,2,1,,,,44.8,0,0,0,0.0
8,5,2,1,,,,44.1,0,0,0,34.0
8,6,2,1,,,,43.6,0,0,0,109.0
8,7,2,1,,,,42.9,0,0,0,160.0
8,8,2,1,,,,47.2,0,0,0,141.0
8,9,2,1,,,,53.1,0,0,0,215.0
8,10,2,1,,,,58.9,0,0,0,343.0
8,11,2,1,,,,65.2,0,0,0,503.0
8,12,2,1,,,,61.9,0,0,0,682.0
8,13,2,1,,,,63.4,0,0,0,722.0
8,14,2,1,,,,62.0,0,0,0,674.0
8,15,2,1,,,,61.3,0,0,0,525.0
8,16,2,1,,,,59.6,0,0,0,380.0
8,17,2,1,,,,55.4,0,0,0,179.0
8,18,2,1,,,,48.1,0,0,0,69.0
8,19,2,1,,,,45.5,0,0,0,0.0
8,20,2,1,,,,46.6,0,0,0,0.0
8,21,2,1,,,,45.9,0,0,0,0.0
8,22,2,1,,,,45.0,0,0,0,0.0
8,23,2,1,,,,44.6,0,0,0,0.0
8,24,2,1,,,,43.1,0,0,0,0.0
8,1,3,1,,,,39.5,0,0,0,0.0
8,2,3,1,,,,39.2,0,0,0,0.0
8,3,3,1,,,,39.8,0,0,0,0.0
8,4,3,1,,,,39.2,0,0,0,0.0
8,5,3,1,,,,39.1,0,0,0,26.0
8,6,3,1,,,,37.9,0,0,0,70.0
8,7,3,1,,,,39.4,0,0,0,94.0
8,8,3,1,,,,50.1,0,0,0,264.0
8,9,3,1,,,,53.9,0,0,0,309.0
8,10,3,1,,,,58.3,0,0,0,223.0
8,11,3,1,,,,59.4,0,0,0,333.0
8,12,3,1,,,,60.0,0,0,0,476.0
8,13,3,1,,,,66.0,0,0,0,307.0
8,14,3,1,,,,64.2,0,0,0,184.0
8,15,3,1,,,,61.8,0,0,0,266.0
8,16,3,1,,,,57.2,0,0,0,346.0
8,17,3,1,,,,52.0,0,0,0,190.0
8,18,3,1,,,,45.9,0,0,0,44.0
8,19,3,1,,,,44.2,0,0,0,0.0
8,20,3,1,,,,44.2,0,0,0,0.0
8,21,3,1,,,,42.5,0,0,0,0.0
8,22,3,1,,,,40.6,0,0,0,0.0
8,23,3,1,,,,39.9,0,0,0,0.0
8,24,3,1,,,,42.6,0,0,0,0.0
8,1,4,1,,,,44.9,0,0,0,0.0
8,2,4,1,,,,44.8,0,0,0,0.0
8,3,4,1,,,,39.9,0,0,0,0.0
8,4,4,1,,,,38.8,0,0,0,0.0
8,5,4,1,,,,41.8,0,0,0,266.0
8,6,4,1,,,,39.9,0,0,0,528.0
8,7,4,1,,,,41.3,0,0,0,629.0
8,8,4,1,,,,43.0,0,0,0,347.0
8,9,4,1,,,,46.7,0,0,0,273.0
8,10,4,1,,,,49.2,0,0,0,416.0
8,11,4,1,,,,50.2,0,0,0,656.0
8,12,4,1,,,,49.4,0,0,0,705.0
8,13,4,1,,,,54.6,0,0,0,745.0
8,14,4,1,,,,55.1,0,0,0,757.0
8,15,4,1,,,,53.1,0,0,0,700.0
8,16,4,1,,,,51.5,0,0,0,466.0
8,17,4,1,,,,50.5,0,0,0,191.0
8,18,4,1,,,,45.6,0,0,0,72.0
8,19,4,1,,,,44.4,0,0,0,0.0
8,20,4,1,,,,43.1,0,0,0,0.0
8,21,4,1,,,,47.3,0,0,0,0.0
8,22,4,1,,,,44.4,0,0,0,0.0
8,23,4,1,,,,41.8,0,0,0,0.0
8,24,4,1,,,,40.5,0,0,0,0.0
8,1,5,1,,,,41.7,0,0,0,0.0
8,2,5,1,,,,44.0,0,0,0,0.0
8,3,5,1,,,,42.8,0,0,0,0.0
8,4,5,1,,,,40.5,0,0,0,0.0
8,5,5,1,,,,42.0,0,0,0,21.0
8,6,5,1,,,,41.8,0,0,0,419.0
8,7,5,1,,,,43.7,0,0,0,567.0
8,8,5,1,,,,47.1,0,0,0,559.0
8,9,5,1,,,,50.4,0,0,0,611.0
8,10,5,1,,,,52.0,0,0,0,447.0
8,11,5,1,,,,52.7,0,0,0,399.0
8,12,5,1,,,,51.5,0,0,0,338.0
8,13,5,1,,,,53.8,0,0,0,266.0
8,14,5,1,,,,54.1,0,0,0,279.0
8,15,5,1,,,,54.6,0,0,0,273.0
8,16,5,1,,,,53.4,0,0,0,213.0
8,17,5,1,,,,47.6,0,0,0,80.0
8,18,5,1,,,,44.7,0,0,0,5.0
8,19,5,1,,,,45.0,0,0,0,0.0
8,20,5,1,,,,42.5,0,0,0,0.0
8,21,5,1,,,,42.5,0,0,0,0.0
8,22,5,1,,,,43.0,0,0,0,0.0
8,23,5,1,,,,42.5,0,0,0,0.0
8,24,5,1,,,,40.5,0,0,0,0.0
8,1,6,1,,,,42.8,0,0,0,0.0
8,2,6,1,,,,45.2,0,0,0,0.0
8,3,6,1,,,,44.8,0,0,0,0.0
8,4,6,1,,,,40.6,0,0,0,0.0
8,5,6,1,,,,44.0,0,0,0,152.0
8,6,6,1,,,,39.0,0,0,0,414.0
8,7,6,1,,,,44.9,0,0,0,336.0
8,8,6,1,,,,49.6,0,0,0,318.0
8,9,6,1,,,,52.1,0,0,0,607.0
8,10,6,1,,,,51.4,0,0,0,750.0
8,11,6,1,,,,51.5,0,0,0,729.0
8,12,6,1,,,,51.8,0,0,0,700.0
8,13,6,1,,,,54.0,0,0,0,517.0
8,14,6,1,,,,52.8,0,0,0,264.0
8,15,6,1,,,,51.6,0,0,0,148.0
8,16,6,1,,,,50.1,0,0,0,143.0
8,17,6,1,,,,46.5,0,0,0,86.0
8,18,6,1,,,,40.9,0,0,0,13.0
8,19,6,1,,,,38.5,0,0,0,0.0
8,20,6,1,,,,37.1,0,0,0,0.0
8,21,6,1,,,,37.7,0,0,0,0.0
8,22,6,1,,,,36.4,0,0,0,0.0
8,23,6,1,,,,35.3,0,0,0,0.0
8,24,6,1,,,,35.0,0,0,0,0.0
8,1,7,1,,,,35.5,0,0,0,0.0
8,2,7,1,,,,35.4,0,0,0,0.0
8,3,7,1,,,,35.5,0,0,0,0.0
8,4,7,1,,,,35.6,0,0,0,0.0
8,5,7,1,,,,35.2,0,0,0,108.0
8,6,7,1,,,,35.2,0,0,0,301.0
8,7,7,1,,,,39.4,0,0,0,451.0
8,8,7,1,,,,35.7,0,0,0,607.0
8,9,7,1,,,,35.7,0,0,0,685.0
8,10,7,1,,,,35.4,0,0,0,643.0
8,11,7,1,,,,36.0,0,0,0,581.0
8,12,7,1,,,,33.9,0,0,0,487.0
8,13,7,1,,,,35.3,0,0,0,379.0
8,14,7,1,,,,36.4,0,0,0,243.0
8,15,7,1,,,,36.1,0,0,0,183.0
8,16,7,1,,,,35.6,0,0,0,148.0
8,17,7,1,,,,37.0,0,0,0,71.0
8,18,7,1,,,,34.2,0,0,0,15.0
8,19,7,1,,,,34.8,0,0,0,0.0
8,20,7,1,,,,35.4,0,0,0,0.0
8,21,7,1,,,,35.2,0,0,0,0.0
8,22,7,1,,,,37.2,0,0,0,0.0
8,23,7,1,,,,39.6,0,0,0,0.0
8,24,7,1,,,,39.3,0,0,0,0.0
8,1,1,1,,,,38.8,0,0,0,0.0
8,2,1,1,,,,37.5,0,0,0,0.0
8,3,1,1,,,,37.4,0,0,0,0.0
8,4,1,1,,,,39.1,0,0,0,0.0
8,5,1,1,,,,39.2,0,0,0,89.0
8,6,1,1,,,,37.8,0,0,0,315.0
8,7,1,1,,,,34.9,0,0,0,543.0
8,8,1,1,,,,38.1,0,0,0,716.0
8,9,1,1,,,,38.4,0,0,0,807.0
8,10,1,1,,,,37.2,0,0,0,832.0
8,11,1,1,,,,34.1,0,0,0,827.0
8,12,1,1,,,,32.6,0,0,0,763.0
8,13,1,1,,,,34.8,0,0,0,708.0
8,14,1,1,,,,35.6,0,0,0,641.0
8,15,1,1,,,,36.3,0,0,0,483.0
8,16,1,1,,,,35.4,0,0,0,309.0
8,17,1,1,,,,35.1,0,0,0,212.0
8,18,1,1,,,,34.9,0,0,0,65.0
8,19,1,1,,,,34.7,0,0,0,0.0
8,20,1,1,,,,36.7,0,0,0,0.0
8,21,1,1,,,,36.3,0,0,0,0.0
8,22,1,1,,,,37.5,0,0,0,0.0
8,23,1,1,,,,37.2,0,0,0,0.0
8,24,1,1,,,,39.4,0,0,0,0.0
8,1,2,1,,,,39.6,0,0,0,0.0
8,2,2,1,,,,37.0,0,0,0,0.0
8,3,2,1,,,,37.0,0,0,0,0.0
8,4,2,1,,,,38.1,0,0,0,0.0
8,5,2,1,,,,35.1,0,0,0,81.0
8,6,2,1,,,,36.8,0,0,0,115.0
8,7,2,1,,,,37.5,0,0,0,153.0
8,8,2,1,,,,38.9,0,0,0,258.0
8,9,2,1,,,,36.4,0,0,0,324.0
8,10,2,1,,,,42.4,0,0,0,343.0
8,11,2,1,,,,42.4,0,0,0,389.0
8,12,2,1,,,,39.0,0,0,0,380.0
8,13,2,1,,,,39.0,0,0,0,289.0
8,14,2,1,,,,39.8,0,0,0,269.0
8,15,2,1,,,,40.0,0,0,0,150.0
8,16,2,1,,,,40.3,0,0,0,68.0
8,17,2,1,,,,39.8,0,0,0,30.0
8,18,2,1,,,,39.8,0,0,0,3.0
8,19,2,1,,,,40.7,0,0,0,0.0
8,20,2,1,,,,41.3,0,0,0,0.0
8,21,2,1,,,,39.6,0,0,0,0.0
8,22,2,1,,,,38.6,0,0,0,0.0
8,23,2,1,,,,38.6,0,0,0,0.0
8,24,2,1,,,,38.8,0,0,0,0.0
8,1,3,1,,,,41.2,0,0,0,0.0
8,2,3,1,,,,38.4,0,0,0,0.0
8,3,3,1,,,,41.2,0,0,0,0.0
8,4,3,1,,,,36.4,0,0,0,0.0
8,5,3,1,,,,38.2,0,0,0,139.0
8,6,3,1,,,,37.8,0,0,0,507.0
8,7,3,1,,,,35.3,0,0,0,733.0
8,8,3,1,,,,42.6,0,0,0,812.0
8,9,3,1,,,,45.5,0,0,0,839.0
8,10,3,1,,,,46.1,0,0,0,842.0
8,11,3,1,,,,50.0,0,0,0,840.0
8,12,3,1,,,,46.4,0,0,0,806.0
8,13,3,1,,,,47.9,0,0,0,705.0
8,14,3,1,,,,49.2,0,0,0,646.0
8,15,3,1,,,,49.1,0,0,0,422.0
8,16,3,1,,,,46.8,0,0,0,213.0
8,17,3,1,,,,42.8,0,0,0,187.0
8,18,3,1,,,,39.3,0,0,0,77.0
8,19,3,1,,,,40.6,0,0,0,0.0
8,20,3,1,,,,41.5,0,0,0,0.0
8,21,3,1,,,,40.5,0,0,0,0.0
8,22,3,1,,,,40.1,0,0,0,0.0
8,23,3,1,,,,37.8,0,0,0,0.0
8,24,3,1,,,,38.5,0,0,0,0.0
8,1,4,1,,,,42.9,0,0,0,0.0
8,2,4,1,,,,37.2,0,0,0,0.0
8,3,4,1,,,,40.3,0,0,0,0.0
8,4,4,1,,,,40.3,0,0,0,0.0
8,5,4,1,,,,38.6,0,0,0,101.0
8,6,4,1,,,,38.1,0,0,0,359.0
8,7,4,1,,,,40.4,0,0,0,206.0
8,8,4,1,,,,40.3,0,0,0,314.0
8,9,4,1,,,,46.1,0,0,0,393.0
8,10,4,1,,,,48.6,0,0,0,280.0
8,11,4,1,,,,57.4,0,0,0,214.0
8,12,4,1,,,,57.0,0,0,0,198.0
8,13,4,1,,,,54.8,0,0,0,218.0
8,14,4,1,,,,53.0,0,0,0,288.0
8,15,4,1,,,,54.8,0,0,0,386.0
8,16,4,1,,,,55.0,0,0,0,335.0
8,17,4,1,,,,52.2,0,0,0,142.0
8,18,4,1,,,,48.1,0,0,0,56.0
8,19,4,1,,,,42.8,0,0,0,0.0
8,20,4,1,,,,43.6,0,0,0,0.0
8,21,4,1,,,,42.0,0,0,0,0.0
8,22,4,1,,,,40.8,0,0,0,0.0
8,23,4,1,,,,41.2,0,0,0,0.0
8,24,4,1,,,,38.9,0,0,0,0.0
8,1,5,1,,,,41.0,0,0,0,0.0
8,2,5,1,,,,41.2,0,0,0,0.0
8,3,5,1,,,,39.4,0,0,0,0.0
8,4,5,1,,,,40.9,0,0,0,0.0
8,5,5,1,,,,37.6,0,0,0,51.0
8,6,5,1,,,,39.6,0,0,0,273.0
8,7,5,1,,,,41.1,0,0,0,524.0
8,8,5,1,,,,45.2,0,0,0,664.0
8,9,5,1,,,,52.8,0,0,0,673.0
8,10,5,1,,,,52.4,0,0,0,644.0
8,11,5,1,,,,57.1,0,0,0,563.0
8,12,5,1,,,,53.9,0,0,0,391.0
8,13,5,1,,,,55.9,0,0,0,270.0
8,14,5,1,,,,56.8,0,0,0,322.0
8,15,5,1,,,,61.4,0,0,0,332.0
8,16,5,1,,,,56.5,0,0,0,267.0
8,17,5,1,,,,53.0,0,0,0,101.0
8,18,5,1,,,,48.4,0,0,0,11.0
8,19,5,1,,,,46.1,0,0,0,0.0
8,20,5,1,,,,46.7,0,0,0,0.0
8,21,5,1,,,,44.3,0,0,0,0.0
8,22,5,1,,,,44.2,0,0,0,0.0
8,23,5,1,,,,44.4,0,0,0,0.0
8,24,5,1,,,,44.5,0,0,0,0.0
8,1,6,1,,,,39.5,0,0,0,0.0
8,2,6,1,,,,41.5,0,0,0,0.0
8,3,6,1,,,,41.1,0,0,0,0.0
8,4,6,1,,,,42.1,0,0,0,0.0
8,5,6,1,,,,39.2,0,0,0,129.0
8,6,6,1,,,,39.9,0,0,0,542.0
8,7,6,1,,,,40.9,0,0,0,758.0
8,8,6,1,,,,44.2,0,0,0,838.0
8,9,6,1,,,,48.1,0,0,0,878.0
8,10,6,1,,,,50.1,0,0,0,900.0
8,11,6,1,,,,51.2,0,0,0,901.0
8,12,6,1,,,,50.3,0,0,0,831.0
8,13,6,1,,,,51.4,0,0,0,684.0
8,14,6,1,,,,53.5,0,0,0,659.0
8,15,6,1,,,,53.0,0,0,0,487.0
8,16,6,1,,,,52.8,0,0,0,287.0
8,17,6,1,,,,49.9,0,0,0,121.0
8,18,6,1,,,,50.2,0,0,0,18.0
8,19,6,1,,,,47.6,0,0,0,0.0
8,20,6,1,,,,45.4,0,0,0,0.0
8,21,6,1,,,,44.8,0,0,0,0.0
8,22,6,1,,,,43.8,0,0,0,0.0
8,23,6,1,,,,42.9,0,0,0,0.0
8,24,6,1,,,,42.6,0,0,0,0.0
9,1,7,1,,,,43.8,0,0,0,0.0
9,2,7,1,,,,43.5,0,0,0,0.0
9,3,7,1,,,,43.3,0,0,0,0.0
9,4,7,1,,,,42.7,0,0,0,0.0
9,5,7,1,,,,43.9,0,0,0,4.0
9,6,7,1,,,,47.4,0,0,0,32.0
9,7,7,1,,,,50.4,0,0,0,66.0
9,8,7,1,,,,57.8,0,0,0,124.0
9,9,7,1,,,,64.6,0,0,0,201.0
9,10,7,1,,,,64.8,0,0,0,263.0
9,11,7,1,,,,65.1,0,0,0,361.0
9,12,7,1,,,,65.1,0,0,0,558.0
9,13,7,1,,,,66.5,0,0,0,474.0
9,14,7,1,,,,65.2,0,0,0,328.0
9,15,7,1,,,,61.5,0,0,0,129.0
9,16,7,1,,,,59.5,0,0,0,51.0
9,17,7,1,,,,56.2,0,0,0,27.0
9,18,7,1,,,,47.4,0,0,0,8.0
9,19,7,1,,,,41.2,0,0,0,0.0
9,20,7,1,,,,40.9,0,0,0,0.0
9,21,7,1,,,,44.9,0,0,0,0.0
9,22,7,1,,,,44.4,0,0,0,0.0
9,23,7,1,,,,43.2,0,0,0,0.0
9,24,7,1,,,,43.6,0,0,0,0.0
9,1,1,1,,,,43.0,0,0,0,0.0
9,2,1,1,,,,42.9,0,0,0,0.0
9,3,1,1,,,,47.1,0,0,0,0.0
9,4,1,1,,,,46.4,0,0,0,0.0
9,5,1,1,,,,45.7,0,0,0,1.0
9,6,1,1,,,,45.5,0,0,0,20.0
9,7,1,1,,,,45.7,0,0,0,48.0
9,8,1,1,,,,47.0,0,0,0,95.0
9,9,1,1,,,,44.6,0,0,0,164.0
9,10,1,1,,,,42.3,0,0,0,318.0
9,11,1,1,,,,44.4,0,0,0,447.0
9,12,1,1,,,,42.9,0,0,0,430.0
9,13,1,1,,,,44.8,0,0,0,408.0
9,14,1,1,,,,45.6,0,0,0,329.0
9,15,1,1,,,,46.0,0,0,0,219.0
9,16,1,1,,,,48.7,0,0,0,176.0
9,17,1,1,,,,41.8,0,0,0,127.0
9,18,1,1,,,,40.8,0,0,0,11.0
9,19,1,1,,,,41.1,0,0,0,0.0
9,20,1,1,,,,44.2,0,0,0,0.0
9,21,1,1,,,,46.2,0,0,0,0.0
9,22,1,1,,,,46.0,0,0,0,0.0
9,23,1,1,,,,45.5,0,0,0,0.0
9,24,1,1,,,,45.2,0,0,0,0.0
9,1,2,1,,,,45.7,0,0,0,0.0
9,2,2,1,,,,45.5,0,0,0,0.0
9,3,2,1,,,,45.6,0,0,0,0.0
9,4,2,1,,,,47.6,0,0,0,0.0
9,5,2,1,,,,43.9,0,0,0,60.0
9,6,2,1,,,,43.6,0,0,0,316.0
9,7,2,1,,,,43.8,0,0,0,368.0
9,8,2,1,,,,44.7,0,0,0,467.0
9,9,2,1,,,,45.2,0,0,0,670.0
9,10,2,1,,,,45.2,0,0,0,807.0
9,11,2,1,,,,45.0,0,0,0,788.0
9,12,2,1,,,,43.9,0,0,0,772.0
9,13,2,1,,,,46.1,0,0,0,743.0
9,14,2,1,,,,47.7,0,0,0,559.0
9,15,2,1,,,,46.4,0,0,0,403.0
9,16,2,1,,,,45.8,0,0,0,371.0
9,17,2,1,,,,46.6,0,0,0,261.0
9,18,2,1,,,,48.0,0,0,0,34.0
9,19,2,1,,,,46.5,0,0,0,0.0
9,20,2,1,,,,43.4,0,0,0,0.0
9,21,2,1,,,,45.2,0,0,0,0.0
9,22,2,1,,,,45.5,0,0,0,0.0
9,23,2,1,,,,45.2,0,0,0,0.0
9,24,2,1,,,,44.9,0,0,0,0.0
9,1,3,1,,,,46.0,0,0,0,0.0
9,2,3,1,,,,45.0,0,0,0,0.0
9,3,3,1,,,,44.9,0,0,0,0.0
9,4,3,1,,,,44.9,0,0,0,0.0
9,5,3,1,,,,44.2,0,0,0,43.0
9,6,3,1,,,,43.8,0,0,0,354.0
9,7,3,1,,,,42.4,0,0,0,596.0
9,8,3,1,,,,45.6,0,0,0,719.0
9,9,3,1,,,,46.6,0,0,0,759.0
9,10,3,1,,,,47.4,0,0,0,731.0
9,11,3,1,,,,53.8,0,0,0,717.0
9,12,3,1,,,,53.6,0,0,0,648.0
9,13,3,1,,,,56.5,0,0,0,586.0
9,14,3,1,,,,53.5,0,0,0,448.0
9,15,3,1,,,,50.6,0,0,0,328.0
9,16,3,1,,,,50.2,0,0,0,236.0
9,17,3,1,,,,47.6,0,0,0,154.0
9,18,3,1,,,,49.0,0,0,0,20.0
9,19,3,1,,,,46.8,0,0,0,0.0
9,20,3,1,,,,46.6,0,0,0,0.0
9,21,3,1,,,,45.6,0,0,0,0.0
9,22,3,1,,,,44.2,0,0,0,0.0
9,23,3,1,,,,44.5,0,0,0,0.0
9,24,3,1,,,,42.3,0,0,0,0.0
9,1,4,1,,,,44.7,0,0,0,0.0
9,2,4,1,,,,42.2,0,0,0,0.0
9,3,4,1,,,,44.4,0,0,0,0.0
9,4,4,1,,,,42.5,0,0,0,0.0
9,5,4,1,,,,44.5,0,0,0,71.0
9,6,4,1,,,,43.2,0,0,0,485.0
9,7,4,1,,,,43.4,0,0,0,738.0
9,8,4,1,,,,45.9,0,0,0,799.0
9,9,4,1,,,,50.8,0,0,0,803.0
9,10,4,1,,,,51.7,0,0,0,859.0
9,11,4,1,,,,52.9,0,0,0,895.0
9,12,4,1,,,,52.3,0,0,0,891.0
9,13,4,1,,,,56.9,0,0,0,881.0
9,14,4,1,,,,54.2,0,0,0,858.0
9,15,4,1,,,,51.1,0,0,0,807.0
9,16,4,1,,,,54.9,0,0,0,711.0
9,17,4,1,,,,55.0,0,0,0,491.0
9,18,4,1,,,,51.5,0,0,0,50.0
9,19,4,1,,,,49.4,0,0,0,0.0
9,20,4,1,,,,46.5,0,0,0,0.0
9,21,4,1,,,,48.1,0,0,0,0.0
9,22,4,1,,,,46.3,0,0,0,0.0
9,23,4,1,,,,46.2,0,0,0,0.0
9,24,4,1,,,,46.6,0,0,0,0.0
9,1,5,1,,,,46.8,0,0,0,0.0
9,2,5,1,,,,47.1,0,0,0,0.0
9,3,5,1,,,,46.2,0,0,0,0.0
9,4,5,1,,,,45.5,0,0,0,0.0
9,5,5,1,,,,46.0,0,0,0,25.0
9,6,5,1,,,,45.1,0,0,0,225.0
9,7,5,1,,,,47.8,0,0,0,394.0
9,8,5,1,,,,54.9,0,0,0,346.0
9,9,5,1,,,,59.5,0,0,0,341.0
9,10,5,1,,,,63.9,0,0,0,461.0
9,11,5,1,,,,65.0,0,0,0,689.0
9,12,5,1,,,,62.9,0,0,0,837.0
9,13,5,1,,,,61.9,0,0,0,799.0
9,14,5,1,,,,61.3,0,0,0,676.0
9,15,5,1,,,,60.1,0,0,0,588.0
9,16,5,1,,,,56.0,0,0,0,547.0
9,17,5,1,,,,51.6,0,0,0,358.0
9,18,5,1,,,,48.0,0,0,0,29.0
9,19,5,1,,,,46.8,0,0,0,0.0
9,20,5,1,,,,47.7,0,0,0,0.0
9,21,5,1,,,,50.6,0,0,0,0.0
9,22,5,1,,,,49.8,0,0,0,0.0
9,23,5,1,,,,47.6,0,0,0,0.0
9,24,5,1,,,,50.4,0,0,0,0.0
9,1,6,1,,,,46.8,0,0,0,0.0
9,2,6,1,,,,47.2,0,0,0,0.0
9,3,6,1,,,,47.2,0,0,0,0.0
9,4,6,1,,,,46.6,0,0,0,0.0
9,5,6,1,,,,45.3,0,0,0,40.0
9,6,6,1,,,,45.8,0,0,0,439.0
9,7,6,1,,,,47.6,0,0,0,679.0
9,8,6,1,,,,56.5,0,0,0,776.0
9,9,6,1,,,,57.4,0,0,0,818.0
9,10,6,1,,,,62.7,0,0,0,839.0
9,11,6,1,,,,64.9,0,0,0,847.0
9,12,6,1,,,,65.1,0,0,0,845.0
9,13,6,1,,,,69.5,0,0,0,833.0
9,14,6,1,,,,71.0,0,0,0,807.0
9,15,6,1,,,,66.5,0,0,0,758.0
9,16,6,1,,,,66.0,0,0,0,659.0
9,17,6,1,,,,59.5,0,0,0,437.0
9,18,6,1,,,,50.6,0,0,0,31.0
9,19,6,1,,,,47.4,0,0,0,0.0
9,20,6,1,,,,48.4,0,0,0,0.0
9,21,6,1,,,,48.9,0,0,0,0.0
9,22,6,1,,,,47.6,0,0,0,0.0
9,23,6,1,,,,47.2,0,0,0,0.0
9,24,6,1,,,,45.0,0,0,0,0.0
9,1,7,1,,,,47.3,0,0,0,0.0
9,2,7,1,,,,47.6,0,0,0,0.0
9,3,7,1,,,,47.0,0,0,0,0.0
9,4,7,1,,,,45.0,0,0,0,0.0
9,5,7,1,,,,45.8,0,0,0,35.0
9,6,7,1,,,,44.0,0,0,0,437.0
9,7,7,1,,,,50.6,0,0,0,677.0
9,8,7,1,,,,55.8,0,0,0,779.0
9,9,7,1,,,,61.5,0,0,0,834.0
9,10,7,1,,,,62.5,0,0,0,860.0
9,11,7,1,,,,68.0,0,0,0,870.0
9,12,7,1,,,,72.0,0,0,0,868.0
9,13,7,1,,,,69.1,0,0,0,857.0
9,14,7,1,,,,68.0,0,0,0,819.0
9,15,7,1,,,,66.3,0,0,0,672.0
9,16,7,1,,,,62.1,0,0,0,319.0
9,17,7,1,,,,56.6,0,0,0,103.0
9,18,7,1,,,,50.8,0,0,0,5.0
9,19,7,1,,,,47.0,0,0,0,0.0
9,20,7,1,,,,46.0,0,0,0,0.0
9,21,7,1,,,,48.4,0,0,0,0.0
9,22,7,1,,,,47.0,0,0,0,0.0
9,23,7,1,,,,46.8,0,0,0,0.0
9,24,7,1,,,,47.1,0,0,0,0.0
9,1,1,1,,,,46.9,0,0,0,0.0
9,2,1,1,,,,47.4,0,0,0,0.0
9,3,1,1,,,,47.0,0,0,0,0.0
9,4,1,1,,,,44.0,0,0,0,0.0
9,5,1,1,,,,47.1,0,0,0,29.0
9,6,1,1,,,,46.2,0,0,0,430.0
9,7,1,1,,,,46.2,0,0,0,665.0
9,8,1,1,,,,45.5,0,0,0,768.0
9,9,1,1,,,,44.9,0,0,0,812.0
9,10,1,1,,,,46.2,0,0,0,835.0
9,11,1,1,,,,48.1,0,0,0,844.0
9,12,1,1,,,,46.9,0,0,0,837.0
9,13,1,1,,,,45.7,0,0,0,792.0
9,14,1,1,,,,50.1,0,0,0,596.0
9,15,1,1,,,,50.0,0,0,0,414.0
9,16,1,1,,,,45.1,0,0,0,348.0
9,17,1,1,,,,43.4,0,0,0,124.0
9,18,1,1,,,,46.2,0,0,0,2.0
9,19,1,1,,,,43.6,0,0,0,0.0
9,20,1,1,,,,44.0,0,0,0,0.0
9,21,1,1,,,,47.0,0,0,0,0.0
9,22,1,1,,,,47.5,0,0,0,0.0
9,23,1,1,,,,44.0,0,0,0,0.0
9,24,1,1,,,,46.2,0,0,0,0.0
9,1,2,1,,,,46.0,0,0,0,0.0
9,2,2,1,,,,45.8,0,0,0,0.0
9,3,2,1,,,,42.8,0,0,0,0.0
9,4,2,1,,,,45.5,0,0,0,0.0
9,5,2,1,,,,42.4,0,0,0,3.0
9,6,2,1,,,,44.2,0,0,0,169.0
9,7,2,1,,,,44.8,0,0,0,415.0
9,8,2,1,,,,45.1,0,0,0,672.0
9,9,2,1,,,,45.0,0,0,0,722.0
9,10,2,1,,,,40.6,0,0,0,667.0
9,11,2,1,,,,45.7,0,0,0,503.0
9,12,2,1,,,,38.8,0,0,0,385.0
9,13,2,1,,,,41.0,0,0,0,408.0
9,14,2,1,,,,41.8,0,0,0,359.0
9,15,2,1,,,,42.0,0,0,0,231.0
9,16,2,1,,,,42.4,0,0,0,147.0
9,17,2,1,,,,44.9,0,0,0,40.0
9,18,2,1,,,,44.8,0,0,0,0.0
9,19,2,1,,,,44.6,0,0,0,0.0
9,20,2,1,,,,42.6,0,0,0,0.0
9,21,2,1,,,,43.8,0,0,0,0.0
9,22,2,1,,,,42.2,0,0,0,0.0
9,23,2,1,,,,41.7,0,0,0,0.0
9,24,2,1,,,,45.9,0,0,0,0.0
9,1,3,1,,,,45.5,0,0,0,0.0
9,2,3,1,,,,45.8,0,0,0,0.0
9,3,3,1,,,,46.2,0,0,0,0.0
9,4,3,1,,,,43.3,0,0,0,0.0
9,5,3,1,,,,43.6,0,0,0,5.0
9,6,3,1,,,,45.6,0,0,0,397.0
9,7,3,1,,,,50.4,0,0,0,699.0
9,8,3,1,,,,55.8,0,0,0,805.0
9,9,3,1,,,,67.1,0,0,0,830.0
9,10,3,1,,,,73.8,0,0,0,831.0
9,11,3,1,,,,74.2,0,0,0,836.0
9,12,3,1,,,,73.3,0,0,0,835.0
9,13,3,1,,,,73.9,0,0,0,771.0
9,14,3,1,,,,70.7,0,0,0,696.0
9,15,3,1,,,,70.7,0,0,0,619.0
9,16,3,1,,,,65.7,0,0,0,444.0
9,17,3,1,,,,60.2,0,0,0,206.0
9,18,3,1,,,,54.9,0,0,0,4.0
9,19,3,1,,,,52.3,0,0,0,0.0
9,20,3,1,,,,50.2,0,0,0,0.0
9,21,3,1,,,,51.8,0,0,0,0.0
9,22,3,1,,,,53.8,0,0,0,0.0
9,23,3,1,,,,49.8,0,0,0,0.0
9,24,3,1,,,,47.8,0,0,0,0.0
9,1,4,1,,,,47.3,0,0,0,0.0
9,2,4,1,,,,47.5,0,0,0,0.0
9,3,4,1,,,,44.7,0,0,0,0.0
9,4,4,1,,,,48.4,0,0,0,0.0
9,5,4,1,,,,50.2,0,0,0,3.0
9,6,4,1,,,,48.7,0,0,0,200.0
9,7,4,1,,,,49.5,0,0,0,484.0
9,8,4,1,,,,59.6,0,0,0,644.0
9,9,4,1,,,,61.1,0,0,0,712.0
9,10,4,1,,,,62.6,0,0,0,682.0
9,11,4,1,,,,67.3,0,0,0,669.0
9,12,4,1,,,,67.1,0,0,0,659.0
9,13,4,1,,,,68.1,0,0,0,581.0
9,14,4,1,,,,66.1,0,0,0,450.0
9,15,4,1,,,,64.6,0,0,0,285.0
9,16,4,1,,,,64.0,0,0,0,147.0
9,17,4,1,,,,60.6,0,0,0,40.0
9,18,4,1,,,,56.2,0,0,0,0.0
9,19,4,1,,,,51.2,0,0,0,0.0
9,20,4,1,,,,48.9,0,0,0,0.0
9,21,4,1,,,,47.4,0,0,0,0.0
9,22,4,1,,,,46.0,0,0,0,0.0
9,23,4,1,,,,45.1,0,0,0,0.0
9,24,4,1,,,,44.7,0,0,0,0.0
9,1,5,1,,,,43.5,0,0,0,0.0
9,2,5,1,,,,46.3,0,0,0,0.0
9,3,5,1,,,,42.3,0,0,0,0.0
9,4,5,1,,,,44.2,0,0,0,0.0
9,5,5,1,,,,43.1,0,0,0,2.0
9,6,5,1,,,,44.8,0,0,0,227.0
9,7,5,1,,,,48.7,0,0,0,593.0
9,8,5,1,,,,55.9,0,0,0,795.0
9,9,5,1,,,,63.4,0,0,0,846.0
9,10,5,1,,,,65.5,0,0,0,850.0
9,11,5,1,,,,69.6,0,0,0,806.0
9,12,5,1,,,,65.1,0,0,0,719.0
9,13,5,1,,,,65.5,0,0,0,648.0
9,14,5,1,,,,64.1,0,0,0,733.0
9,15,5,1,,,,68.1,0,0,0,689.0
9,16,5,1,,,,64.4,0,0,0,641.0
9,17,5,1,,,,61.0,0,0,0,382.0
9,18,5,1,,,,55.0,0,0,0,3.0
9,19,5,1,,,,49.6,0,0,0,0.0
9,20,5,1,,,,48.4,0,0,0,0.0
9,21,5,1,,,,48.6,0,0,0,0.0
9,22,5,1,,,,51.2,0,0,0,0.0
9,23,5,1,,,,48.1,0,0,0,0.0
9,24,5,1,,,,47.4,0,0,0,0.0
9,1,6,1,,,,43.6,0,0,0,0.0
9,2,6,1,,,,47.0,0,0,0,0.0
9,3,6,1,,,,48.9,0,0,0,0.0
9,4,6,1,,,,45.4,0,0,0,0.0
9,5,6,1,,,,48.4,0,0,0,0.0
9,6,6,1,,,,48.4,0,0,0,103.0
9,7,6,1,,,,47.6,0,0,0,233.0
9,8,6,1,,,,54.8,0,0,0,530.0
9,9,6,1,,,,61.7,0,0,0,729.0
9,10,6,1,,,,66.4,0,0,0,806.0
9,11,6,1,,,,64.7,0,0,0,827.0
9,12,6,1,,,,62.8,0,0,0,812.0
9,13,6,1,,,,64.8,0,0,0,800.0
9,14,6,1,,,,63.9,0,0,0,652.0
9,15,6,1,,,,63.0,0,0,0,514.0
9,16,6,1,,,,63.4,0,0,0,310.0
9,17,6,1,,,,60.9,0,0,0,118.0
9,18,6,1,,,,57.5,0,0,0,0.0
9,19,6,1,,,,53.8,0,0,0,0.0
9,20,6,1,,,,50.4,0,0,0,0.0
9,21,6,1,,,,48.2,0,0,0,0.0
9,22,6,1,,,,47.4,0,0,0,0.0
9,23,6,1,,,,47.0,0,0,0,0.0
9,24,6,1,,,,46.9,0,0,0,0.0
9,1,7,1,,,,47.1,0,0,0,0.0
9,2,7,1,,,,47.4,0,0,0,0.0
9,3,7,1,,,,47.3,0,0,0,0.0
9,4,7,1,,,,46.2,0,0,0,0.0
9,5,7,1,,,,46.0,0,0,0,0.0
9,6,7,1,,,,46.4,0,0,0,162.0
9,7,7,1,,,,50.3,0,0,0,479.0
9,8,7,1,,,,57.7,0,0,0,692.0
9,9,7,1,,,,65.7,0,0,0,775.0
9,10,7,1,,,,68.2,0,0,0,764.0
9,11,7,1,,,,69.8,0,0,0,713.0
9,12,7,1,,,,66.9,0,0,0,709.0
9,13,7,1,,,,68.0,0,0,0,714.0
9,14,7,1,,,,66.3,0,0,0,739.0
9,15,7,1,,,,63.7,0,0,0,692.0
9,16,7,1,,,,63.5,0,0,0,471.0
9,17,7,1,,,,58.4,0,0,0,180.0
9,18,7,1,,,,53.2,0,0,0,0.0
9,19,7,1,,,,49.2,0,0,0,0.0
9,20,7,1,,,,47.6,0,0,0,0.0
9,21,7,1,,,,46.8,0,0,0,0.0
9,22,7,1,,,,46.3,0,0,0,0.0
9,23,7,1,,,,46.4,0,0,0,0.0
9,24,7,1,,,,46.2,0,0,0,0.0
9,1,1,1,,,,45.6,0,0,0,0.0
9,2,1,1,,,,45.7,0,0,0,0.0
9,3,1,1,,,,45.9,0,0,0,0.0
9,4,1,1,,,,45.1,0,0,0,0.0
9,5,1,1,,,,44.6,0,0,0,0.0
9,6,1,1,,,,44.7,0,0,0,95.0
9,7,1,1,,,,45.1,0,0,0,279.0
9,8,1,1,,,,45.7,0,0,0,404.0
9,9,1,1,,,,47.2,0,0,0,669.0
9,10,1,1,,,,46.8,0,0,0,736.0
9,11,1,1,,,,46.8,0,0,0,744.0
9,12,1,1,,,,46.4,0,0,0,707.0
9,13,1,1,,,,47.1,0,0,0,649.0
9,14,1,1,,,,48.1,0,0,0,486.0
9,15,1,1,,,,47.2,0,0,0,218.0
9,16,1,1,,,,49.0,0,0,0,118.0
9,17,1,1,,,,43.8,0,0,0,70.0
9,18,1,1,,,,48.5,0,0,0,0.0
9,19,1,1,,,,49.1,0,0,0,0.0
9,20,1,1,,,,46.5,0,0,0,0.0
9,21,1,1,,,,47.7,0,0,0,0.0
9,22,1,1,,,,46.3,0,0,0,0.0
9,23,1,1,,,,45.7,0,0,0,0.0
9,24,1,1,,,,45.5,0,0,0,0.0
9,1,2,1,,,,45.4,0,0,0,0.0
9,2,2,1,,,,45.8,0,0,0,0.0
9,3,2,1,,,,45.4,0,0,0,0.0
9,4,2,1,,,,45.1,0,0,0,0.0
9,5,2,1,,,,44.1,0,0,0,0.0
9,6,2,1,,,,43.3,0,0,0,117.0
9,7,2,1,,,,42.8,0,0,0,432.0
9,8,2,1,,,,45.2,0,0,0,687.0
9,9,2,1,,,,45.2,0,0,0,805.0
9,10,2,1,,,,46.0,0,0,0,860.0
9,11,2,1,,,,46.8,0,0,0,880.0
9,12,2,1,,,,41.7,0,0,0,879.0
9,13,2,1,,,,42.6,0,0,0,851.0
9,14,2,1,,,,45.5,0,0,0,733.0
9,15,2,1,,,,47.2,0,0,0,397.0
9,16,2,1,,,,44.5,0,0,0,95.0
9,17,2,1,,,,43.9,0,0,0,16.0
9,18,2,1,,,,45.4,0,0,0,0.0
9,19,2,1,,,,43.8,0,0,0,0.0
9,20,2,1,,,,47.3,0,0,0,0.0
9,21,2,1,,,,48.8,0,0,0,0.0
9,22,2,1,,,,50.2,0,0,0,0.0
9,23,2,1,,,,49.6,0,0,0,0.0
9,24,2,1,,,,46.8,0,0,0,0.0
9,1,3,1,,,,48.4,0,0,0,0.0
9,2,3,1,,,,43.9,0,0,0,0.0
9,3,3,1,,,,46.5,0,0,0,0.0
9,4,3,1,,,,46.4,0,0,0,0.0
9,5,3,1,,,,45.4,0,0,0,0.0
9,6,3,1,,,,46.0,0,0,0,133.0
9,7,3,1,,,,48.9,0,0,0,480.0
9,8,3,1,,,,53.6,0,0,0,704.0
9,9,3,1,,,,65.2,0,0,0,748.0
9,10,3,1,,,,68.4,0,0,0,742.0
9,11,3,1,,,,67.5,0,0,0,705.0
9,12,3,1,,,,63.9,0,0,0,677.0
9,13,3,1,,,,67.8,0,0,0,710.0
9,14,3,1,,,,69.8,0,0,0,758.0
9,15,3,1,,,,66.6,0,0,0,729.0
9,16,3,1,,,,62.7,0,0,0,600.0
9,17,3,1,,,,58.0,0,0,0,310.0
9,18,3,1,,,,52.3,0,0,0,0.0
9,19,3,1,,,,50.7,0,0,0,0.0
9,20,3,1,,,,49.4,0,0,0,0.0
9,21,3,1,,,,50.6,0,0,0,0.0
9,22,3,1,,,,52.2,0,0,0,0.0
9,23,3,1,,,,48.5,0,0,0,0.0
9,24,3,1,,,,47.3,0,0,0,0.0
9,1,4,1,,,,46.8,0,0,0,0.0
9,2,4,1,,,,47.2,0,0,0,0.0
9,3,4,1,,,,46.8,0,0,0,0.0
9,4,4,1,,,,45.6,0,0,0,0.0
9,5,4,1,,,,48.0,0,0,0,0.0
9,6,4,1,,,,48.9,0,0,0,78.0
9,7,4,1,,,,48.5,0,0,0,389.0
9,8,4,1,,,,55.8,0,0,0,728.0
9,9,4,1,,,,59.8,0,0,0,789.0
9,10,4,1,,,,65.3,0,0,0,801.0
9,11,4,1,,,,68.2,0,0,0,758.0
9,12,4,1,,,,64.3,0,0,0,714.0
9,13,4,1,,,,65.8,0,0,0,689.0
9,14,4,1,,,,65.8,0,0,0,651.0
9,15,4,1,,,,62.8,0,0,0,581.0
9,16,4,1,,,,61.8,0,0,0,295.0
9,17,4,1,,,,59.0,0,0,0,138.0
9,18,4,1,,,,52.9,0,0,0,0.0
9,19,4,1,,,,50.2,0,0,0,0.0
9,20,4,1,,,,50.3,0,0,0,0.0
9,21,4,1,,,,49.6,0,0,0,0.0
9,22,4,1,,,,49.4,0,0,0,0.0
9,23,4,1,,,,48.8,0,0,0,0.0
9,24,4,1,,,,49.2,0,0,0,0.0
9,1,5,1,,,,48.7,0,0,0,0.0
9,2,5,1,,,,47.4,0,0,0,0.0
9,3,5,1,,,,47.1,0,0,0,0.0
9,4,5,1,,,,46.2,0,0,0,0.0
9,5,5,1,,,,45.9,0,0,0,0.0
9,6,5,1,,,,46.3,0,0,0,14.0
9,7,5,1,,,,49.0,0,0,0,64.0
9,8,5,1,,,,56.3,0,0,0,214.0
9,9,5,1,,,,59.8,0,0,0,386.0
9,10,5,1,,,,64.6,0,0,0,576.0
9,11,5,1,,,,67.1,0,0,0,614.0
9,12,5,1,,,,64.1,0,0,0,580.0
9,13,5,1,,,,67.1,0,0,0,517.0
9,14,5,1,,,,66.5,0,0,0,350.0
9,15,5,1,,,,69.3,0,0,0,186.0
9,16,5,1,,,,65.3,0,0,0,63.0
9,17,5,1,,,,59.9,0,0,0,11.0
9,18,5,1,,,,48.5,0,0,0,0.0
9,19,5,1,,,,44.8,0,0,0,0.0
9,20,5,1,,,,43.8,0,0,0,0.0
9,21,5,1,,,,48.0,0,0,0,0.0
9,22,5,1,,,,52.1,0,0,0,0.0
9,23,5,1,,,,46.5,0,0,0,0.0
9,24,5,1,,,,45.4,0,0,0,0.0
9,1,6,1,,,,43.1,0,0,0,0.0
9,2,6,1,,,,45.0,0,0,0,0.0
9,3,6,1,,,,45.7,0,0,0,0.0
9,4,6,1,,,,45.5,0,0,0,0.0
9,5,6,1,,,,47.1,0,0,0,0.0
9,6,6,1,,,,47.7,0,0,0,4.0
9,7,6,1,,,,47.7,0,0,0,27.0
9,8,6,1,,,,51.8,0,0,0,70.0
9,9,6,1,,,,63.5,0,0,0,126.0
9,10,6,1,,,,66.0,0,0,0,195.0
9,11,6,1,,,,66.0,0,0,0,232.0
9,12,6,1,,,,68.4,0,0,0,204.0
9,13,6,1,,,,66.4,0,0,0,174.0
9,14,6,1,,,,67.0,0,0,0,138.0
9,15,6,1,,,,63.1,0,0,0,115.0
9,16,6,1,,,,61.6,0,0,0,64.0
9,17,6,1,,,,56.6,0,0,0,12.0
9,18,6,1,,,,50.6,0,0,0,0.0
9,19,6,1,,,,49.6,0,0,0,0.0
9,20,6,1,,,,48.1,0,0,0,0.0
9,21,6,1,,,,49.6,0,0,0,0.0
9,22,6,1,,,,50.1,0,0,0,0.0
9,23,6,1,,,,47.0,0,0,0,0.0
9,24,6,1,,,,46.8,0,0,0,0.0
9,1,7,1,,,,46.1,0,0,0,0.0
9,2,7,1,,,,46.4,0,0,0,0.0
9,3,7,1,,,,46.3,0,0,0,0.0
9,4,7,1,,,,45.8,0,0,0,0.0
9,5,7,1,,,,47.4,0,0,0,0.0
9,6,7,1,,,,48.3,0,0,0,79.0
9,7,7,1,,,,48.0,0,0,0,247.0
9,8,7,1,,,,55.0,0,0,0,537.0
9,9,7,1,,,,57.7,0,0,0,819.0
9,10,7,1,,,,60.6,0,0,0,851.0
9,11,7,1,,,,63.1,0,0,0,863.0
9,12,7,1,,,,63.4,0,0,0,826.0
9,13,7,1,,,,63.0,0,0,0,778.0
9,14,7,1,,,,64.0,0,0,0,800.0
9,15,7,1,,,,63.6,0,0,0,666.0
9,16,7,1,,,,59.6,0,0,0,361.0
9,17,7,1,,,,57.0,0,0,0,98.0
9,18,7,1,,,,51.0,0,0,0,0.0
9,19,7,1,,,,46.6,0,0,0,0.0
9,20,7,1,,,,45.8,0,0,0,0.0
9,21,7,1,,,,46.0,0,0,0,0.0
9,22,7,1,,,,48.8,0,0,0,0.0
9,23,7,1,,,,45.9,0,0,0,0.0
9,24,7,1,,,,45.6,0,0,0,0.0
9,1,1,1,,,,45.6,0,0,0,0.0
9,2,1,1,,,,44.5,0,0,0,0.0
9,3,1,1,,,,45.7,0,0,0,0.0
9,4,1,1,,,,44.6,0,0,0,0.0
9,5,1,1,,,,44.9,0,0,0,0.0
9,6,1,1,,,,44.4,0,0,0,7.0
9,7,1,1,,,,44.4,0,0,0,53.0
9,8,1,1,,,,44.2,0,0,0,83.0
9,9,1,1,,,,45.2,0,0,0,97.0
9,10,1,1,,,,45.8,0,0,0,103.0
9,11,1,1,,,,46.6,0,0,0,112.0
9,12,1,1,,,,43.7,0,0,0,107.0
9,13,1,1,,,,46.0,0,0,0,87.0
9,14,1,1,,,,45.6,0,0,0,54.0
9,15,1,1,,,,46.4,0,0,0,26.0
9,16,1,1,,,,46.6,0,0,0,8.0
9,17,1,1,,,,46.6,0,0,0,0.0
9,18,1,1,,,,45.0,0,0,0,0.0
9,19,1,1,,,,44.8,0,0,0,0.0
9,20,1,1,,,,45.6,0,0,0,0.0
9,21,1,1,,,,47.4,0,0,0,0.0
9,22,1,1,,,,45.4,0,0,0,0.0
9,23,1,1,,,,45.3,0,0,0,0.0
9,24,1,1,,,,44.8,0,0,0,0.0
9,1,2,1,,,,44.6,0,0,0,0.0
9,2,2,1,,,,44.8,0,0,0,0.0
9,3,2,1,,,,44.5,0,0,0,0.0
9,4,2,1,,,,44.1,0,0,0,0.0
9,5,2,1,,,,48.0,0,0,0,0.0
9,6,2,1,,,,46.4,0,0,0,1.0
9,7,2,1,,,,44.2,0,0,0,30.0
9,8,2,1,,,,44.2,0,0,0,64.0
9,9,2,1,,,,44.0,0,0,0,80.0
9,10,2,1,,,,43.8,0,0,0,92.0
9,11,2,1,,,,44.8,0,0,0,108.0
9,12,2,1,,,,44.0,0,0,0,121.0
9,13,2,1,,,,44.9,0,0,0,110.0
9,14,2,1,,,,45.6,0,0,0,93.0
9,15,2,1,,,,46.6,0,0,0,78.0
9,16,2,1,,,,46.7,0,0,0,60.0
9,17,2,1,,,,42.3,0,0,0,20.0
9,18,2,1,,,,46.1,0,0,0,0.0
9,19,2,1,,,,43.5,0,0,0,0.0
9,20,2,1,,,,43.9,0,0,0,0.0
9,21,2,1,,,,45.1,0,0,0,0.0
9,22,2,1,,,,44.9,0,0,0,0.0
9,23,2,1,,,,44.5,0,0,0,0.0
9,24,2,1,,,,44.5,0,0,0,0.0
9,1,3,1,,,,44.8,0,0,0,0.0
9,2,3,1,,,,44.9,0,0,0,0.0
9,3,3,1,,,,44.5,0,0,0,0.0
9,4,3,1,,,,43.7,0,0,0,0.0
9,5,3,1,,,,42.9,0,0,0,0.0
9,6,3,1,,,,43.6,0,0,0,42.0
9,7,3,1,,,,46.8,0,0,0,289.0
9,8,3,1,,,,52.6,0,0,0,549.0
9,9,3,1,,,,62.7,0,0,0,636.0
9,10,3,1,,,,66.5,0,0,0,635.0
9,11,3,1,,,,66.2,0,0,0,597.0
9,12,3,1,,,,65.1,0,0,0,540.0
9,13,3,1,,,,65.0,0,0,0,439.0
9,14,3,1,,,,66.0,0,0,0,318.0
9,15,3,1,,,,62.4,0,0,0,136.0
9,16,3,1,,,,58.6,0,0,0,74.0
9,17,3,1,,,,56.4,0,0,0,22.0
9,18,3,1,,,,51.7,0,0,0,0.0
9,19,3,1,,,,50.0,0,0,0,0.0
9,20,3,1,,,,47.2,0,0,0,0.0
9,21,3,1,,,,48.4,0,0,0,0.0
9,22,3,1,,,,52.6,0,0,0,0.0
9,23,3,1,,,,47.2,0,0,0,0.0
9,24,3,1,,,,45.1,0,0,0,0.0
9,1,4,1,,,,45.8,0,0,0,0.0
9,2,4,1,,,,45.6,0,0,0,0.0
9,3,4,1,,,,45.1,0,0,0,0.0
9,4,4,1,,,,44.4,0,0,0,0.0
9,5,4,1,,,,47.3,0,0,0,0.0
9,6,4,1,,,,47.5,0,0,0,8.0
9,7,4,1,,,,46.1,0,0,0,56.0
9,8,4,1,,,,52.8,0,0,0,136.0
9,9,4,1,,,,60.4,0,0,0,212.0
9,10,4,1,,,,61.9,0,0,0,262.0
9,11,4,1,,,,60.8,0,0,0,252.0
9,12,4,1,,,,58.7,0,0,0,173.0
9,13,4,1,,,,58.8,0,0,0,154.0
9,14,4,1,,,,58.5,0,0,0,134.0
9,15,4,1,,,,60.6,0,0,0,113.0
9,16,4,1,,,,59.5,0,0,0,61.0
9,17,4,1,,,,57.2,0,0,0,15.0
9,18,4,1,,,,55.6,0,0,0,0.0
9,19,4,1,,,,52.5,0,0,0,0.0
9,20,4,1,,,,48.1,0,0,0,0.0
9,21,4,1,,,,47.2,0,0,0,0.0
9,22,4,1,,,,49.2,0,0,0,0.0
9,23,4,1,,,,46.7,0,0,0,0.0
9,24,4,1,,,,47.0,0,0,0,0.0
9,1,5,1,,,,46.2,0,0,0,0.0
9,2,5,1,,,,45.9,0,0,0,0.0
9,3,5,1,,,,45.8,0,0,0,0.0
9,4,5,1,,,,45.8,0,0,0,0.0
9,5,5,1,,,,47.9,0,0,0,0.0
9,6,5,1,,,,47.0,0,0,0,51.0
9,7,5,1,,,,47.8,0,0,0,173.0
9,8,5,1,,,,54.9,0,0,0,347.0
9,9,5,1,,,,58.5,0,0,0,732.0
9,10,5,1,,,,63.3,0,0,0,822.0
9,11,5,1,,,,64.2,0,0,0,836.0
9,12,5,1,,,,60.6,0,0,0,830.0
9,13,5,1,,,,65.2,0,0,0,817.0
9,14,5,1,,,,65.8,0,0,0,763.0
9,15,5,1,,,,64.0,0,0,0,488.0
9,16,5,1,,,,64.2,0,0,0,198.0
9,17,5,1,,,,59.4,0,0,0,27.0
9,18,5,1,,,,52.4,0,0,0,0.0
9,19,5,1,,,,49.8,0,0,0,0.0
9,20,5,1,,,,46.8,0,0,0,0.0
9,21,5,1,,,,45.5,0,0,0,0.0
9,22,5,1,,,,50.4,0,0,0,0.0
9,23,5,1,,,,45.2,0,0,0,0.0
9,24,5,1,,,,45.4,0,0,0,0.0
9,1,6,1,,,,44.8,0,0,0,0.0
9,2,6,1,,,,44.9,0,0,0,0.0
9,3,6,1,,,,46.3,0,0,0,0.0
9,4,6,1,,,,44.5,0,0,0,0.0
9,5,6,1,,,,46.9,0,0,0,0.0
9,6,6,1,,,,47.0,0,0,0,18.0
9,7,6,1,,,,46.5,0,0,0,198.0
9,8,6,1,,,,53.7,0,0,0,239.0
9,9,6,1,,,,58.1,0,0,0,249.0
9,10,6,1,,,,60.6,0,0,0,320.0
9,11,6,1,,,,64.2,0,0,0,491.0
9,12,6,1,,,,60.9,0,0,0,428.0
9,13,6,1,,,,64.4,0,0,0,214.0
9,14,6,1,,,,66.8,0,0,0,99.0
9,15,6,1,,,,63.4,0,0,0,121.0
9,16,6,1,,,,61.1,0,0,0,281.0
9,17,6,1,,,,61.9,0,0,0,103.0
9,18,6,1,,,,53.6,0,0,0,0.0
9,19,6,1,,,,50.9,0,0,0,0.0
9,20,6,1,,,,48.3,0,0,0,0.0
9,21,6,1,,,,47.8,0,0,0,0.0
9,22,6,1,,,,52.9,0,0,0,0.0
9,23,6,1,,,,51.4,0,0,0,0.0
9,24,6,1,,,,49.5,0,0,0,0.0
9,1,7,1,,,,49.8,0,0,0,0.0
9,2,7,1,,,,48.9,0,0,0,0.0
9,3,7,1,,,,47.7,0,0,0,0.0
9,4,7,1,,,,47.7,0,0,0,0.0
9,5,7,1,,,,50.6,0,0,0,0.0
9,6,7,1,,,,50.9,0,0,0,17.0
9,7,7,1,,,,51.6,0,0,0,325.0
9,8,7,1,,,,55.2,0,0,0,715.0
9,9,7,1,,,,63.7,0,0,0,814.0
9,10,7,1,,,,69.8,0,0,0,855.0
9,11,7,1,,,,67.9,0,0,0,847.0
9,12,7,1,,,,69.4,0,0,0,843.0
9,13,7,1,,,,67.9,0,0,0,833.0
9,14,7,1,,,,67.0,0,0,0,821.0
9,15,7,1,,,,64.7,0,0,0,758.0
9,16,7,1,,,,61.6,0,0,0,568.0
9,17,7,1,,,,60.1,0,0,0,108.0
9,18,7,1,,,,52.9,0,0,0,0.0
9,19,7,1,,,,51.0,0,0,0,0.0
9,20,7,1,,,,48.9,0,0,0,0.0
9,21,7,1,,,,49.1,0,0,0,0.0
9,22,7,1,,,,47.9,0,0,0,0.0
9,23,7,1,,,,48.2,0,0,0,0.0
9,24,7,1,,,,47.4,0,0,0,0.0
9,1,1,1,,,,47.2,0,0,0,0.0
9,2,1,1,,,,46.8,0,0,0,0.0
9,3,1,1,,,,47.2,0,0,0,0.0
9,4,1,1,,,,46.5,0,0,0,0.0
9,5,1,1,,,,45.2,0,0,0,0.0
9,6,1,1,,,,45.0,0,0,0,7.0
9,7,1,1,,,,45.0,0,0,0,63.0
9,8,1,1,,,,45.1,0,0,0,319.0
9,9,1,1,,,,45.5,0,0,0,533.0
9,10,1,1,,,,44.1,0,0,0,552.0
9,11,1,1,,,,42.1,0,0,0,481.0
9,12,1,1,,,,40.8,0,0,0,370.0
9,13,1,1,,,,43.4,0,0,0,280.0
9,14,1,1,,,,44.3,0,0,0,221.0
9,15,1,1,,,,44.0,0,0,0,142.0
9,16,1,1,,,,43.4,0,0,0,71.0
9,17,1,1,,,,44.6,0,0,0,13.0
9,18,1,1,,,,44.5,0,0,0,0.0
9,19,1,1,,,,42.4,0,0,0,0.0
9,20,1,1,,,,40.6,0,0,0,0.0
9,21,1,1,,,,42.6,0,0,0,0.0
9,22,1,1,,,,46.0,0,0,0,0.0
9,23,1,1,,,,45.2,0,0,0,0.0
9,24,1,1,,,,46.2,0,0,0,0.0
10,1,2,1,,,,46.4,0,0,0,0.0
10,2,2,1,,,,44.7,0,0,0,0.0
10,3,2,1,,,,46.0,0,0,0,0.0
10,4,2,1,,,,45.2,0,0,0,0.0
10,5,2,1,,,,43.5,0,0,0,0.0
10,6,2,1,,,,43.0,0,0,0,1.0
10,7,2,1,,,,45.8,0,0,0,25.0
10,8,2,1,,,,52.5,0,0,0,96.0
10,9,2,1,,,,54.4,0,0,0,229.0
10,10,2,1,,,,56.8,0,0,0,301.0
10,11,2,1,,,,58.2,0,0,0,288.0
10,12,2,1,,,,57.8,0,0,0,224.0
10,13,2,1,,,,60.0,0,0,0,163.0
10,14,2,1,,,,60.7,0,0,0,123.0
10,15,2,1,,,,59.0,0,0,0,225.0
10,16,2,1,,,,57.8,0,0,0,397.0
10,17,2,1,,,,54.5,0,0,0,76.0
10,18,2,1,,,,50.8,0,0,0,0.0
10,19,2,1,,,,48.4,0,0,0,0.0
10,20,2,1,,,,49.1,0,0,0,0.0
10,21,2,1,,,,46.8,0,0,0,0.0
10,22,2,1,,,,45.7,0,0,0,0.0
10,23,2,1,,,,45.9,0,0,0,0.0
10,24,2,1,,,,46.1,0,0,0,0.0
10,1,3,1,,,,46.6,0,0,0,0.0
10,2,3,1,,,,46.2,0,0,0,0.0
10,3,3,1,,,,45.9,0,0,0,0.0
10,4,3,1,,,,46.4,0,0,0,0.0
10,5,3,1,,,,45.2,0,0,0,0.0
10,6,3,1,,,,44.5,0,0,0,21.0
10,7,3,1,,,,46.7,0,0,0,132.0
10,8,3,1,,,,51.2,0,0,0,299.0
10,9,3,1,,,,57.4,0,0,0,402.0
10,10,3,1,,,,56.6,0,0,0,620.0
10,11,3,1,,,,59.2,0,0,0,592.0
10,12,3,1,,,,58.0,0,0,0,372.0
10,13,3,1,,,,59.7,0,0,0,148.0
10,14,3,1,,,,61.8,0,0,0,79.0
10,15,3,1,,,,60.0,0,0,0,62.0
10,16,3,1,,,,58.6,0,0,0,103.0
10,17,3,1,,,,54.6,0,0,0,14.0
10,18,3,1,,,,50.1,0,0,0,0.0
10,19,3,1,,,,48.0,0,0,0,0.0
10,20,3,1,,,,48.2,0,0,0,0.0
10,21,3,1,,,,48.0,0,0,0,0.0
10,22,3,1,,,,45.6,0,0,0,0.0
10,23,3,1,,,,45.2,0,0,0,0.0
10,24,3,1,,,,44.7,0,0,0,0.0
10,1,4,1,,,,44.4,0,0,0,0.0
10,2,4,1,,,,44.3,0,0,0,0.0
10,3,4,1,,,,44.2,0,0,0,0.0
10,4,4,1,,,,44.4,0,0,0,0.0
10,5,4,1,,,,43.1,0,0,0,0.0
10,6,4,1,,,,43.2,0,0,0,64.0
10,7,4,1,,,,45.4,0,0,0,361.0
10,8,4,1,,,,50.5,0,0,0,601.0
10,9,4,1,,,,53.7,0,0,0,664.0
10,10,4,1,,,,57.5,0,0,0,554.0
10,11,4,1,,,,57.1,0,0,0,624.0
10,12,4,1,,,,56.6,0,0,0,599.0
10,13,4,1,,,,58.8,0,0,0,578.0
10,14,4,1,,,,58.2,0,0,0,521.0
10,15,4,1,,,,56.4,0,0,0,423.0
10,16,4,1,,,,57.6,0,0,0,258.0
10,17,4,1,,,,53.5,0,0,0,33.0
10,18,4,1,,,,49.2,0,0,0,0.0
10,19,4,1,,,,46.5,0,0,0,0.0
10,20,4,1,,,,45.7,0,0,0,0.0
10,21,4,1,,,,45.2,0,0,0,0.0
10,22,4,1,,,,45.0,0,0,0,0.0
10,23,4,1,,,,45.8,0,0,0,0.0
10,24,4,1,,,,45.2,0,0,0,0.0
10,1,5,1,,,,44.5,0,0,0,0.0
10,2,5,1,,,,44.4,0,0,0,0.0
10,3,5,1,,,,44.5,0,0,0,0.0
10,4,5,1,,,,44.3,0,0,0,0.0
10,5,5,1,,,,43.3,0,0,0,0.0
10,6,5,1,,,,42.6,0,0,0,8.0
10,7,5,1,,,,41.5,0,0,0,191.0
10,8,5,1,,,,41.0,0,0,0,627.0
10,9,5,1,,,,44.1,0,0,0,746.0
10,10,5,1,,,,44.7,0,0,0,789.0
10,11,5,1,,,,45.2,0,0,0,805.0
10,12,5,1,,,,43.8,0,0,0,787.0
10,13,5,1,,,,45.1,0,0,0,766.0
10,14,5,1,,,,45.2,0,0,0,739.0
10,15,5,1,,,,45.5,0,0,0,569.0
10,16,5,1,,,,45.9,0,0,0,158.0
10,17,5,1,,,,46.6,0,0,0,12.0
10,18,5,1,,,,48.6,0,0,0,0.0
10,19,5,1,,,,47.9,0,0,0,0.0
10,20,5,1,,,,48.3,0,0,0,0.0
10,21,5,1,,,,48.8,0,0,0,0.0
10,22,5,1,,,,48.0,0,0,0,0.0
10,23,5,1,,,,46.3,0,0,0,0.0
10,24,5,1,,,,45.1,0,0,0,0.0
10,1,6,1,,,,45.4,0,0,0,0.0
10,2,6,1,,,,45.2,0,0,0,0.0
10,3,6,1,,,,44.6,0,0,0,0.0
10,4,6,1,,,,44.9,0,0,0,0.0
10,5,6,1,,,,43.3,0,0,0,0.0
10,6,6,1,,,,43.8,0,0,0,9.0
10,7,6,1,,,,43.9,0,0,0,126.0
10,8,6,1,,,,44.8,0,0,0,333.0
10,9,6,1,,,,44.5,0,0,0,606.0
10,10,6,1,,,,45.5,0,0,0,710.0
10,11,6,1,,,,45.1,0,0,0,687.0
10,12,6,1,,,,44.1,0,0,0,551.0
10,13,6,1,,,,45.8,0,0,0,454.0
10,14,6,1,,,,45.3,0,0,0,306.0
10,15,6,1,,,,46.5,0,0,0,171.0
10,16,6,1,,,,47.3,0,0,0,63.0
10,17,6,1,,,,47.8,0,0,0,0.0
10,18,6,1,,,,48.4,0,0,0,0.0
10,19,6,1,,,,46.9,0,0,0,0.0
10,20,6,1,,,,46.5,0,0,0,0.0
10,21,6,1,,,,46.3,0,0,0,0.0
10,22,6,1,,,,47.6,0,0,0,0.0
10,23,6,1,,,,42.5,0,0,0,0.0
10,24,6,1,,,,45.6,0,0,0,0.0
10,1,7,1,,,,44.5,0,0,0,0.0
10,2,7,1,,,,44.8,0,0,0,0.0
10,3,7,1,,,,44.3,0,0,0,0.0
10,4,7,1,,,,43.7,0,0,0,0.0
10,5,7,1,,,,42.4,0,0,0,0.0
10,6,7,1,,,,45.7,0,0,0,28.0
10,7,7,1,,,,46.5,0,0,0,177.0
10,8,7,1,,,,48.4,0,0,0,491.0
10,9,7,1,,,,54.0,0,0,0,811.0
10,10,7,1,,,,59.8,0,0,0,866.0
10,11,7,1,,,,60.1,0,0,0,891.0
10,12,7,1,,,,60.9,0,0,0,897.0
10,13,7,1,,,,61.8,0,0,0,889.0
10,14,7,1,,,,61.6,0,0,0,859.0
10,15,7,1,,,,58.5,0,0,0,793.0
10,16,7,1,,,,55.1,0,0,0,630.0
10,17,7,1,,,,53.6,0,0,0,64.0
10,18,7,1,,,,47.0,0,0,0,0.0
10,19,7,1,,,,42.4,0,0,0,0.0
10,20,7,1,,,,40.2,0,0,0,0.0
10,21,7,1,,,,40.9,0,0,0,0.0
10,22,7,1,,,,41.5,0,0,0,0.0
10,23,7,1,,,,46.1,0,0,0,0.0
10,24,7,1,,,,45.4,0,0,0,0.0
10,1,1,1,,,,46.2,0,0,0,0.0
10,2,1,1,,,,45.6,0,0,0,0.0
10,3,1,1,,,,45.7,0,0,0,0.0
10,4,1,1,,,,44.8,0,0,0,0.0
10,5,1,1,,,,44.3,0,0,0,0.0
10,6,1,1,,,,44.2,0,0,0,1.0
10,7,1,1,,,,44.9,0,0,0,33.0
10,8,1,1,,,,51.6,0,0,0,87.0
10,9,1,1,,,,58.1,0,0,0,169.0
10,10,1,1,,,,61.0,0,0,0,285.0
10,11,1,1,,,,61.2,0,0,0,410.0
10,12,1,1,,,,57.0,0,0,0,765.0
10,13,1,1,,,,58.2,0,0,0,602.0
10,14,1,1,,,,56.8,0,0,0,271.0
10,15,1,1,,,,56.0,0,0,0,112.0
10,16,1,1,,,,56.7,0,0,0,43.0
10,17,1,1,,,,51.6,0,0,0,1.0
10,18,1,1,,,,45.9,0,0,0,0.0
10,19,1,1,,,,43.5,0,0,0,0.0
10,20,1,1,,,,45.9,0,0,0,0.0
10,21,1,1,,,,46.3,0,0,0,0.0
10,22,1,1,,,,46.3,0,0,0,0.0
10,23,1,1,,,,45.8,0,0,0,0.0
10,24,1,1,,,,43.8,0,0,0,0.0
10,1,2,1,,,,44.6,0,0,0,0.0
10,2,2,1,,,,43.5,0,0,0,0.0
10,3,2,1,,,,43.8,0,0,0,0.0
10,4,2,1,,,,43.5,0,0,0,0.0
10,5,2,1,,,,43.3,0,0,0,0.0
10,6,2,1,,,,43.3,0,0,0,0.0
10,7,2,1,,,,44.2,0,0,0,20.0
10,8,2,1,,,,51.6,0,0,0,48.0
10,9,2,1,,,,57.4,0,0,0,74.0
10,10,2,1,,,,59.5,0,0,0,87.0
10,11,2,1,,,,61.3,0,0,0,91.0
10,12,2,1,,,,61.5,0,0,0,91.0
10,13,2,1,,,,60.0,0,0,0,101.0
10,14,2,1,,,,61.4,0,0,0,111.0
10,15,2,1,,,,62.0,0,0,0,101.0
10,16,2,1,,,,56.5,0,0,0,44.0
10,17,2,1,,,,51.9,0,0,0,0.0
10,18,2,1,,,,49.4,0,0,0,0.0
10,19,2,1,,,,47.2,0,0,0,0.0
10,20,2,1,,,,46.4,0,0,0,0.0
10,21,2,1,,,,46.7,0,0,0,0.0
10,22,2,1,,,,46.8,0,0,0,0.0
10,23,2,1,,,,45.4,0,0,0,0.0
10,24,2,1,,,,45.2,0,0,0,0.0
10,1,3,1,,,,44.3,0,0,0,0.0
10,2,3,1,,,,44.5,0,0,0,0.0
10,3,3,1,,,,43.9,0,0,0,0.0
10,4,3,1,,,,43.9,0,0,0,0.0
10,5,3,1,,,,42.8,0,0,0,0.0
10,6,3,1,,,,42.3,0,0,0,6.0
10,7,3,1,,,,43.8,0,0,0,143.0
10,8,3,1,,,,50.4,0,0,0,497.0
10,9,3,1,,,,55.6,0,0,0,732.0
10,10,3,1,,,,55.7,0,0,0,836.0
10,11,3,1,,,,59.4,0,0,0,853.0
10,12,3,1,,,,57.8,0,0,0,844.0
10,13,3,1,,,,57.9,0,0,0,821.0
10,14,3,1,,,,56.9,0,0,0,721.0
10,15,3,1,,,,56.9,0,0,0,536.0
10,16,3,1,,,,57.9,0,0,0,292.0
10,17,3,1,,,,54.1,0,0,0,9.0
10,18,3,1,,,,52.2,0,0,0,0.0
10,19,3,1,,,,47.0,0,0,0,0.0
10,20,3,1,,,,46.6,0,0,0,0.0
10,21,3,1,,,,44.8,0,0,0,0.0
10,22,3,1,,,,43.9,0,0,0,0.0
10,23,3,1,,,,44.8,0,0,0,0.0
10,24,3,1,,,,40.4,0,0,0,0.0
10,1,4,1,,,,40.0,0,0,0,0.0
10,2,4,1,,,,39.6,0,0,0,0.0
10,3,4,1,,,,40.3,0,0,0,0.0
10,4,4,1,,,,40.0,0,0,0,0.0
10,5,4,1,,,,42.8,0,0,0,0.0
10,6,4,1,,,,43.2,0,0,0,2.0
10,7,4,1,,,,45.8,0,0,0,164.0
10,8,4,1,,,,50.4,0,0,0,460.0
10,9,4,1,,,,55.0,0,0,0,591.0
10,10,4,1,,,,58.5,0,0,0,669.0
10,11,4,1,,,,59.9,0,0,0,625.0
10,12,4,1,,,,58.0,0,0,0,734.0
10,13,4,1,,,,60.4,0,0,0,786.0
10,14,4,1,,,,61.0,0,0,0,782.0
10,15,4,1,,,,60.8,0,0,0,664.0
10,16,4,1,,,,57.3,0,0,0,243.0
10,17,4,1,,,,51.6,0,0,0,2.0
10,18,4,1,,,,44.5,0,0,0,0.0
10,19,4,1,,,,41.1,0,0,0,0.0
10,20,4,1,,,,40.5,0,0,0,0.0
10,21,4,1,,,,41.2,0,0,0,0.0
10,22,4,1,,,,39.9,0,0,0,0.0
10,23,4,1,,,,39.6,0,0,0,0.0
10,24,4,1,,,,39.4,0,0,0,0.0
10,1,5,1,,,,39.4,0,0,0,0.0
10,2,5,1,,,,38.9,0,0,0,0.0
10,3,5,1,,,,40.8,0,0,0,0.0
10,4,5,1,,,,43.6,0,0,0,0.0
10,5,5,1,,,,42.1,0,0,0,0.0
10,6,5,1,,,,41.8,0,0,0,0.0
10,7,5,1,,,,42.1,0,0,0,14.0
10,8,5,1,,,,43.5,0,0,0,47.0
10,9,5,1,,,,43.4,0,0,0,98.0
10,10,5,1,,,,43.7,0,0,0,153.0
10,11,5,1,,,,44.3,0,0,0,189.0
10,12,5,1,,,,42.8,0,0,0,189.0
10,13,5,1,,,,43.8,0,0,0,158.0
10,14,5,1,,,,43.6,0,0,0,86.0
10,15,5,1,,,,43.9,0,0,0,30.0
10,16,5,1,,,,45.0,0,0,0,6.0
10,17,5,1,,,,44.9,0,0,0,0.0
10,18,5,1,,,,42.6,0,0,0,0.0
10,19,5,1,,,,41.8,0,0,0,0.0
10,20,5,1,,,,43.0,0,0,0,0.0
10,21,5,1,,,,43.4,0,0,0,0.0
10,22,5,1,,,,43.2,0,0,0,0.0
10,23,5,1,,,,44.2,0,0,0,0.0
10,24,5,1,,,,44.0,0,0,0,0.0
10,1,6,1,,,,43.3,0,0,0,0.0
10,2,6,1,,,,42.6,0,0,0,0.0
10,3,6,1,,,,42.5,0,0,0,0.0
10,4,6,1,,,,42.4,0,0,0,0.0
10,5,6,1,,,,39.0,0,0,0,0.0
10,6,6,1,,,,40.9,0,0,0,0.0
10,7,6,1,,,,41.4,0,0,0,12.0
10,8,6,1,,,,42.8,0,0,0,76.0
10,9,6,1,,,,40.8,0,0,0,246.0
10,10,6,1,,,,39.4,0,0,0,654.0
10,11,6,1,,,,40.1,0,0,0,845.0
10,12,6,1,,,,38.3,0,0,0,854.0
10,13,6,1,,,,41.1,0,0,0,791.0
10,14,6,1,,,,41.4,0,0,0,640.0
10,15,6,1,,,,41.8,0,0,0,448.0
10,16,6,1,,,,41.4,0,0,0,240.0
10,17,6,1,,,,40.6,0,0,0,4.0
10,18,6,1,,,,40.2,0,0,0,0.0
10,19,6,1,,,,39.4,0,0,0,0.0
10,20,6,1,,,,40.4,0,0,0,0.0
10,21,6,1,,,,40.6,0,0,0,0.0
10,22,6,1,,,,40.9,0,0,0,0.0
10,23,6,1,,,,40.2,0,0,0,0.0
10,24,6,1,,,,39.6,0,0,0,0.0
10,1,7,1,,,,41.3,0,0,0,0.0
10,2,7,1,,,,44.4,0,0,0,0.0
10,3,7,1,,,,40.8,0,0,0,0.0
10,4,7,1,,,,39.7,0,0,0,0.0
10,5,7,1,,,,39.1,0,0,0,0.0
10,6,7,1,,,,39.3,0,0,0,0.0
10,7,7,1,,,,39.8,0,0,0,40.0
10,8,7,1,,,,46.2,0,0,0,120.0
10,9,7,1,,,,53.7,0,0,0,337.0
10,10,7,1,,,,58.8,0,0,0,375.0
10,11,7,1,,,,60.6,0,0,0,387.0
10,12,7,1,,,,58.0,0,0,0,364.0
10,13,7,1,,,,61.6,0,0,0,313.0
10,14,7,1,,,,63.7,0,0,0,292.0
10,15,7,1,,,,63.1,0,0,0,209.0
10,16,7,1,,,,56.8,0,0,0,59.0
10,17,7,1,,,,49.6,0,0,0,0.0
10,18,7,1,,,,44.2,0,0,0,0.0
10,19,7,1,,,,40.5,0,0,0,0.0
10,20,7,1,,,,41.1,0,0,0,0.0
10,21,7,1,,,,41.9,0,0,0,0.0
10,22,7,1,,,,41.6,0,0,0,0.0
10,23,7,1,,,,40.6,0,0,0,0.0
10,24,7,1,,,,40.4,0,0,0,0.0
10,1,1,1,,,,40.0,0,0,0,0.0
10,2,1,1,,,,40.3,0,0,0,0.0
10,3,1,1,,,,43.6,0,0,0,0.0
10,4,1,1,,,,42.9,0,0,0,0.0
10,5,1,1,,,,42.6,0,0,0,0.0
10,6,1,1,,,,42.0,0,0,0,0.0
10,7,1,1,,,,42.9,0,0,0,26.0
10,8,1,1,,,,48.1,0,0,0,88.0
10,9,1,1,,,,53.7,0,0,0,387.0
10,10,1,1,,,,56.9,0,0,0,690.0
10,11,1,1,,,,59.1,0,0,0,706.0
10,12,1,1,,,,57.8,0,0,0,683.0
10,13,1,1,,,,59.7,0,0,0,608.0
10,14,1,1,,,,60.9,0,0,0,475.0
10,15,1,1,,,,59.0,0,0,0,274.0
10,16,1,1,,,,59.6,0,0,0,69.0
10,17,1,1,,,,55.1,0,0,0,0.0
10,18,1,1,,,,48.0,0,0,0,0.0
10,19,1,1,,,,43.4,0,0,0,0.0
10,20,1,1,,,,44.0,0,0,0,0.0
10,21,1,1,,,,44.5,0,0,0,0.0
10,22,1,1,,,,43.2,0,0,0,0.0
10,23,1,1,,,,40.7,0,0,0,0.0
10,24,1,1,,,,39.9,0,0,0,0.0
10,1,2,1,,,,39.2,0,0,0,0.0
10,2,2,1,,,,38.8,0,0,0,0.0
10,3,2,1,,,,38.5,0,0,0,0.0
10,4,2,1,,,,38.6,0,0,0,0.0
10,5,2,1,,,,37.6,0,0,0,0.0
10,6,2,1,,,,37.1,0,0,0,0.0
10,7,2,1,,,,36.8,0,0,0,19.0
10,8,2,1,,,,44.6,0,0,0,165.0
10,9,2,1,,,,50.6,0,0,0,296.0
10,10,2,1,,,,56.0,0,0,0,334.0
10,11,2,1,,,,59.0,0,0,0,334.0
10,12,2,1,,,,59.1,0,0,0,307.0
10,13,2,1,,,,58.8,0,0,0,346.0
10,14,2,1,,,,56.6,0,0,0,459.0
10,15,2,1,,,,56.8,0,0,0,241.0
10,16,2,1,,,,58.6,0,0,0,39.0
10,17,2,1,,,,52.9,0,0,0,0.0
10,18,2,1,,,,46.8,0,0,0,0.0
10,19,2,1,,,,42.7,0,0,0,0.0
10,20,2,1,,,,43.2,0,0,0,0.0
10,21,2,1,,,,41.9,0,0,0,0.0
10,22,2,1,,,,41.0,0,0,0,0.0
10,23,2,1,,,,40.5,0,0,0,0.0
10,24,2,1,,,,40.2,0,0,0,0.0
10,1,3,1,,,,39.5,0,0,0,0.0
10,2,3,1,,,,39.7,0,0,0,0.0
10,3,3,1,,,,38.8,0,0,0,0.0
10,4,3,1,,,,42.0,0,0,0,0.0
10,5,3,1,,,,41.5,0,0,0,0.0
10,6,3,1,,,,38.0,0,0,0,0.0
10,7,3,1,,,,39.7,0,0,0,152.0
10,8,3,1,,,,48.2,0,0,0,530.0
10,9,3,1,,,,48.8,0,0,0,707.0
10,10,3,1,,,,50.7,0,0,0,713.0
10,11,3,1,,,,53.4,0,0,0,766.0
10,12,3,1,,,,52.0,0,0,0,807.0
10,13,3,1,,,,55.4,0,0,0,814.0
10,14,3,1,,,,55.0,0,0,0,791.0
10,15,3,1,,,,54.8,0,0,0,696.0
10,16,3,1,,,,52.7,0,0,0,426.0
10,17,3,1,,,,49.6,0,0,0,0.0
10,18,3,1,,,,44.0,0,0,0,0.0
10,19,3,1,,,,42.4,0,0,0,0.0
10,20,3,1,,,,43.2,0,0,0,0.0
10,21,3,1,,,,43.6,0,0,0,0.0
10,22,3,1,,,,43.5,0,0,0,0.0
10,23,3,1,,,,43.3,0,0,0,0.0
10,24,3,1,,,,43.0,0,0,0,0.0
10,1,4,1,,,,41.2,0,0,0,0.0
10,2,4,1,,,,41.1,0,0,0,0.0
10,3,4,1,,,,39.7,0,0,0,0.0
10,4,4,1,,,,39.3,0,0,0,0.0
10,5,4,1,,,,38.7,0,0,0,0.0
10,6,4,1,,,,38.2,0,0,0,0.0
10,7,4,1,,,,39.4,0,0,0,18.0
10,8,4,1,,,,45.4,0,0,0,153.0
10,9,4,1,,,,56.6,0,0,0,472.0
10,10,4,1,,,,56.9,0,0,0,717.0
10,11,4,1,,,,58.1,0,0,0,682.0
10,12,4,1,,,,54.6,0,0,0,478.0
10,13,4,1,,,,56.2,0,0,0,259.0
10,14,4,1,,,,61.5,0,0,0,148.0
10,15,4,1,,,,59.3,0,0,0,75.0
10,16,4,1,,,,58.2,0,0,0,29.0
10,17,4,1,,,,54.8,0,0,0,0.0
10,18,4,1,,,,48.7,0,0,0,0.0
10,19,4,1,,,,43.0,0,0,0,0.0
10,20,4,1,,,,42.4,0,0,0,0.0
10,21,4,1,,,,41.2,0,0,0,0.0
10,22,4,1,,,,43.9,0,0,0,0.0
10,23,4,1,,,,42.0,0,0,0,0.0
10,24,4,1,,,,40.7,0,0,0,0.0
10,1,5,1,,,,40.1,0,0,0,0.0
10,2,5,1,,,,40.4,0,0,0,0.0
10,3,5,1,,,,42.1,0,0,0,0.0
10,4,5,1,,,,43.9,0,0,0,0.0
10,5,5,1,,,,44.6,0,0,0,0.0
10,6,5,1,,,,43.5,0,0,0,0.0
10,7,5,1,,,,42.4,0,0,0,119.0
10,8,5,1,,,,43.4,0,0,0,294.0
10,9,5,1,,,,44.6,0,0,0,512.0
10,10,5,1,,,,43.3,0,0,0,406.0
10,11,5,1,,,,43.6,0,0,0,295.0
10,12,5,1,,,,39.9,0,0,0,264.0
10,13,5,1,,,,42.2,0,0,0,133.0
10,14,5,1,,,,45.0,0,0,0,101.0
10,15,5,1,,,,43.6,0,0,0,194.0
10,16,5,1,,,,42.6,0,0,0,189.0
10,17,5,1,,,,41.2,0,0,0,0.0
10,18,5,1,,,,41.8,0,0,0,0.0
10,19,5,1,,,,42.9,0,0,0,0.0
10,20,5,1,,,,42.7,0,0,0,0.0
10,21,5,1,,,,42.6,0,0,0,0.0
10,22,5,1,,,,42.2,0,0,0,0.0
10,23,5,1,,,,41.0,0,0,0,0.0
10,24,5,1,,,,41.1,0,0,0,0.0
10,1,6,1,,,,40.2,0,0,0,0.0
10,2,6,1,,,,40.4,0,0,0,0.0
10,3,6,1,,,,39.8,0,0,0,0.0
10,4,6,1,,,,39.1,0,0,0,0.0
10,5,6,1,,,,37.6,0,0,0,0.0
10,6,6,1,,,,40.8,0,0,0,0.0
10,7,6,1,,,,40.9,0,0,0,19.0
10,8,6,1,,,,40.7,0,0,0,61.0
10,9,6,1,,,,39.4,0,0,0,43.0
10,10,6,1,,,,39.5,0,0,0,53.0
10,11,6,1,,,,40.5,0,0,0,83.0
10,12,6,1,,,,39.0,0,0,0,72.0
10,13,6,1,,,,42.9,0,0,0,73.0
10,14,6,1,,,,44.5,0,0,0,62.0
10,15,6,1,,,,44.8,0,0,0,20.0
10,16,6,1,,,,43.5,0,0,0,5.0
10,17,6,1,,,,42.4,0,0,0,0.0
10,18,6,1,,,,42.8,0,0,0,0.0
10,19,6,1,,,,42.6,0,0,0,0.0
10,20,6,1,,,,43.8,0,0,0,0.0
10,21,6,1,,,,43.2,0,0,0,0.0
10,22,6,1,,,,42.2,0,0,0,0.0
10,23,6,1,,,,42.4,0,0,0,0.0
10,24,6,1,,,,41.8,0,0,0,0.0
10,1,7,1,,,,41.4,0,0,0,0.0
10,2,7,1,,,,41.4,0,0,0,0.0
10,3,7,1,,,,44.1,0,0,0,0.0
10,4,7,1,,,,44.8,0,0,0,0.0
10,5,7,1,,,,44.1,0,0,0,0.0
10,6,7,1,,,,43.6,0,0,0,0.0
10,7,7,1,,,,42.9,0,0,0,80.0
10,8,7,1,,,,47.2,0,0,0,373.0
10,9,7,1,,,,53.1,0,0,0,599.0
10,10,7,1,,,,58.9,0,0,0,570.0
10,11,7,1,,,,65.2,0,0,0,199.0
10,12,7,1,,,,61.9,0,0,0,290.0
10,13,7,1,,,,63.4,0,0,0,596.0
10,14,7,1,,,,62.0,0,0,0,515.0
10,15,7,1,,,,61.3,0,0,0,172.0
10,16,7,1,,,,59.6,0,0,0,12.0
10,17,7,1,,,,55.4,0,0,0,0.0
10,18,7,1,,,,48.1,0,0,0,0.0
10,19,7,1,,,,45.5,0,0,0,0.0
10,20,7,1,,,,46.6,0,0,0,0.0
10,21,7,1,,,,45.9,0,0,0,0.0
10,22,7,1,,,,45.0,0,0,0,0.0
10,23,7,1,,,,44.6,0,0,0,0.0
10,24,7,1,,,,43.1,0,0,0,0.0
10,1,1,1,,,,39.5,0,0,0,0.0
10,2,1,1,,,,39.2,0,0,0,0.0
10,3,1,1,,,,39.8,0,0,0,0.0
10,4,1,1,,,,39.2,0,0,0,0.0
10,5,1,1,,,,39.1,0,0,0,0.0
10,6,1,1,,,,37.9,0,0,0,0.0
10,7,1,1,,,,39.4,0,0,0,15.0
10,8,1,1,,,,50.1,0,0,0,61.0
10,9,1,1,,,,53.9,0,0,0,104.0
10,10,1,1,,,,58.3,0,0,0,166.0
10,11,1,1,,,,59.4,0,0,0,210.0
10,12,1,1,,,,60.0,0,0,0,161.0
10,13,1,1,,,,66.0,0,0,0,138.0
10,14,1,1,,,,64.2,0,0,0,89.0
10,15,1,1,,,,61.8,0,0,0,38.0
10,16,1,1,,,,57.2,0,0,0,5.0
10,17,1,1,,,,52.0,0,0,0,0.0
10,18,1,1,,,,45.9,0,0,0,0.0
10,19,1,1,,,,44.2,0,0,0,0.0
10,20,1,1,,,,44.2,0,0,0,0.0
10,21,1,1,,,,42.5,0,0,0,0.0
10,22,1,1,,,,40.6,0,0,0,0.0
10,23,1,1,,,,39.9,0,0,0,0.0
10,24,1,1,,,,42.6,0,0,0,0.0
10,1,2,1,,,,44.9,0,0,0,0.0
10,2,2,1,,,,44.8,0,0,0,0.0
10,3,2,1,,,,39.9,0,0,0,0.0
10,4,2,1,,,,38.8,0,0,0,0.0
10,5,2,1,,,,41.8,0,0,0,0.0
10,6,2,1,,,,39.9,0,0,0,0.0
10,7,2,1,,,,41.3,0,0,0,35.0
10,8,2,1,,,,43.0,0,0,0,102.0
10,9,2,1,,,,46.7,0,0,0,130.0
10,10,2,1,,,,49.2,0,0,0,196.0
10,11,2,1,,,,50.2,0,0,0,292.0
10,12,2,1,,,,49.4,0,0,0,410.0
10,13,2,1,,,,54.6,0,0,0,432.0
10,14,2,1,,,,55.1,0,0,0,337.0
10,15,2,1,,,,53.1,0,0,0,185.0
10,16,2,1,,,,51.5,0,0,0,63.0
10,17,2,1,,,,50.5,0,0,0,0.0
10,18,2,1,,,,45.6,0,0,0,0.0
10,19,2,1,,,,44.4,0,0,0,0.0
10,20,2,1,,,,43.1,0,0,0,0.0
10,21,2,1,,,,47.3,0,0,0,0.0
10,22,2,1,,,,44.4,0,0,0,0.0
10,23,2,1,,,,41.8,0,0,0,0.0
10,24,2,1,,,,40.5,0,0,0,0.0
10,1,3,1,,,,41.7,0,0,0,0.0
10,2,3,1,,,,44.0,0,0,0,0.0
10,3,3,1,,,,42.8,0,0,0,0.0
10,4,3,1,,,,40.5,0,0,0,0.0
10,5,3,1,,,,42.0,0,0,0,0.0
10,6,3,1,,,,41.8,0,0,0,0.0
10,7,3,1,,,,43.7,0,0,0,22.0
10,8,3,1,,,,47.1,0,0,0,85.0
10,9,3,1,,,,50.4,0,0,0,191.0
10,10,3,1,,,,52.0,0,0,0,348.0
10,11,3,1,,,,52.7,0,0,0,463.0
10,12,3,1,,,,51.5,0,0,0,471.0
10,13,3,1,,,,53.8,0,0,0,385.0
10,14,3,1,,,,54.1,0,0,0,260.0
10,15,3,1,,,,54.6,0,0,0,147.0
10,16,3,1,,,,53.4,0,0,0,51.0
10,17,3,1,,,,47.6,0,0,0,0.0
10,18,3,1,,,,44.7,0,0,0,0.0
10,19,3,1,,,,45.0,0,0,0,0.0
10,20,3,1,,,,42.5,0,0,0,0.0
10,21,3,1,,,,42.5,0,0,0,0.0
10,22,3,1,,,,43.0,0,0,0,0.0
10,23,3,1,,,,42.5,0,0,0,0.0
10,24,3,1,,,,40.5,0,0,0,0.0
10,1,4,1,,,,42.8,0,0,0,0.0
10,2,4,1,,,,45.2,0,0,0,0.0
10,3,4,1,,,,44.8,0,0,0,0.0
10,4,4,1,,,,40.6,0,0,0,0.0
10,5,4,1,,,,44.0,0,0,0,0.0
10,6,4,1,,,,39.0,0,0,0,0.0
10,7,4,1,,,,44.9,0,0,0,38.0
10,8,4,1,,,,49.6,0,0,0,170.0
10,9,4,1,,,,52.1,0,0,0,297.0
10,10,4,1,,,,51.4,0,0,0,425.0
10,11,4,1,,,,51.5,0,0,0,521.0
10,12,4,1,,,,51.8,0,0,0,612.0
10,13,4,1,,,,54.0,0,0,0,492.0
10,14,4,1,,,,52.8,0,0,0,335.0
10,15,4,1,,,,51.6,0,0,0,135.0
10,16,4,1,,,,50.1,0,0,0,27.0
10,17,4,1,,,,46.5,0,0,0,0.0
10,18,4,1,,,,40.9,0,0,0,0.0
10,19,4,1,,,,38.5,0,0,0,0.0
10,20,4,1,,,,37.1,0,0,0,0.0
10,21,4,1,,,,37.7,0,0,0,0.0
10,22,4,1,,,,36.4,0,0,0,0.0
10,23,4,1,,,,35.3,0,0,0,0.0
10,24,4,1,,,,35.0,0,0,0,0.0
10,1,5,1,,,,35.5,0,0,0,0.0
10,2,5,1,,,,35.4,0,0,0,0.0
10,3,5,1,,,,35.5,0,0,0,0.0
10,4,5,1,,,,35.6,0,0,0,0.0
10,5,5,1,,,,35.2,0,0,0,0.0
10,6,5,1,,,,35.2,0,0,0,0.0
10,7,5,1,,,,39.4,0,0,0,8.0
10,8,5,1,,,,35.7,0,0,0,61.0
10,9,5,1,,,,35.7,0,0,0,121.0
10,10,5,1,,,,35.4,0,0,0,170.0
10,11,5,1,,,,36.0,0,0,0,182.0
10,12,5,1,,,,33.9,0,0,0,176.0
10,13,5,1,,,,35.3,0,0,0,159.0
10,14,5,1,,,,36.4,0,0,0,139.0
10,15,5,1,,,,36.1,0,0,0,100.0
10,16,5,1,,,,35.6,0,0,0,22.0
10,17,5,1,,,,37.0,0,0,0,0.0
10,18,5,1,,,,34.2,0,0,0,0.0
10,19,5,1,,,,34.8,0,0,0,0.0
10,20,5,1,,,,35.4,0,0,0,0.0
10,21,5,1,,,,35.2,0,0,0,0.0
10,22,5,1,,,,37.2,0,0,0,0.0
10,23,5,1,,,,39.6,0,0,0,0.0
10,24,5,1,,,,39.3,0,0,0,0.0
10,1,6,1,,,,38.8,0,0,0,0.0
10,2,6,1,,,,37.5,0,0,0,0.0
10,3,6,1,,,,37.4,0,0,0,0.0
10,4,6,1,,,,39.1,0,0,0,0.0
10,5,6,1,,,,39.2,0,0,0,0.0
10,6,6,1,,,,37.8,0,0,0,0.0
10,7,6,1,,,,34.9,0,0,0,14.0
10,8,6,1,,,,38.1,0,0,0,76.0
10,9,6,1,,,,38.4,0,0,0,165.0
10,10,6,1,,,,37.2,0,0,0,277.0
10,11,6,1,,,,34.1,0,0,0,295.0
10,12,6,1,,,,32.6,0,0,0,227.0
10,13,6,1,,,,34.8,0,0,0,170.0
10,14,6,1,,,,35.6,0,0,0,133.0
10,15,6,1,,,,36.3,0,0,0,106.0
10,16,6,1,,,,35.4,0,0,0,48.0
10,17,6,1,,,,35.1,0,0,0,0.0
10,18,6,1,,,,34.9,0,0,0,0.0
10,19,6,1,,,,34.7,0,0,0,0.0
10,20,6,1,,,,36.7,0,0,0,0.0
10,21,6,1,,,,36.3,0,0,0,0.0
10,22,6,1,,,,37.5,0,0,0,0.0
10,23,6,1,,,,37.2,0,0,0,0.0
10,24,6,1,,,,39.4,0,0,0,0.0
10,1,7,1,,,,39.6,0,0,0,0.0
10,2,7,1,,,,37.0,0,0,0,0.0
10,3,7,1,,,,37.0,0,0,0,0.0
10,4,7,1,,,,38.1,0,0,0,0.0
10,5,7,1,,,,35.1,0,0,0,0.0
10,6,7,1,,,,36.8,0,0,0,0.0
10,7,7,1,,,,37.5,0,0,0,15.0
10,8,7,1,,,,38.9,0,0,0,87.0
10,9,7,1,,,,36.4,0,0,0,176.0
10,10,7,1,,,,42.4,0,0,0,268.0
10,11,7,1,,,,42.4,0,0,0,255.0
10,12,7,1,,,,39.0,0,0,0,297.0
10,13,7,1,,,,39.0,0,0,0,312.0
10,14,7,1,,,,39.8,0,0,0,267.0
10,15,7,1,,,,40.0,0,0,0,157.0
10,16,7,1,,,,40.3,0,0,0,40.0
10,17,7,1,,,,39.8,0,0,0,0.0
10,18,7,1,,,,39.8,0,0,0,0.0
10,19,7,1,,,,40.7,0,0,0,0.0
10,20,7,1,,,,41.3,0,0,0,0.0
10,21,7,1,,,,39.6,0,0,0,0.0
10,22,7,1,,,,38.6,0,0,0,0.0
10,23,7,1,,,,38.6,0,0,0,0.0
10,24,7,1,,,,38.8,0,0,0,0.0
10,1,1,0,,,,41.2,0,0,0,0.0
10,2,1,0,,,,38.4,0,0,0,0.0
10,3,1,0,,,,41.2,0,0,0,0.0
10,4,1,0,,,,36.4,0,0,0,0.0
10,5,1,0,,,,38.2,0,0,0,0.0
10,6,1,0,,,,37.8,0,0,0,0.0
10,7,1,0,,,,35.3,0,0,0,6.0
10,8,1,0,,,,42.6,0,0,0,33.0
10,9,1,0,,,,45.5,0,0,0,49.0
10,10,1,0,,,,46.1,0,0,0,76.0
10,11,1,0,,,,50.0,0,0,0,132.0
10,12,1,0,,,,46.4,0,0,0,152.0
10,13,1,0,,,,47.9,0,0,0,148.0
10,14,1,0,,,,49.2,0,0,0,103.0
10,15,1,0,,,,49.1,0,0,0,66.0
10,16,1,0,,,,46.8,0,0,0,6.0
10,17,1,0,,,,42.8,0,0,0,0.0
10,18,1,0,,,,39.3,0,0,0,0.0
10,19,1,0,,,,40.6,0,0,0,0.0
10,20,1,0,,,,41.5,0,0,0,0.0
10,21,1,0,,,,40.5,0,0,0,0.0
10,22,1,0,,,,40.1,0,0,0,0.0
10,23,1,0,,,,37.8,0,0,0,0.0
10,24,1,0,,,,38.5,0,0,0,0.0
10,1,2,0,,,,42.9,0,0,0,0.0
10,2,2,0,,,,37.2,0,0,0,0.0
10,3,2,0,,,,40.3,0,0,0,0.0
10,4,2,0,,,,40.3,0,0,0,0.0
10,5,2,0,,,,38.6,0,0,0,0.0
10,6,2,0,,,,38.1,0,0,0,0.0
10,7,2,0,,,,40.4,0,0,0,3.0
10,8,2,0,,,,40.3,0,0,0,46.0
10,9,2,0,,,,46.1,0,0,0,135.0
10,10,2,0,,,,48.6,0,0,0,234.0
10,11,2,0,,,,57.4,0,0,0,286.0
10,12,2,0,,,,57.0,0,0,0,299.0
10,13,2,0,,,,54.8,0,0,0,153.0
10,14,2,0,,,,53.0,0,0,0,65.0
10,15,2,0,,,,54.8,0,0,0,53.0
10,16,2,0,,,,55.0,0,0,0,12.0
10,17,2,0,,,,52.2,0,0,0,0.0
10,18,2,0,,,,48.1,0,0,0,0.0
10,19,2,0,,,,42.8,0,0,0,0.0
10,20,2,0,,,,43.6,0,0,0,0.0
10,21,2,0,,,,42.0,0,0,0,0.0
10,22,2,0,,,,40.8,0,0,0,0.0
10,23,2,0,,,,41.2,0,0,0,0.0
10,24,2,0,,,,38.9,0,0,0,0.0
10,1,3,0,,,,41.0,0,0,0,0.0
10,2,3,0,,,,41.2,0,0,0,0.0
10,3,3,0,,,,39.4,0,0,0,0.0
10,4,3,0,,,,40.9,0,0,0,0.0
10,5,3,0,,,,37.6,0,0,0,0.0
10,6,3,0,,,,39.6,0,0,0,0.0
10,7,3,0,,,,41.1,0,0,0,2.0
10,8,3,0,,,,45.2,0,0,0,25.0
10,9,3,0,,,,52.8,0,0,0,70.0
10,10,3,0,,,,52.4,0,0,0,282.0
10,11,3,0,,,,57.1,0,0,0,619.0
10,12,3,0,,,,53.9,0,0,0,575.0
10,13,3,0,,,,55.9,0,0,0,608.0
10,14,3,0,,,,56.8,0,0,0,631.0
10,15,3,0,,,,61.4,0,0,0,401.0
10,16,3,0,,,,56.5,0,0,0,49.0
10,17,3,0,,,,53.0,0,0,0,0.0
10,18,3,0,,,,48.4,0,0,0,0.0
10,19,3,0,,,,46.1,0,0,0,0.0
10,20,3,0,,,,46.7,0,0,0,0.0
10,21,3,0,,,,44.3,0,0,0,0.0
10,22,3,0,,,,44.2,0,0,0,0.0
10,23,3,0,,,,44.4,0,0,0,0.0
10,24,3,0,,,,44.5,0,0,0,0.0
10,1,4,0,,,,39.5,0,0,0,0.0
10,2,4,0,,,,41.5,0,0,0,0.0
10,3,4,0,,,,41.1,0,0,0,0.0
10,4,4,0,,,,42.1,0,0,0,0.0
10,5,4,0,,,,39.2,0,0,0,0.0
10,6,4,0,,,,39.9,0,0,0,0.0
10,7,4,0,,,,40.9,0,0,0,0.0
10,8,4,0,,,,44.2,0,0,0,18.0
10,9,4,0,,,,48.1,0,0,0,62.0
10,10,4,0,,,,50.1,0,0,0,106.0
10,11,4,0,,,,51.2,0,0,0,196.0
10,12,4,0,,,,50.3,0,0,0,247.0
10,13,4,0,,,,51.4,0,0,0,213.0
10,14,4,0,,,,53.5,0,0,0,115.0
10,15,4,0,,,,53.0,0,0,0,45.0
10,16,4,0,,,,52.8,0,0,0,4.0
10,17,4,0,,,,49.9,0,0,0,0.0
10,18,4,0,,,,50.2,0,0,0,0.0
10,19,4,0,,,,47.6,0,0,0,0.0
10,20,4,0,,,,45.4,0,0,0,0.0
10,21,4,0,,,,44.8,0,0,0,0.0
10,22,4,0,,,,43.8,0,0,0,0.0
10,23,4,0,,,,42.9,0,0,0,0.0
10,24,4,0,,,,67.6,0,0,0,0.0
11,1,5,0,,,,93.9,0,0,0,0.0
11,2,5,0,,,,93.7,0,0,0,0.0
11,3,5,0,,,,93.0,0,0,0,0.0
11,4,5,0,,,,93.2,0,0,0,0.0
11,5,5,0,,,,92.5,0,0,0,0.0
11,6,5,0,,,,94.5,0,0,0,0.0
11,7,5,0,,,,103.3,0,0,0,3.0
11,8,5,0,,,,113.0,0,0,0,47.0
11,9,5,0,,,,131.1,0,0,0,95.0
11,10,5,0,,,,142.5,0,0,0,124.0
11,11,5,0,,,,145.0,0,0,0,134.0
11,12,5,0,,,,148.5,0,0,0,134.0
11,13,5,0,,,,155.7,0,0,0,99.0
11,14,5,0,,,,151.9,0,0,0,53.0
11,15,5,0,,,,149.0,0,0,0,32.0
11,16,5,0,,,,149.9,0,0,0,4.0
11,17,5,0,,,,145.1,0,0,0,0.0
11,18,5,0,,,,137.3,0,0,0,0.0
11,19,5,0,,,,125.5,0,0,0,0.0
11,20,5,0,,,,113.5,0,0,0,0.0
11,21,5,0,,,,105.2,0,0,0,0.0
11,22,5,0,,,,101.5,0,0,0,0.0
11,23,5,0,,,,98.3,0,0,0,0.0
11,24,5,0,,,,71.4,0,0,0,0.0
11,1,6,0,,,,44.4,0,0,0,0.0
11,2,6,0,,,,43.4,0,0,0,0.0
11,3,6,0,,,,42.7,0,0,0,0.0
11,4,6,0,,,,42.5,0,0,0,0.0
11,5,6,0,,,,42.4,0,0,0,0.0
11,6,6,0,,,,46.0,0,0,0,0.0
11,7,6,0,,,,46.5,0,0,0,3.0
11,8,6,0,,,,43.5,0,0,0,46.0
11,9,6,0,,,,49.6,0,0,0,210.0
11,10,6,0,,,,57.4,0,0,0,435.0
11,11,6,0,,,,60.8,0,0,0,325.0
11,12,6,0,,,,60.2,0,0,0,225.0
11,13,6,0,,,,63.7,0,0,0,191.0
11,14,6,0,,,,65.7,0,0,0,186.0
11,15,6,0,,,,64.2,0,0,0,144.0
11,16,6,0,,,,64.0,0,0,0,24.0
11,17,6,0,,,,63.4,0,0,0,0.0
11,18,6,0,,,,57.8,0,0,0,0.0
11,19,6,0,,,,49.5,0,0,0,0.0
11,20,6,0,,,,48.4,0,0,0,0.0
11,21,6,0,,,,47.0,0,0,0,0.0
11,22,6,0,,,,48.2,0,0,0,0.0
11,23,6,0,,,,49.4,0,0,0,0.0
11,24,6,0,,,,47.5,0,0,0,0.0
11,1,7,0,,,,42.9,0,0,0,0.0
11,2,7,0,,,,45.2,0,0,0,0.0
11,3,7,0,,,,45.3,0,0,0,0.0
11,4,7,0,,,,49.0,0,0,0,0.0
11,5,7,0,,,,46.0,0,0,0,0.0
11,6,7,0,,,,45.5,0,0,0,0.0
11,7,7,0,,,,44.9,0,0,0,1.0
11,8,7,0,,,,43.0,0,0,0,27.0
11,9,7,0,,,,42.5,0,0,0,83.0
11,10,7,0,,,,43.8,0,0,0,138.0
11,11,7,0,,,,44.6,0,0,0,231.0
11,12,7,0,,,,44.1,0,0,0,372.0
11,13,7,0,,,,44.6,0,0,0,518.0
11,14,7,0,,,,44.0,0,0,0,422.0
11,15,7,0,,,,42.2,0,0,0,200.0
11,16,7,0,,,,42.6,0,0,0,13.0
11,17,7,0,,,,44.0,0,0,0,0.0
11,18,7,0,,,,45.0,0,0,0,0.0
11,19,7,0,,,,44.4,0,0,0,0.0
11,20,7,0,,,,43.2,0,0,0,0.0
11,21,7,0,,,,42.5,0,0,0,0.0
11,22,7,0,,,,42.2,0,0,0,0.0
11,23,7,0,,,,43.8,0,0,0,0.0
11,24,7,0,,,,44.3,0,0,0,0.0
11,1,1,0,,,,44.6,0,0,0,0.0
11,2,1,0,,,,46.4,0,0,0,0.0
11,3,1,0,,,,47.1,0,0,0,0.0
11,4,1,0,,,,46.2,0,0,0,0.0
11,5,1,0,,,,45.3,0,0,0,0.0
11,6,1,0,,,,47.3,0,0,0,0.0
11,7,1,0,,,,48.8,0,0,0,0.0
11,8,1,0,,,,44.2,0,0,0,8.0
11,9,1,0,,,,42.0,0,0,0,25.0
11,10,1,0,,,,43.2,0,0,0,32.0
11,11,1,0,,,,44.6,0,0,0,33.0
11,12,1,0,,,,46.1,0,0,0,32.0
11,13,1,0,,,,45.6,0,0,0,21.0
11,14,1,0,,,,50.0,0,0,0,16.0
11,15,1,0,,,,45.2,0,0,0,6.0
11,16,1,0,,,,44.6,0,0,0,0.0
11,17,1,0,,,,47.8,0,0,0,0.0
11,18,1,0,,,,47.6,0,0,0,0.0
11,19,1,0,,,,47.0,0,0,0,0.0
11,20,1,0,,,,45.2,0,0,0,0.0
11,21,1,0,,,,46.4,0,0,0,0.0
11,22,1,0,,,,48.3,0,0,0,0.0
11,23,1,0,,,,51.1,0,0,0,0.0
11,24,1,0,,,,50.6,0,0,0,0.0
11,1,2,0,,,,49.3,0,0,0,0.0
11,2,2,0,,,,51.7,0,0,0,0.0
11,3,2,0,,,,51.1,0,0,0,0.0
11,4,2,0,,,,47.8,0,0,0,0.0
11,5,2,0,,,,47.4,0,0,0,0.0
11,6,2,0,,,,47.9,0,0,0,0.0
11,7,2,0,,,,47.9,0,0,0,38.0
11,8,2,0,,,,46.4,0,0,0,311.0
11,9,2,0,,,,51.2,0,0,0,647.0
11,10,2,0,,,,59.1,0,0,0,773.0
11,11,2,0,,,,62.4,0,0,0,810.0
11,12,2,0,,,,72.0,0,0,0,785.0
11,13,2,0,,,,71.4,0,0,0,716.0
11,14,2,0,,,,69.7,0,0,0,589.0
11,15,2,0,,,,69.4,0,0,0,245.0
11,16,2,0,,,,70.6,0,0,0,19.0
11,17,2,0,,,,73.3,0,0,0,0.0
11,18,2,0,,,,65.5,0,0,0,0.0
11,19,2,0,,,,55.7,0,0,0,0.0
11,20,2,0,,,,49.2,0,0,0,0.0
11,21,2,0,,,,49.0,0,0,0,0.0
11,22,2,0,,,,50.4,0,0,0,0.0
11,23,2,0,,,,48.4,0,0,0,0.0
11,24,2,0,,,,44.1,0,0,0,0.0
11,1,3,0,,,,44.8,0,0,0,0.0
11,2,3,0,,,,48.9,0,0,0,0.0
11,3,3,0,,,,50.1,0,0,0,0.0
11,4,3,0,,,,50.9,0,0,0,0.0
11,5,3,0,,,,49.2,0,0,0,0.0
11,6,3,0,,,,53.8,0,0,0,0.0
11,7,3,0,,,,53.2,0,0,0,0.0
11,8,3,0,,,,48.7,0,0,0,9.0
11,9,3,0,,,,58.5,0,0,0,42.0
11,10,3,0,,,,66.4,0,0,0,120.0
11,11,3,0,,,,68.8,0,0,0,174.0
11,12,3,0,,,,67.4,0,0,0,217.0
11,13,3,0,,,,70.4,0,0,0,48.0
11,14,3,0,,,,73.5,0,0,0,26.0
11,15,3,0,,,,76.8,0,0,0,11.0
11,16,3,0,,,,73.4,0,0,0,0.0
11,17,3,0,,,,70.2,0,0,0,0.0
11,18,3,0,,,,65.1,0,0,0,0.0
11,19,3,0,,,,58.7,0,0,0,0.0
11,20,3,0,,,,50.8,0,0,0,0.0
11,21,3,0,,,,49.0,0,0,0,0.0
11,22,3,0,,,,45.1,0,0,0,0.0
11,23,3,0,,,,44.0,0,0,0,0.0
11,24,3,0,,,,43.5,0,0,0,0.0
11,1,4,0,,,,41.9,0,0,0,0.0
11,2,4,0,,,,41.9,0,0,0,0.0
11,3,4,0,,,,41.2,0,0,0,0.0
11,4,4,0,,,,41.8,0,0,0,0.0
11,5,4,0,,,,42.0,0,0,0,0.0
11,6,4,0,,,,42.7,0,0,0,0.0
11,7,4,0,,,,44.4,0,0,0,0.0
11,8,4,0,,,,44.0,0,0,0,12.0
11,9,4,0,,,,50.6,0,0,0,40.0
11,10,4,0,,,,58.0,0,0,0,91.0
11,11,4,0,,,,69.4,0,0,0,89.0
11,12,4,0,,,,67.8,0,0,0,106.0
11,13,4,0,,,,68.7,0,0,0,138.0
11,14,4,0,,,,68.6,0,0,0,227.0
11,15,4,0,,,,69.5,0,0,0,146.0
11,16,4,0,,,,68.8,0,0,0,3.0
11,17,4,0,,,,68.8,0,0,0,0.0
11,18,4,0,,,,64.0,0,0,0,0.0
11,19,4,0,,,,57.7,0,0,0,0.0
11,20,4,0,,,,56.7,0,0,0,0.0
11,21,4,0,,,,51.4,0,0,0,0.0
11,22,4,0,,,,50.5,0,0,0,0.0
11,23,4,0,,,,52.6,0,0,0,0.0
11,24,4,0,,,,46.0,0,0,0,0.0
11,1,5,0,,,,46.2,0,0,0,0.0
11,2,5,0,,,,47.6,0,0,0,0.0
11,3,5,0,,,,47.4,0,0,0,0.0
11,4,5,0,,,,47.3,0,0,0,0.0
11,5,5,0,,,,48.2,0,0,0,0.0
11,6,5,0,,,,51.6,0,0,0,0.0
11,7,5,0,,,,51.1,0,0,0,0.0
11,8,5,0,,,,47.8,0,0,0,37.0
11,9,5,0,,,,55.0,0,0,0,173.0
11,10,5,0,,,,66.0,0,0,0,566.0
11,11,5,0,,,,65.6,0,0,0,713.0
11,12,5,0,,,,67.4,0,0,0,725.0
11,13,5,0,,,,70.1,0,0,0,698.0
11,14,5,0,,,,69.4,0,0,0,516.0
11,15,5,0,,,,67.9,0,0,0,241.0
11,16,5,0,,,,70.4,0,0,0,7.0
11,17,5,0,,,,66.7,0,0,0,0.0
11,18,5,0,,,,61.4,0,0,0,0.0
11,19,5,0,,,,52.5,0,0,0,0.0
11,20,5,0,,,,47.3,0,0,0,0.0
11,21,5,0,,,,47.0,0,0,0,0.0
11,22,5,0,,,,45.8,0,0,0,0.0
11,23,5,0,,,,45.5,0,0,0,0.0
11,24,5,0,,,,44.8,0,0,0,0.0
11,1,6,0,,,,44.9,0,0,0,0.0
11,2,6,0,,,,45.4,0,0,0,0.0
11,3,6,0,,,,44.8,0,0,0,0.0
11,4,6,0,,,,44.8,0,0,0,0.0
11,5,6,0,,,,43.2,0,0,0,0.0
11,6,6,0,,,,41.7,0,0,0,0.0
11,7,6,0,,,,42.4,0,0,0,0.0
11,8,6,0,,,,43.6,0,0,0,21.0
11,9,6,0,,,,50.7,0,0,0,67.0
11,10,6,0,,,,60.2,0,0,0,116.0
11,11,6,0,,,,68.1,0,0,0,204.0
11,12,6,0,,,,69.8,0,0,0,393.0
11,13,6,0,,,,72.0,0,0,0,278.0
11,14,6,0,,,,69.3,0,0,0,192.0
11,15,6,0,,,,69.7,0,0,0,81.0
11,16,6,0,,,,68.2,0,0,0,0.0
11,17,6,0,,,,66.5,0,0,0,0.0
11,18,6,0,,,,62.7,0,0,0,0.0
11,19,6,0,,,,57.6,0,0,0,0.0
11,20,6,0,,,,48.2,0,0,0,0.0
11,21,6,0,,,,44.9,0,0,0,0.0
11,22,6,0,,,,45.0,0,0,0,0.0
11,23,6,0,,,,44.1,0,0,0,0.0
11,24,6,0,,,,44.0,0,0,0,0.0
11,1,7,0,,,,44.6,0,0,0,0.0
11,2,7,0,,,,44.9,0,0,0,0.0
11,3,7,0,,,,44.5,0,0,0,0.0
11,4,7,0,,,,43.6,0,0,0,0.0
11,5,7,0,,,,45.2,0,0,0,0.0
11,6,7,0,,,,45.1,0,0,0,0.0
11,7,7,0,,,,45.4,0,0,0,0.0
11,8,7,0,,,,45.8,0,0,0,8.0
11,9,7,0,,,,46.1,0,0,0,42.0
11,10,7,0,,,,48.0,0,0,0,86.0
11,11,7,0,,,,48.6,0,0,0,106.0
11,12,7,0,,,,46.7,0,0,0,113.0
11,13,7,0,,,,48.2,0,0,0,94.0
11,14,7,0,,,,46.9,0,0,0,54.0
11,15,7,0,,,,45.1,0,0,0,14.0
11,16,7,0,,,,46.8,0,0,0,0.0
11,17,7,0,,,,48.7,0,0,0,0.0
11,18,7,0,,,,48.8,0,0,0,0.0
11,19,7,0,,,,52.6,0,0,0,0.0
11,20,7,0,,,,50.4,0,0,0,0.0
11,21,7,0,,,,47.2,0,0,0,0.0
11,22,7,0,,,,48.8,0,0,0,0.0
11,23,7,0,,,,45.3,0,0,0,0.0
11,24,7,0,,,,42.7,0,0,0,0.0
11,1,1,0,,,,43.0,0,0,0,0.0
11,2,1,0,,,,43.7,0,0,0,0.0
11,3,1,0,,,,44.2,0,0,0,0.0
11,4,1,0,,,,46.6,0,0,0,0.0
11,5,1,0,,,,48.3,0,0,0,0.0
11,6,1,0,,,,48.5,0,0,0,0.0
11,7,1,0,,,,48.2,0,0,0,0.0
11,8,1,0,,,,44.8,0,0,0,6.0
11,9,1,0,,,,43.5,0,0,0,38.0
11,10,1,0,,,,42.1,0,0,0,131.0
11,11,1,0,,,,45.9,0,0,0,277.0
11,12,1,0,,,,46.4,0,0,0,552.0
11,13,1,0,,,,45.4,0,0,0,656.0
11,14,1,0,,,,51.6,0,0,0,609.0
11,15,1,0,,,,47.2,0,0,0,425.0
11,16,1,0,,,,49.2,0,0,0,7.0
11,17,1,0,,,,54.2,0,0,0,0.0
11,18,1,0,,,,51.0,0,0,0,0.0
11,19,1,0,,,,49.7,0,0,0,0.0
11,20,1,0,,,,47.1,0,0,0,0.0
11,21,1,0,,,,47.6,0,0,0,0.0
11,22,1,0,,,,48.5,0,0,0,0.0
11,23,1,0,,,,47.8,0,0,0,0.0
11,24,1,0,,,,47.3,0,0,0,0.0
11,1,2,0,,,,48.2,0,0,0,0.0
11,2,2,0,,,,46.1,0,0,0,0.0
11,3,2,0,,,,46.3,0,0,0,0.0
11,4,2,0,,,,45.1,0,0,0,0.0
11,5,2,0,,,,44.6,0,0,0,0.0
11,6,2,0,,,,45.6,0,0,0,0.0
11,7,2,0,,,,45.4,0,0,0,0.0
11,8,2,0,,,,48.6,0,0,0,8.0
11,9,2,0,,,,54.1,0,0,0,48.0
11,10,2,0,,,,66.3,0,0,0,102.0
11,11,2,0,,,,69.9,0,0,0,118.0
11,12,2,0,,,,67.7,0,0,0,74.0
11,13,2,0,,,,74.7,0,0,0,41.0
11,14,2,0,,,,77.2,0,0,0,21.0
11,15,2,0,,,,74.2,0,0,0,5.0
11,16,2,0,,,,75.2,0,0,0,0.0
11,17,2,0,,,,74.8,0,0,0,0.0
11,18,2,0,,,,69.8,0,0,0,0.0
11,19,2,0,,,,60.0,0,0,0,0.0
11,20,2,0,,,,54.4,0,0,0,0.0
11,21,2,0,,,,52.4,0,0,0,0.0
11,22,2,0,,,,50.6,0,0,0,0.0
11,23,2,0,,,,50.1,0,0,0,0.0
11,24,2,0,,,,49.4,0,0,0,0.0
11,1,3,0,,,,49.3,0,0,0,0.0
11,2,3,0,,,,47.8,0,0,0,0.0
11,3,3,0,,,,46.1,0,0,0,0.0
11,4,3,0,,,,46.4,0,0,0,0.0
11,5,3,0,,,,46.0,0,0,0,0.0
11,6,3,0,,,,48.2,0,0,0,0.0
11,7,3,0,,,,48.9,0,0,0,1.0
11,8,3,0,,,,47.5,0,0,0,79.0
11,9,3,0,,,,56.0,0,0,0,244.0
11,10,3,0,,,,64.3,0,0,0,358.0
11,11,3,0,,,,72.5,0,0,0,412.0
11,12,3,0,,,,68.0,0,0,0,483.0
11,13,3,0,,,,71.2,0,0,0,466.0
11,14,3,0,,,,68.1,0,0,0,351.0
11,15,3,0,,,,66.2,0,0,0,217.0
11,16,3,0,,,,69.5,0,0,0,5.0
11,17,3,0,,,,69.6,0,0,0,0.0
11,18,3,0,,,,66.0,0,0,0,0.0
11,19,3,0,,,,57.2,0,0,0,0.0
11,20,3,0,,,,50.7,0,0,0,0.0
11,21,3,0,,,,51.0,0,0,0,0.0
11,22,3,0,,,,52.6,0,0,0,0.0
11,23,3,0,,,,48.9,0,0,0,0.0
11,24,3,0,,,,45.6,0,0,0,0.0
11,1,4,0,,,,44.6,0,0,0,0.0
11,2,4,0,,,,44.5,0,0,0,0.0
11,3,4,0,,,,43.8,0,0,0,0.0
11,4,4,0,,,,44.7,0,0,0,0.0
11,5,4,0,,,,44.3,0,0,0,0.0
11,6,4,0,,,,48.5,0,0,0,0.0
11,7,4,0,,,,48.3,0,0,0,0.0
11,8,4,0,,,,46.9,0,0,0,94.0
11,9,4,0,,,,52.2,0,0,0,223.0
11,10,4,0,,,,57.9,0,0,0,335.0
11,11,4,0,,,,64.9,0,0,0,445.0
11,12,4,0,,,,64.7,0,0,0,535.0
11,13,4,0,,,,65.1,0,0,0,541.0
11,14,4,0,,,,65.7,0,0,0,467.0
11,15,4,0,,,,66.7,0,0,0,321.0
11,16,4,0,,,,66.6,0,0,0,5.0
11,17,4,0,,,,64.4,0,0,0,0.0
11,18,4,0,,,,61.3,0,0,0,0.0
11,19,4,0,,,,60.6,0,0,0,0.0
11,20,4,0,,,,55.4,0,0,0,0.0
11,21,4,0,,,,52.6,0,0,0,0.0
11,22,4,0,,,,48.4,0,0,0,0.0
11,23,4,0,,,,47.2,0,0,0,0.0
11,24,4,0,,,,46.4,0,0,0,0.0
11,1,5,0,,,,46.7,0,0,0,0.0
11,2,5,0,,,,47.2,0,0,0,0.0
11,3,5,0,,,,45.9,0,0,0,0.0
11,4,5,0,,,,47.6,0,0,0,0.0
11,5,5,0,,,,45.1,0,0,0,0.0
11,6,5,0,,,,40.9,0,0,0,0.0
11,7,5,0,,,,42.0,0,0,0,0.0
11,8,5,0,,,,42.5,0,0,0,9.0
11,9,5,0,,,,48.0,0,0,0,35.0
11,10,5,0,,,,58.5,0,0,0,68.0
11,11,5,0,,,,66.5,0,0,0,97.0
11,12,5,0,,,,72.9,0,0,0,117.0
11,13,5,0,,,,75.5,0,0,0,121.0
11,14,5,0,,,,73.5,0,0,0,95.0
11,15,5,0,,,,75.0,0,0,0,44.0
11,16,5,0,,,,76.3,0,0,0,0.0
11,17,5,0,,,,72.8,0,0,0,0.0
11,18,5,0,,,,66.2,0,0,0,0.0
11,19,5,0,,,,58.9,0,0,0,0.0
11,20,5,0,,,,54.0,0,0,0,0.0
11,21,5,0,,,,57.4,0,0,0,0.0
11,22,5,0,,,,52.5,0,0,0,0.0
11,23,5,0,,,,50.6,0,0,0,0.0
11,24,5,0,,,,50.2,0,0,0,0.0
11,1,6,0,,,,50.2,0,0,0,0.0
11,2,6,0,,,,48.5,0,0,0,0.0
11,3,6,0,,,,47.2,0,0,0,0.0
11,4,6,0,,,,44.1,0,0,0,0.0
11,5,6,0,,,,43.2,0,0,0,0.0
11,6,6,0,,,,43.7,0,0,0,0.0
11,7,6,0,,,,45.7,0,0,0,0.0
11,8,6,0,,,,47.6,0,0,0,3.0
11,9,6,0,,,,53.8,0,0,0,17.0
11,10,6,0,,,,67.9,0,0,0,30.0
11,11,6,0,,,,73.4,0,0,0,39.0
11,12,6,0,,,,75.8,0,0,0,46.0
11,13,6,0,,,,73.8,0,0,0,38.0
11,14,6,0,,,,72.3,0,0,0,20.0
11,15,6,0,,,,74.1,0,0,0,5.0
11,16,6,0,,,,70.5,0,0,0,0.0
11,17,6,0,,,,69.7,0,0,0,0.0
11,18,6,0,,,,63.5,0,0,0,0.0
11,19,6,0,,,,58.9,0,0,0,0.0
11,20,6,0,,,,53.4,0,0,0,0.0
11,21,6,0,,,,51.6,0,0,0,0.0
11,22,6,0,,,,54.0,0,0,0,0.0
11,23,6,0,,,,51.8,0,0,0,0.0
11,24,6,0,,,,49.8,0,0,0,0.0
11,1,7,0,,,,50.0,0,0,0,0.0
11,2,7,0,,,,49.9,0,0,0,0.0
11,3,7,0,,,,49.3,0,0,0,0.0
11,4,7,0,,,,48.7,0,0,0,0.0
11,5,7,0,,,,48.2,0,0,0,0.0
11,6,7,0,,,,50.2,0,0,0,0.0
11,7,7,0,,,,49.0,0,0,0,0.0
11,8,7,0,,,,47.0,0,0,0,8.0
11,9,7,0,,,,49.5,0,0,0,36.0
11,10,7,0,,,,49.4,0,0,0,89.0
11,11,7,0,,,,49.1,0,0,0,180.0
11,12,7,0,,,,51.3,0,0,0,290.0
11,13,7,0,,,,53.1,0,0,0,275.0
11,14,7,0,,,,52.1,0,0,0,255.0
11,15,7,0,,,,51.2,0,0,0,121.0
11,16,7,0,,,,51.0,0,0,0,0.0
11,17,7,0,,,,51.7,0,0,0,0.0
11,18,7,0,,,,52.2,0,0,0,0.0
11,19,7,0,,,,50.8,0,0,0,0.0
11,20,7,0,,,,50.3,0,0,0,0.0
11,21,7,0,,,,51.1,0,0,0,0.0
11,22,7,0,,,,50.8,0,0,0,0.0
11,23,7,0,,,,50.8,0,0,0,0.0
11,24,7,0,,,,49.2,0,0,0,0.0
11,1,1,0,,,,47.9,0,0,0,0.0
11,2,1,0,,,,48.8,0,0,0,0.0
11,3,1,0,,,,46.8,0,0,0,0.0
11,4,1,0,,,,46.8,0,0,0,0.0
11,5,1,0,,,,48.2,0,0,0,0.0
11,6,1,0,,,,49.0,0,0,0,0.0
11,7,1,0,,,,49.6,0,0,0,0.0
11,8,1,0,,,,51.6,0,0,0,23.0
11,9,1,0,,,,48.3,0,0,0,78.0
11,10,1,0,,,,46.4,0,0,0,198.0
11,11,1,0,,,,44.4,0,0,0,467.0
11,12,1,0,,,,44.3,0,0,0,587.0
11,13,1,0,,,,47.1,0,0,0,751.0
11,14,1,0,,,,43.4,0,0,0,667.0
11,15,1,0,,,,44.6,0,0,0,394.0
11,16,1,0,,,,47.2,0,0,0,0.0
11,17,1,0,,,,46.8,0,0,0,0.0
11,18,1,0,,,,47.7,0,0,0,0.0
11,19,1,0,,,,43.9,0,0,0,0.0
11,20,1,0,,,,41.9,0,0,0,0.0
11,21,1,0,,,,41.9,0,0,0,0.0
11,22,1,0,,,,42.2,0,0,0,0.0
11,23,1,0,,,,42.4,0,0,0,0.0
11,24,1,0,,,,43.4,0,0,0,0.0
11,1,2,0,,,,44.8,0,0,0,0.0
11,2,2,0,,,,45.2,0,0,0,0.0
11,3,2,0,,,,45.0,0,0,0,0.0
11,4,2,0,,,,44.6,0,0,0,0.0
11,5,2,0,,,,43.0,0,0,0,0.0
11,6,2,0,,,,43.6,0,0,0,0.0
11,7,2,0,,,,43.8,0,0,0,0.0
11,8,2,0,,,,45.0,0,0,0,8.0
11,9,2,0,,,,50.2,0,0,0,42.0
11,10,2,0,,,,65.4,0,0,0,115.0
11,11,2,0,,,,73.4,0,0,0,204.0
11,12,2,0,,,,73.6,0,0,0,230.0
11,13,2,0,,,,77.5,0,0,0,161.0
11,14,2,0,,,,76.1,0,0,0,62.0
11,15,2,0,,,,77.3,0,0,0,16.0
11,16,2,0,,,,79.9,0,0,0,0.0
11,17,2,0,,,,80.8,0,0,0,0.0
11,18,2,0,,,,69.0,0,0,0,0.0
11,19,2,0,,,,60.1,0,0,0,0.0
11,20,2,0,,,,56.2,0,0,0,0.0
11,21,2,0,,,,52.7,0,0,0,0.0
11,22,2,0,,,,46.8,0,0,0,0.0
11,23,2,0,,,,43.6,0,0,0,0.0
11,24,2,0,,,,44.2,0,0,0,0.0
11,1,3,0,,,,42.6,0,0,0,0.0
11,2,3,0,,,,41.8,0,0,0,0.0
11,3,3,0,,,,42.2,0,0,0,0.0
11,4,3,0,,,,41.8,0,0,0,0.0
11,5,3,0,,,,41.8,0,0,0,0.0
11,6,3,0,,,,42.5,0,0,0,0.0
11,7,3,0,,,,42.7,0,0,0,0.0
11,8,3,0,,,,44.4,0,0,0,11.0
11,9,3,0,,,,52.1,0,0,0,66.0
11,10,3,0,,,,62.4,0,0,0,104.0
11,11,3,0,,,,67.8,0,0,0,113.0
11,12,3,0,,,,71.6,0,0,0,73.0
11,13,3,0,,,,70.4,0,0,0,30.0
11,14,3,0,,,,73.0,0,0,0,25.0
11,15,3,0,,,,77.7,0,0,0,25.0
11,16,3,0,,,,76.9,0,0,0,0.0
11,17,3,0,,,,73.5,0,0,0,0.0
11,18,3,0,,,,69.3,0,0,0,0.0
11,19,3,0,,,,65.1,0,0,0,0.0
11,20,3,0,,,,58.3,0,0,0,0.0
11,21,3,0,,,,60.4,0,0,0,0.0
11,22,3,0,,,,58.1,0,0,0,0.0
11,23,3,0,,,,52.4,0,0,0,0.0
11,24,3,0,,,,50.1,0,0,0,0.0
11,1,4,0,,,,50.1,0,0,0,0.0
11,2,4,0,,,,49.1,0,0,0,0.0
11,3,4,0,,,,49.0,0,0,0,0.0
11,4,4,0,,,,52.2,0,0,0,0.0
11,5,4,0,,,,50.0,0,0,0,0.0
11,6,4,0,,,,50.7,0,0,0,0.0
11,7,4,0,,,,50.5,0,0,0,0.0
11,8,4,0,,,,52.0,0,0,0,1.0
11,9,4,0,,,,57.3,0,0,0,9.0
11,10,4,0,,,,65.7,0,0,0,15.0
11,11,4,0,,,,75.1,0,0,0,18.0
11,12,4,0,,,,76.0,0,0,0,27.0
11,13,4,0,,,,75.2,0,0,0,45.0
11,14,4,0,,,,74.3,0,0,0,21.0
11,15,4,0,,,,73.6,0,0,0,5.0
11,16,4,0,,,,74.2,0,0,0,0.0
11,17,4,0,,,,73.8,0,0,0,0.0
11,18,4,0,,,,66.0,0,0,0,0.0
11,19,4,0,,,,58.2,0,0,0,0.0
11,20,4,0,,,,54.2,0,0,0,0.0
11,21,4,0,,,,54.5,0,0,0,0.0
11,22,4,0,,,,50.5,0,0,0,0.0
11,23,4,0,,,,47.7,0,0,0,0.0
11,24,4,0,,,,47.5,0,0,0,0.0
11,1,5,0,,,,47.2,0,0,0,0.0
11,2,5,0,,,,47.4,0,0,0,0.0
11,3,5,0,,,,48.4,0,0,0,0.0
11,4,5,0,,,,44.8,0,0,0,0.0
11,5,5,0,,,,44.4,0,0,0,0.0
11,6,5,0,,,,44.7,0,0,0,0.0
11,7,5,0,,,,45.6,0,0,0,0.0
11,8,5,0,,,,46.6,0,0,0,42.0
11,9,5,0,,,,55.2,0,0,0,228.0
11,10,5,0,,,,67.2,0,0,0,352.0
11,11,5,0,,,,72.6,0,0,0,394.0
11,12,5,0,,,,78.6,0,0,0,315.0
11,13,5,0,,,,72.8,0,0,0,170.0
11,14,5,0,,,,75.7,0,0,0,57.0
11,15,5,0,,,,77.0,0,0,0,14.0
11,16,5,0,,,,78.0,0,0,0,0.0
11,17,5,0,,,,76.3,0,0,0,0.0
11,18,5,0,,,,69.1,0,0,0,0.0
11,19,5,0,,,,64.0,0,0,0,0.0
11,20,5,0,,,,55.5,0,0,0,0.0
11,21,5,0,,,,50.8,0,0,0,0.0
11,22,5,0,,,,49.0,0,0,0,0.0
11,23,5,0,,,,46.6,0,0,0,0.0
11,24,5,0,,,,45.9,0,0,0,0.0
11,1,6,0,,,,45.7,0,0,0,0.0
11,2,6,0,,,,45.4,0,0,0,0.0
11,3,6,0,,,,46.8,0,0,0,0.0
11,4,6,0,,,,46.8,0,0,0,0.0
11,5,6,0,,,,43.0,0,0,0,0.0
11,6,6,0,,,,42.6,0,0,0,0.0
11,7,6,0,,,,43.4,0,0,0,0.0
11,8,6,0,,,,45.4,0,0,0,115.0
11,9,6,0,,,,52.6,0,0,0,265.0
11,10,6,0,,,,61.5,0,0,0,529.0
11,11,6,0,,,,66.7,0,0,0,674.0
11,12,6,0,,,,70.7,0,0,0,685.0
11,13,6,0,,,,71.4,0,0,0,622.0
11,14,6,0,,,,70.1,0,0,0,427.0
11,15,6,0,,,,70.2,0,0,0,167.0
11,16,6,0,,,,70.8,0,0,0,0.0
11,17,6,0,,,,67.0,0,0,0,0.0
11,18,6,0,,,,58.9,0,0,0,0.0
11,19,6,0,,,,50.7,0,0,0,0.0
11,20,6,0,,,,45.1,0,0,0,0.0
11,21,6,0,,,,44.1,0,0,0,0.0
11,22,6,0,,,,44.8,0,0,0,0.0
11,23,6,0,,,,42.3,0,0,0,0.0
11,24,6,0,,,,42.3,0,0,0,0.0
11,1,7,0,,,,42.2,0,0,0,0.0
11,2,7,0,,,,42.4,0,0,0,0.0
11,3,7,0,,,,42.0,0,0,0,0.0
11,4,7,0,,,,42.2,0,0,0,0.0
11,5,7,0,,,,44.3,0,0,0,0.0
11,6,7,0,,,,46.8,0,0,0,0.0
11,7,7,0,,,,46.5,0,0,0,0.0
11,8,7,0,,,,44.4,0,0,0,3.0
11,9,7,0,,,,43.9,0,0,0,15.0
11,10,7,0,,,,43.8,0,0,0,27.0
11,11,7,0,,,,48.1,0,0,0,30.0
11,12,7,0,,,,44.6,0,0,0,27.0
11,13,7,0,,,,45.8,0,0,0,15.0
11,14,7,0,,,,44.5,0,0,0,5.0
11,15,7,0,,,,42.4,0,0,0,0.0
11,16,7,0,,,,42.6,0,0,0,0.0
11,17,7,0,,,,49.4,0,0,0,0.0
11,18,7,0,,,,51.1,0,0,0,0.0
11,19,7,0,,,,51.6,0,0,0,0.0
11,20,7,0,,,,51.5,0,0,0,0.0
11,21,7,0,,,,50.8,0,0,0,0.0
11,22,7,0,,,,46.4,0,0,0,0.0
11,23,7,0,,,,45.2,0,0,0,0.0
11,24,7,0,,,,44.9,0,0,0,0.0
11,1,1,0,,,,45.7,0,0,0,0.0
11,2,1,0,,,,45.4,0,0,0,0.0
11,3,1,0,,,,45.1,0,0,0,0.0
11,4,1,0,,,,44.9,0,0,0,0.0
11,5,1,0,,,,47.2,0,0,0,0.0
11,6,1,0,,,,48.1,0,0,0,0.0
11,7,1,0,,,,48.4,0,0,0,0.0
11,8,1,0,,,,47.5,0,0,0,24.0
11,9,1,0,,,,44.9,0,0,0,168.0
11,10,1,0,,,,42.5,0,0,0,456.0
11,11,1,0,,,,43.0,0,0,0,631.0
11,12,1,0,,,,43.4,0,0,0,656.0
11,13,1,0,,,,44.5,0,0,0,516.0
11,14,1,0,,,,44.0,0,0,0,293.0
11,15,1,0,,,,49.2,0,0,0,106.0
11,16,1,0,,,,51.2,0,0,0,0.0
11,17,1,0,,,,53.1,0,0,0,0.0
11,18,1,0,,,,54.9,0,0,0,0.0
11,19,1,0,,,,57.0,0,0,0,0.0
11,20,1,0,,,,52.1,0,0,0,0.0
11,21,1,0,,,,50.8,0,0,0,0.0
11,22,1,0,,,,50.4,0,0,0,0.0
11,23,1,0,,,,49.5,0,0,0,0.0
11,24,1,0,,,,50.0,0,0,0,0.0
11,1,2,0,,,,50.5,0,0,0,0.0
11,2,2,0,,,,50.1,0,0,0,0.0
11,3,2,0,,,,47.9,0,0,0,0.0
11,4,2,0,,,,47.4,0,0,0,0.0
11,5,2,0,,,,47.6,0,0,0,0.0
11,6,2,0,,,,48.6,0,0,0,0.0
11,7,2,0,,,,49.5,0,0,0,0.0
11,8,2,0,,,,50.5,0,0,0,5.0
11,9,2,0,,,,63.0,0,0,0,46.0
11,10,2,0,,,,68.8,0,0,0,110.0
11,11,2,0,,,,76.2,0,0,0,206.0
11,12,2,0,,,,78.2,0,0,0,179.0
11,13,2,0,,,,78.5,0,0,0,142.0
11,14,2,0,,,,77.3,0,0,0,63.0
11,15,2,0,,,,76.8,0,0,0,10.0
11,16,2,0,,,,77.8,0,0,0,0.0
11,17,2,0,,,,75.7,0,0,0,0.0
11,18,2,0,,,,69.4,0,0,0,0.0
11,19,2,0,,,,60.1,0,0,0,0.0
11,20,2,0,,,,57.3,0,0,0,0.0
11,21,2,0,,,,55.2,0,0,0,0.0
11,22,2,0,,,,53.2,0,0,0,0.0
11,23,2,0,,,,52.8,0,0,0,0.0
11,24,2,0,,,,52.2,0,0,0,0.0
11,1,3,0,,,,51.0,0,0,0,0.0
11,2,3,0,,,,50.2,0,0,0,0.0
11,3,3,0,,,,50.2,0,0,0,0.0
11,4,3,0,,,,50.3,0,0,0,0.0
11,5,3,0,,,,49.6,0,0,0,0.0
11,6,3,0,,,,47.2,0,0,0,0.0
11,7,3,0,,,,47.5,0,0,0,0.0
11,8,3,0,,,,49.2,0,0,0,4.0
11,9,3,0,,,,57.5,0,0,0,26.0
11,10,3,0,,,,63.6,0,0,0,42.0
11,11,3,0,,,,74.0,0,0,0,43.0
11,12,3,0,,,,78.3,0,0,0,34.0
11,13,3,0,,,,77.8,0,0,0,25.0
11,14,3,0,,,,76.1,0,0,0,17.0
11,15,3,0,,,,73.2,0,0,0,4.0
11,16,3,0,,,,70.5,0,0,0,0.0
11,17,3,0,,,,73.2,0,0,0,0.0
11,18,3,0,,,,70.1,0,0,0,0.0
11,19,3,0,,,,62.8,0,0,0,0.0
11,20,3,0,,,,56.2,0,0,0,0.0
11,21,3,0,,,,52.2,0,0,0,0.0
11,22,3,0,,,,51.8,0,0,0,0.0
11,23,3,0,,,,48.0,0,0,0,0.0
11,24,3,0,,,,47.8,0,0,0,0.0
11,1,4,0,,,,45.4,0,0,0,0.0
11,2,4,0,,,,45.3,0,0,0,0.0
11,3,4,0,,,,44.9,0,0,0,0.0
11,4,4,0,,,,44.4,0,0,0,0.0
11,5,4,0,,,,47.6,0,0,0,0.0
11,6,4,0,,,,49.2,0,0,0,0.0
11,7,4,0,,,,46.7,0,0,0,0.0
11,8,4,0,,,,48.2,0,0,0,4.0
11,9,4,0,,,,54.7,0,0,0,25.0
11,10,4,0,,,,64.4,0,0,0,38.0
11,11,4,0,,,,68.5,0,0,0,60.0
11,12,4,0,,,,75.4,0,0,0,79.0
11,13,4,0,,,,76.5,0,0,0,69.0
11,14,4,0,,,,80.3,0,0,0,44.0
11,15,4,0,,,,79.5,0,0,0,12.0
11,16,4,0,,,,73.6,0,0,0,0.0
11,17,4,0,,,,71.7,0,0,0,0.0
11,18,4,0,,,,65.8,0,0,0,0.0
11,19,4,0,,,,59.6,0,0,0,0.0
11,20,4,0,,,,54.6,0,0,0,0.0
11,21,4,0,,,,53.0,0,0,0,0.0
11,22,4,0,,,,54.0,0,0,0,0.0
11,23,4,0,,,,54.6,0,0,0,0.0
11,24,4,0,,,,52.2,0,0,0,0.0
11,1,5,0,,,,51.0,0,0,0,0.0
11,2,5,0,,,,51.4,0,0,0,0.0
11,3,5,0,,,,51.7,0,0,0,0.0
11,4,5,0,,,,51.8,0,0,0,0.0
11,5,5,0,,,,53.2,0,0,0,0.0
11,6,5,0,,,,50.8,0,0,0,0.0
11,7,5,0,,,,50.2,0,0,0,0.0
11,8,5,0,,,,52.2,0,0,0,6.0
11,9,5,0,,,,55.1,0,0,0,38.0
11,10,5,0,,,,62.0,0,0,0,106.0
11,11,5,0,,,,66.8,0,0,0,197.0
11,12,5,0,,,,68.8,0,0,0,377.0
11,13,5,0,,,,70.9,0,0,0,406.0
11,14,5,0,,,,70.4,0,0,0,222.0
11,15,5,0,,,,73.1,0,0,0,45.0
11,16,5,0,,,,76.0,0,0,0,0.0
11,17,5,0,,,,74.7,0,0,0,0.0
11,18,5,0,,,,71.1,0,0,0,0.0
11,19,5,0,,,,67.8,0,0,0,0.0
11,20,5,0,,,,62.4,0,0,0,0.0
11,21,5,0,,,,58.7,0,0,0,0.0
11,22,5,0,,,,56.4,0,0,0,0.0
11,23,5,0,,,,55.0,0,0,0,0.0
11,24,5,0,,,,55.6,0,0,0,0.0
11,1,6,0,,,,53.8,0,0,0,0.0
11,2,6,0,,,,53.2,0,0,0,0.0
11,3,6,0,,,,53.7,0,0,0,0.0
11,4,6,0,,,,53.9,0,0,0,0.0
11,5,6,0,,,,53.7,0,0,0,0.0
11,6,6,0,,,,54.2,0,0,0,0.0
11,7,6,0,,,,53.9,0,0,0,0.0
11,8,6,0,,,,60.5,0,0,0,40.0
11,9,6,0,,,,61.6,0,0,0,214.0
11,10,6,0,,,,67.2,0,0,0,596.0
11,11,6,0,,,,68.6,0,0,0,724.0
11,12,6,0,,,,65.5,0,0,0,740.0
11,13,6,0,,,,65.3,0,0,0,686.0
11,14,6,0,,,,68.8,0,0,0,487.0
11,15,6,0,,,,68.6,0,0,0,121.0
11,16,6,0,,,,71.6,0,0,0,0.0
11,17,6,0,,,,70.9,0,0,0,0.0
11,18,6,0,,,,71.5,0,0,0,0.0
11,19,6,0,,,,63.5,0,0,0,0.0
11,20,6,0,,,,60.5,0,0,0,0.0
11,21,6,0,,,,59.6,0,0,0,0.0
11,22,6,0,,,,54.2,0,0,0,0.0
11,23,6,0,,,,54.0,0,0,0,0.0
11,24,6,0,,,,53.0,0,0,0,0.0
12,1,7,0,,,,53.1,0,0,0,0.0
12,2,7,0,,,,53.5,0,0,0,0.0
12,3,7,0,,,,53.1,0,0,0,0.0
12,4,7,0,,,,53.8,0,0,0,0.0
12,5,7,0,,,,53.9,0,0,0,0.0
12,6,7,0,,,,53.7,0,0,0,0.0
12,7,7,0,,,,51.9,0,0,0,0.0
12,8,7,0,,,,53.0,0,0,0,6.0
12,9,7,0,,,,53.7,0,0,0,41.0
12,10,7,0,,,,54.1,0,0,0,82.0
12,11,7,0,,,,50.8,0,0,0,125.0
12,12,7,0,,,,51.7,0,0,0,176.0
12,13,7,0,,,,53.4,0,0,0,156.0
12,14,7,0,,,,52.0,0,0,0,135.0
12,15,7,0,,,,53.0,0,0,0,51.0
12,16,7,0,,,,53.8,0,0,0,0.0
12,17,7,0,,,,59.6,0,0,0,0.0
12,18,7,0,,,,59.3,0,0,0,0.0
12,19,7,0,,,,59.3,0,0,0,0.0
12,20,7,0,,,,58.8,0,0,0,0.0
12,21,7,0,,,,59.8,0,0,0,0.0
12,22,7,0,,,,57.4,0,0,0,0.0
12,23,7,0,,,,58.5,0,0,0,0.0
12,24,7,0,,,,56.2,0,0,0,0.0
12,1,1,0,,,,58.8,0,0,0,0.0
12,2,1,0,,,,56.3,0,0,0,0.0
12,3,1,0,,,,53.3,0,0,0,0.0
12,4,1,0,,,,54.1,0,0,0,0.0
12,5,1,0,,,,52.2,0,0,0,0.0
12,6,1,0,,,,51.8,0,0,0,0.0
12,7,1,0,,,,51.9,0,0,0,0.0
12,8,1,0,,,,52.8,0,0,0,33.0
12,9,1,0,,,,50.9,0,0,0,255.0
12,10,1,0,,,,50.2,0,0,0,591.0
12,11,1,0,,,,47.5,0,0,0,712.0
12,12,1,0,,,,46.8,0,0,0,737.0
12,13,1,0,,,,45.7,0,0,0,703.0
12,14,1,0,,,,48.0,0,0,0,574.0
12,15,1,0,,,,48.7,0,0,0,250.0
12,16,1,0,,,,51.8,0,0,0,0.0
12,17,1,0,,,,57.5,0,0,0,0.0
12,18,1,0,,,,54.4,0,0,0,0.0
12,19,1,0,,,,55.7,0,0,0,0.0
12,20,1,0,,,,55.4,0,0,0,0.0
12,21,1,0,,,,54.0,0,0,0,0.0
12,22,1,0,,,,53.8,0,0,0,0.0
12,23,1,0,,,,53.2,0,0,0,0.0
12,24,1,0,,,,53.7,0,0,0,0.0
12,1,2,0,,,,50.2,0,0,0,0.0
12,2,2,0,,,,51.5,0,0,0,0.0
12,3,2,0,,,,50.4,0,0,0,0.0
12,4,2,0,,,,51.9,0,0,0,0.0
12,5,2,0,,,,49.4,0,0,0,0.0
12,6,2,0,,,,49.0,0,0,0,0.0
12,7,2,0,,,,47.9,0,0,0,0.0
12,8,2,0,,,,51.5,0,0,0,1.0
12,9,2,0,,,,54.8,0,0,0,33.0
12,10,2,0,,,,61.2,0,0,0,138.0
12,11,2,0,,,,68.6,0,0,0,218.0
12,12,2,0,,,,71.3,0,0,0,159.0
12,13,2,0,,,,70.3,0,0,0,108.0
12,14,2,0,,,,68.5,0,0,0,101.0
12,15,2,0,,,,71.7,0,0,0,73.0
12,16,2,0,,,,71.3,0,0,0,0.0
12,17,2,0,,,,68.7,0,0,0,0.0
12,18,2,0,,,,65.2,0,0,0,0.0
12,19,2,0,,,,61.1,0,0,0,0.0
12,20,2,0,,,,55.5,0,0,0,0.0
12,21,2,0,,,,52.6,0,0,0,0.0
12,22,2,0,,,,52.2,0,0,0,0.0
12,23,2,0,,,,55.0,0,0,0,0.0
12,24,2,0,,,,53.2,0,0,0,0.0
12,1,3,0,,,,51.2,0,0,0,0.0
12,2,3,0,,,,50.3,0,0,0,0.0
12,3,3,0,,,,49.9,0,0,0,0.0
12,4,3,0,,,,51.4,0,0,0,0.0
12,5,3,0,,,,49.9,0,0,0,0.0
12,6,3,0,,,,50.2,0,0,0,0.0
12,7,3,0,,,,49.6,0,0,0,0.0
12,8,3,0,,,,51.9,0,0,0,0.0
12,9,3,0,,,,53.2,0,0,0,13.0
12,10,3,0,,,,60.2,0,0,0,41.0
12,11,3,0,,,,63.5,0,0,0,84.0
12,12,3,0,,,,65.9,0,0,0,123.0
12,13,3,0,,,,69.7,0,0,0,141.0
12,14,3,0,,,,68.2,0,0,0,94.0
12,15,3,0,,,,68.5,0,0,0,26.0
12,16,3,0,,,,68.5,0,0,0,0.0
12,17,3,0,,,,68.8,0,0,0,0.0
12,18,3,0,,,,70.7,0,0,0,0.0
12,19,3,0,,,,62.8,0,0,0,0.0
12,20,3,0,,,,57.7,0,0,0,0.0
12,21,3,0,,,,57.2,0,0,0,0.0
12,22,3,0,,,,59.5,0,0,0,0.0
12,23,3,0,,,,55.6,0,0,0,0.0
12,24,3,0,,,,52.2,0,0,0,0.0
12,1,4,0,,,,51.9,0,0,0,0.0
12,2,4,0,,,,53.5,0,0,0,0.0
12,3,4,0,,,,51.1,0,0,0,0.0
12,4,4,0,,,,51.5,0,0,0,0.0
12,5,4,0,,,,49.0,0,0,0,0.0
12,6,4,0,,,,52.1,0,0,0,0.0
12,7,4,0,,,,51.4,0,0,0,0.0
12,8,4,0,,,,51.8,0,0,0,3.0
12,9,4,0,,,,52.2,0,0,0,60.0
12,10,4,0,,,,64.6,0,0,0,217.0
12,11,4,0,,,,69.2,0,0,0,416.0
12,12,4,0,,,,69.5,0,0,0,386.0
12,13,4,0,,,,68.7,0,0,0,287.0
12,14,4,0,,,,67.3,0,0,0,156.0
12,15,4,0,,,,68.8,0,0,0,33.0
12,16,4,0,,,,69.5,0,0,0,0.0
12,17,4,0,,,,70.6,0,0,0,0.0
12,18,4,0,,,,65.6,0,0,0,0.0
12,19,4,0,,,,59.6,0,0,0,0.0
12,20,4,0,,,,56.6,0,0,0,0.0
12,21,4,0,,,,56.1,0,0,0,0.0
12,22,4,0,,,,55.0,0,0,0,0.0
12,23,4,0,,,,56.2,0,0,0,0.0
12,24,4,0,,,,56.0,0,0,0,0.0
12,1,5,0,,,,56.1,0,0,0,0.0
12,2,5,0,,,,55.1,0,0,0,0.0
12,3,5,0,,,,53.4,0,0,0,0.0
12,4,5,0,,,,54.6,0,0,0,0.0
12,5,5,0,,,,55.4,0,0,0,0.0
12,6,5,0,,,,56.4,0,0,0,0.0
12,7,5,0,,,,54.7,0,0,0,0.0
12,8,5,0,,,,58.9,0,0,0,13.0
12,9,5,0,,,,62.6,0,0,0,54.0
12,10,5,0,,,,69.6,0,0,0,73.0
12,11,5,0,,,,74.2,0,0,0,104.0
12,12,5,0,,,,72.0,0,0,0,104.0
12,13,5,0,,,,74.0,0,0,0,68.0
12,14,5,0,,,,74.0,0,0,0,20.0
12,15,5,0,,,,72.6,0,0,0,1.0
12,16,5,0,,,,76.1,0,0,0,0.0
12,17,5,0,,,,73.8,0,0,0,0.0
12,18,5,0,,,,67.7,0,0,0,0.0
12,19,5,0,,,,64.6,0,0,0,0.0
12,20,5,0,,,,56.4,0,0,0,0.0
12,21,5,0,,,,54.0,0,0,0,0.0
12,22,5,0,,,,54.1,0,0,0,0.0
12,23,5,0,,,,54.2,0,0,0,0.0
12,24,5,0,,,,53.8,0,0,0,0.0
12,1,6,0,,,,54.0,0,0,0,0.0
12,2,6,0,,,,54.4,0,0,0,0.0
12,3,6,0,,,,51.9,0,0,0,0.0
12,4,6,0,,,,52.5,0,0,0,0.0
12,5,6,0,,,,51.9,0,0,0,0.0
12,6,6,0,,,,54.8,0,0,0,0.0
12,7,6,0,,,,51.2,0,0,0,0.0
12,8,6,0,,,,55.7,0,0,0,0.0
12,9,6,0,,,,56.6,0,0,0,8.0
12,10,6,0,,,,62.8,0,0,0,52.0
12,11,6,0,,,,66.2,0,0,0,142.0
12,12,6,0,,,,66.6,0,0,0,229.0
12,13,6,0,,,,65.1,0,0,0,265.0
12,14,6,0,,,,68.5,0,0,0,166.0
12,15,6,0,,,,70.5,0,0,0,19.0
12,16,6,0,,,,68.0,0,0,0,0.0
12,17,6,0,,,,67.7,0,0,0,0.0
12,18,6,0,,,,68.0,0,0,0,0.0
12,19,6,0,,,,58.3,0,0,0,0.0
12,20,6,0,,,,55.4,0,0,0,0.0
12,21,6,0,,,,53.0,0,0,0,0.0
12,22,6,0,,,,54.8,0,0,0,0.0
12,23,6,0,,,,49.3,0,0,0,0.0
12,24,6,0,,,,47.5,0,0,0,0.0
12,1,7,0,,,,45.5,0,0,0,0.0
12,2,7,0,,,,46.3,0,0,0,0.0
12,3,7,0,,,,46.6,0,0,0,0.0
12,4,7,0,,,,46.1,0,0,0,0.0
12,5,7,0,,,,48.9,0,0,0,0.0
12,6,7,0,,,,49.8,0,0,0,0.0
12,7,7,0,,,,49.6,0,0,0,0.0
12,8,7,0,,,,49.3,0,0,0,38.0
12,9,7,0,,,,48.5,0,0,0,109.0
12,10,7,0,,,,47.8,0,0,0,172.0
12,11,7,0,,,,46.6,0,0,0,178.0
12,12,7,0,,,,47.2,0,0,0,146.0
12,13,7,0,,,,48.3,0,0,0,94.0
12,14,7,0,,,,48.2,0,0,0,59.0
12,15,7,0,,,,46.0,0,0,0,10.0
12,16,7,0,,,,46.4,0,0,0,0.0
12,17,7,0,,,,47.6,0,0,0,0.0
12,18,7,0,,,,49.1,0,0,0,0.0
12,19,7,0,,,,48.8,0,0,0,0.0
12,20,7,0,,,,49.2,0,0,0,0.0
12,21,7,0,,,,46.0,0,0,0,0.0
12,22,7,0,,,,45.1,0,0,0,0.0
12,23,7,0,,,,46.2,0,0,0,0.0
12,24,7,0,,,,44.5,0,0,0,0.0
12,1,1,0,,,,46.0,0,0,0,0.0
12,2,1,0,,,,44.6,0,0,0,0.0
12,3,1,0,,,,45.1,0,0,0,0.0
12,4,1,0,,,,44.9,0,0,0,0.0
12,5,1,0,,,,44.8,0,0,0,0.0
12,6,1,0,,,,46.2,0,0,0,0.0
12,7,1,0,,,,47.2,0,0,0,0.0
12,8,1,0,,,,44.0,0,0,0,2.0
12,9,1,0,,,,43.2,0,0,0,14.0
12,10,1,0,,,,46.2,0,0,0,32.0
12,11,1,0,,,,46.8,0,0,0,50.0
12,12,1,0,,,,45.8,0,0,0,62.0
12,13,1,0,,,,47.6,0,0,0,51.0
12,14,1,0,,,,47.2,0,0,0,20.0
12,15,1,0,,,,49.4,0,0,0,3.0
12,16,1,0,,,,51.1,0,0,0,0.0
12,17,1,0,,,,52.8,0,0,0,0.0
12,18,1,0,,,,51.6,0,0,0,0.0
12,19,1,0,,,,50.5,0,0,0,0.0
12,20,1,0,,,,49.9,0,0,0,0.0
12,21,1,0,,,,49.0,0,0,0,0.0
12,22,1,0,,,,46.6,0,0,0,0.0
12,23,1,0,,,,47.0,0,0,0,0.0
12,24,1,0,,,,46.2,0,0,0,0.0
12,1,2,0,,,,50.0,0,0,0,0.0
12,2,2,0,,,,49.8,0,0,0,0.0
12,3,2,0,,,,49.4,0,0,0,0.0
12,4,2,0,,,,49.1,0,0,0,0.0
12,5,2,0,,,,50.1,0,0,0,0.0
12,6,2,0,,,,47.8,0,0,0,0.0
12,7,2,0,,,,48.7,0,0,0,0.0
12,8,2,0,,,,51.6,0,0,0,4.0
12,9,2,0,,,,52.0,0,0,0,37.0
12,10,2,0,,,,62.0,0,0,0,86.0
12,11,2,0,,,,63.8,0,0,0,148.0
12,12,2,0,,,,69.1,0,0,0,199.0
12,13,2,0,,,,68.2,0,0,0,223.0
12,14,2,0,,,,68.5,0,0,0,150.0
12,15,2,0,,,,68.7,0,0,0,26.0
12,16,2,0,,,,69.8,0,0,0,0.0
12,17,2,0,,,,72.2,0,0,0,0.0
12,18,2,0,,,,66.2,0,0,0,0.0
12,19,2,0,,,,60.5,0,0,0,0.0
12,20,2,0,,,,57.3,0,0,0,0.0
12,21,2,0,,,,55.2,0,0,0,0.0
12,22,2,0,,,,55.2,0,0,0,0.0
12,23,2,0,,,,58.0,0,0,0,0.0
12,24,2,0,,,,53.4,0,0,0,0.0
12,1,3,0,,,,52.5,0,0,0,0.0
12,2,3,0,,,,53.4,0,0,0,0.0
12,3,3,0,,,,52.1,0,0,0,0.0
12,4,3,0,,,,54.8,0,0,0,0.0
12,5,3,0,,,,52.4,0,0,0,0.0
12,6,3,0,,,,56.0,0,0,0,0.0
12,7,3,0,,,,56.2,0,0,0,0.0
12,8,3,0,,,,53.8,0,0,0,54.0
12,9,3,0,,,,55.7,0,0,0,212.0
12,10,3,0,,,,60.6,0,0,0,367.0
12,11,3,0,,,,68.0,0,0,0,444.0
12,12,3,0,,,,72.0,0,0,0,454.0
12,13,3,0,,,,70.1,0,0,0,412.0
12,14,3,0,,,,71.8,0,0,0,293.0
12,15,3,0,,,,66.0,0,0,0,73.0
12,16,3,0,,,,72.4,0,0,0,0.0
12,17,3,0,,,,72.6,0,0,0,0.0
12,18,3,0,,,,70.9,0,0,0,0.0
12,19,3,0,,,,64.3,0,0,0,0.0
12,20,3,0,,,,60.3,0,0,0,0.0
12,21,3,0,,,,61.2,0,0,0,0.0
12,22,3,0,,,,63.8,0,0,0,0.0
12,23,3,0,,,,60.7,0,0,0,0.0
12,24,3,0,,,,59.8,0,0,0,0.0
12,1,4,0,,,,58.5,0,0,0,0.0
12,2,4,0,,,,58.6,0,0,0,0.0
12,3,4,0,,,,55.8,0,0,0,0.0
12,4,4,0,,,,58.2,0,0,0,0.0
12,5,4,0,,,,57.6,0,0,0,0.0
12,6,4,0,,,,55.8,0,0,0,0.0
12,7,4,0,,,,55.2,0,0,0,0.0
12,8,4,0,,,,54.8,0,0,0,18.0
12,9,4,0,,,,57.8,0,0,0,100.0
12,10,4,0,,,,69.1,0,0,0,223.0
12,11,4,0,,,,74.1,0,0,0,277.0
12,12,4,0,,,,75.9,0,0,0,245.0
12,13,4,0,,,,75.0,0,0,0,153.0
12,14,4,0,,,,72.0,0,0,0,64.0
12,15,4,0,,,,72.9,0,0,0,6.0
12,16,4,0,,,,75.8,0,0,0,0.0
12,17,4,0,,,,74.8,0,0,0,0.0
12,18,4,0,,,,70.4,0,0,0,0.0
12,19,4,0,,,,65.7,0,0,0,0.0
12,20,4,0,,,,59.7,0,0,0,0.0
12,21,4,0,,,,56.3,0,0,0,0.0
12,22,4,0,,,,56.2,0,0,0,0.0
12,23,4,0,,,,57.8,0,0,0,0.0
12,24,4,0,,,,56.2,0,0,0,0.0
12,1,5,0,,,,56.7,0,0,0,0.0
12,2,5,0,,,,55.5,0,0,0,0.0
12,3,5,0,,,,54.9,0,0,0,0.0
12,4,5,0,,,,57.4,0,0,0,0.0
12,5,5,0,,,,55.1,0,0,0,0.0
12,6,5,0,,,,55.7,0,0,0,0.0
12,7,5,0,,,,54.9,0,0,0,0.0
12,8,5,0,,,,57.4,0,0,0,150.0
12,9,5,0,,,,59.3,0,0,0,469.0
12,10,5,0,,,,67.9,0,0,0,657.0
12,11,5,0,,,,73.1,0,0,0,728.0
12,12,5,0,,,,75.9,0,0,0,729.0
12,13,5,0,,,,72.0,0,0,0,660.0
12,14,5,0,,,,73.2,0,0,0,455.0
12,15,5,0,,,,77.5,0,0,0,99.0
12,16,5,0,,,,76.4,0,0,0,0.0
12,17,5,0,,,,77.9,0,0,0,0.0
12,18,5,0,,,,71.8,0,0,0,0.0
12,19,5,0,,,,61.4,0,0,0,0.0
12,20,5,0,,,,58.7,0,0,0,0.0
12,21,5,0,,,,56.0,0,0,0,0.0
12,22,5,0,,,,54.1,0,0,0,0.0
12,23,5,0,,,,52.6,0,0,0,0.0
12,24,5,0,,,,49.8,0,0,0,0.0
12,1,6,0,,,,49.4,0,0,0,0.0
12,2,6,0,,,,49.5,0,0,0,0.0
12,3,6,0,,,,51.5,0,0,0,0.0
12,4,6,0,,,,49.9,0,0,0,0.0
12,5,6,0,,,,47.8,0,0,0,0.0
12,6,6,0,,,,48.1,0,0,0,0.0
12,7,6,0,,,,50.8,0,0,0,0.0
12,8,6,0,,,,53.4,0,0,0,0.0
12,9,6,0,,,,56.8,0,0,0,1.0
12,10,6,0,,,,64.4,0,0,0,8.0
12,11,6,0,,,,65.2,0,0,0,12.0
12,12,6,0,,,,70.2,0,0,0,15.0
12,13,6,0,,,,72.1,0,0,0,15.0
12,14,6,0,,,,71.3,0,0,0,6.0
12,15,6,0,,,,70.2,0,0,0,0.0
12,16,6,0,,,,72.5,0,0,0,0.0
12,17,6,0,,,,68.2,0,0,0,0.0
12,18,6,0,,,,59.7,0,0,0,0.0
12,19,6,0,,,,49.6,0,0,0,0.0
12,20,6,0,,,,45.9,0,0,0,0.0
12,21,6,0,,,,48.5,0,0,0,0.0
12,22,6,0,,,,49.8,0,0,0,0.0
12,23,6,0,,,,46.4,0,0,0,0.0
12,24,6,0,,,,44.9,0,0,0,0.0
12,1,7,0,,,,42.4,0,0,0,0.0
12,2,7,0,,,,43.1,0,0,0,0.0
12,3,7,0,,,,41.2,0,0,0,0.0
12,4,7,0,,,,40.4,0,0,0,0.0
12,5,7,0,,,,41.2,0,0,0,0.0
12,6,7,0,,,,41.8,0,0,0,0.0
12,7,7,0,,,,41.4,0,0,0,0.0
12,8,7,0,,,,43.8,0,0,0,11.0
12,9,7,0,,,,44.9,0,0,0,94.0
12,10,7,0,,,,47.0,0,0,0,182.0
12,11,7,0,,,,45.8,0,0,0,287.0
12,12,7,0,,,,46.4,0,0,0,275.0
12,13,7,0,,,,47.6,0,0,0,215.0
12,14,7,0,,,,46.1,0,0,0,127.0
12,15,7,0,,,,49.0,0,0,0,17.0
12,16,7,0,,,,48.0,0,0,0,0.0
12,17,7,0,,,,50.0,0,0,0,0.0
12,18,7,0,,,,51.5,0,0,0,0.0
12,19,7,0,,,,49.4,0,0,0,0.0
12,20,7,0,,,,49.1,0,0,0,0.0
12,21,7,0,,,,49.0,0,0,0,0.0
12,22,7,0,,,,47.2,0,0,0,0.0
12,23,7,0,,,,45.9,0,0,0,0.0
12,24,7,0,,,,47.4,0,0,0,0.0
12,1,1,0,,,,46.9,0,0,0,0.0
12,2,1,0,,,,43.4,0,0,0,0.0
12,3,1,0,,,,42.2,0,0,0,0.0
12,4,1,0,,,,43.0,0,0,0,0.0
12,5,1,0,,,,42.7,0,0,0,0.0
12,6,1,0,,,,48.3,0,0,0,0.0
12,7,1,0,,,,43.2,0,0,0,0.0
12,8,1,0,,,,41.8,0,0,0,0.0
12,9,1,0,,,,42.3,0,0,0,25.0
12,10,1,0,,,,46.2,0,0,0,85.0
12,11,1,0,,,,45.3,0,0,0,173.0
12,12,1,0,,,,48.0,0,0,0,215.0
12,13,1,0,,,,46.7,0,0,0,180.0
12,14,1,0,,,,49.6,0,0,0,119.0
12,15,1,0,,,,49.1,0,0,0,25.0
12,16,1,0,,,,57.2,0,0,0,0.0
12,17,1,0,,,,54.8,0,0,0,0.0
12,18,1,0,,,,51.7,0,0,0,0.0
12,19,1,0,,,,52.2,0,0,0,0.0
12,20,1,0,,,,49.5,0,0,0,0.0
12,21,1,0,,,,47.4,0,0,0,0.0
12,22,1,0,,,,46.0,0,0,0,0.0
12,23,1,0,,,,45.8,0,0,0,0.0
12,24,1,0,,,,44.1,0,0,0,0.0
12,1,2,0,,,,42.4,0,0,0,0.0
12,2,2,0,,,,43.4,0,0,0,0.0
12,3,2,0,,,,44.8,0,0,0,0.0
12,4,2,0,,,,43.8,0,0,0,0.0
12,5,2,0,,,,47.4,0,0,0,0.0
12,6,2,0,,,,46.7,0,0,0,0.0
12,7,2,0,,,,47.4,0,0,0,0.0
12,8,2,0,,,,52.8,0,0,0,0.0
12,9,2,0,,,,56.9,0,0,0,9.0
12,10,2,0,,,,68.3,0,0,0,38.0
12,11,2,0,,,,70.3,0,0,0,94.0
12,12,2,0,,,,70.9,0,0,0,287.0
12,13,2,0,,,,72.2,0,0,0,316.0
12,14,2,0,,,,68.1,0,0,0,129.0
12,15,2,0,,,,69.6,0,0,0,17.0
12,16,2,0,,,,70.0,0,0,0,0.0
12,17,2,0,,,,67.3,0,0,0,0.0
12,18,2,0,,,,60.0,0,0,0,0.0
12,19,2,0,,,,53.4,0,0,0,0.0
12,20,2,0,,,,48.1,0,0,0,0.0
12,21,2,0,,,,50.1,0,0,0,0.0
12,22,2,0,,,,50.3,0,0,0,0.0
12,23,2,0,,,,45.8,0,0,0,0.0
12,24,2,0,,,,46.1,0,0,0,0.0
12,1,3,0,,,,48.2,0,0,0,0.0
12,2,3,0,,,,48.8,0,0,0,0.0
12,3,3,0,,,,48.6,0,0,0,0.0
12,4,3,0,,,,48.1,0,0,0,0.0
12,5,3,0,,,,48.9,0,0,0,0.0
12,6,3,0,,,,53.2,0,0,0,0.0
12,7,3,0,,,,49.4,0,0,0,0.0
12,8,3,0,,,,52.2,0,0,0,1.0
12,9,3,0,,,,59.0,0,0,0,26.0
12,10,3,0,,,,64.5,0,0,0,59.0
12,11,3,0,,,,64.8,0,0,0,79.0
12,12,3,0,,,,65.2,0,0,0,86.0
12,13,3,0,,,,65.7,0,0,0,62.0
12,14,3,0,,,,67.1,0,0,0,29.0
12,15,3,0,,,,66.6,0,0,0,2.0
12,16,3,0,,,,66.3,0,0,0,0.0
12,17,3,0,,,,65.1,0,0,0,0.0
12,18,3,0,,,,60.4,0,0,0,0.0
12,19,3,0,,,,51.8,0,0,0,0.0
12,20,3,0,,,,47.0,0,0,0,0.0
12,21,3,0,,,,45.6,0,0,0,0.0
12,22,3,0,,,,47.4,0,0,0,0.0
12,23,3,0,,,,44.0,0,0,0,0.0
12,24,3,0,,,,43.6,0,0,0,0.0
12,1,4,0,,,,42.6,0,0,0,0.0
12,2,4,0,,,,42.9,0,0,0,0.0
12,3,4,0,,,,42.6,0,0,0,0.0
12,4,4,0,,,,42.6,0,0,0,0.0
12,5,4,0,,,,42.3,0,0,0,0.0
12,6,4,0,,,,49.6,0,0,0,0.0
12,7,4,0,,,,45.4,0,0,0,0.0
12,8,4,0,,,,47.1,0,0,0,0.0
12,9,4,0,,,,52.1,0,0,0,17.0
12,10,4,0,,,,58.9,0,0,0,51.0
12,11,4,0,,,,65.2,0,0,0,47.0
12,12,4,0,,,,68.2,0,0,0,42.0
12,13,4,0,,,,66.4,0,0,0,24.0
12,14,4,0,,,,67.5,0,0,0,9.0
12,15,4,0,,,,68.7,0,0,0,0.0
12,16,4,0,,,,70.1,0,0,0,0.0
12,17,4,0,,,,67.2,0,0,0,0.0
12,18,4,0,,,,62.2,0,0,0,0.0
12,19,4,0,,,,57.7,0,0,0,0.0
12,20,4,0,,,,51.4,0,0,0,0.0
12,21,4,0,,,,50.6,0,0,0,0.0
12,22,4,0,,,,46.8,0,0,0,0.0
12,23,4,0,,,,46.0,0,0,0,0.0
12,24,4,0,,,,45.4,0,0,0,0.0
12,1,5,0,,,,43.6,0,0,0,0.0
12,2,5,0,,,,43.5,0,0,0,0.0
12,3,5,0,,,,43.5,0,0,0,0.0
12,4,5,0,,,,43.6,0,0,0,0.0
12,5,5,0,,,,44.2,0,0,0,0.0
12,6,5,0,,,,44.8,0,0,0,0.0
12,7,5,0,,,,46.8,0,0,0,0.0
12,8,5,0,,,,50.8,0,0,0,0.0
12,9,5,0,,,,57.0,0,0,0,2.0
12,10,5,0,,,,66.4,0,0,0,7.0
12,11,5,0,,,,72.9,0,0,0,11.0
12,12,5,0,,,,76.9,0,0,0,9.0
12,13,5,0,,,,80.2,0,0,0,6.0
12,14,5,0,,,,78.0,0,0,0,2.0
12,15,5,0,,,,76.6,0,0,0,0.0
12,16,5,0,,,,77.4,0,0,0,0.0
12,17,5,0,,,,77.2,0,0,0,0.0
12,18,5,0,,,,67.3,0,0,0,0.0
12,19,5,0,,,,58.5,0,0,0,0.0
12,20,5,0,,,,54.4,0,0,0,0.0
12,21,5,0,,,,54.7,0,0,0,0.0
12,22,5,0,,,,49.4,0,0,0,0.0
12,23,5,0,,,,48.6,0,0,0,0.0
12,24,5,0,,,,48.0,0,0,0,0.0
12,1,6,0,,,,46.9,0,0,0,0.0
12,2,6,0,,,,46.9,0,0,0,0.0
12,3,6,0,,,,48.9,0,0,0,0.0
12,4,6,0,,,,45.4,0,0,0,0.0
12,5,6,0,,,,45.0,0,0,0,0.0
12,6,6,0,,,,44.2,0,0,0,0.0
12,7,6,0,,,,46.5,0,0,0,0.0
12,8,6,0,,,,48.8,0,0,0,0.0
12,9,6,0,,,,59.7,0,0,0,20.0
12,10,6,0,,,,66.8,0,0,0,70.0
12,11,6,0,,,,75.3,0,0,0,82.0
12,12,6,0,,,,82.7,0,0,0,70.0
12,13,6,0,,,,87.2,0,0,0,44.0
12,14,6,0,,,,83.1,0,0,0,17.0
12,15,6,0,,,,79.3,0,0,0,0.0
12,16,6,0,,,,76.4,0,0,0,0.0
12,17,6,0,,,,69.5,0,0,0,0.0
12,18,6,0,,,,59.1,0,0,0,0.0
12,19,6,0,,,,50.8,0,0,0,0.0
12,20,6,0,,,,47.4,0,0,0,0.0
12,21,6,0,,,,49.4,0,0,0,0.0
12,22,6,0,,,,46.4,0,0,0,0.0
12,23,6,0,,,,47.6,0,0,0,0.0
12,24,6,0,,,,43.9,0,0,0,0.0
12,1,7,0,,,,42.9,0,0,0,0.0
12,2,7,0,,,,44.7,0,0,0,0.0
12,3,7,0,,,,43.1,0,0,0,0.0
12,4,7,0,,,,45.3,0,0,0,0.0
12,5,7,0,,,,44.3,0,0,0,0.0
12,6,7,0,,,,42.9,0,0,0,0.0
12,7,7,0,,,,41.9,0,0,0,0.0
12,8,7,0,,,,44.7,0,0,0,0.0
12,9,7,0,,,,45.2,0,0,0,1.0
12,10,7,0,,,,45.4,0,0,0,7.0
12,11,7,0,,,,45.4,0,0,0,14.0
12,12,7,0,,,,45.2,0,0,0,26.0
12,13,7,0,,,,46.5,0,0,0,18.0
12,14,7,0,,,,42.6,0,0,0,6.0
12,15,7,0,,,,41.8,0,0,0,0.0
12,16,7,0,,,,43.0,0,0,0,0.0
12,17,7,0,,,,42.9,0,0,0,0.0
12,18,7,0,,,,43.6,0,0,0,0.0
12,19,7,0,,,,42.3,0,0,0,0.0
12,20,7,0,,,,42.6,0,0,0,0.0
12,21,7,0,,,,42.5,0,0,0,0.0
12,22,7,0,,,,41.8,0,0,0,0.0
12,23,7,0,,,,42.6,0,0,0,0.0
12,24,7,0,,,,42.6,0,0,0,0.0
12,1,1,0,,,,42.9,0,0,0,0.0
12,2,1,0,,,,43.0,0,0,0,0.0
12,3,1,0,,,,42.4,0,0,0,0.0
12,4,1,0,,,,42.3,0,0,0,0.0
12,5,1,0,,,,41.5,0,0,0,0.0
12,6,1,0,,,,42.1,0,0,0,0.0
12,7,1,0,,,,41.4,0,0,0,0.0
12,8,1,0,,,,43.2,0,0,0,28.0
12,9,1,0,,,,42.0,0,0,0,215.0
12,10,1,0,,,,41.4,0,0,0,462.0
12,11,1,0,,,,40.8,0,0,0,583.0
12,12,1,0,,,,40.9,0,0,0,587.0
12,13,1,0,,,,41.9,0,0,0,469.0
12,14,1,0,,,,42.4,0,0,0,268.0
12,15,1,0,,,,41.4,0,0,0,41.0
12,16,1,0,,,,43.1,0,0,0,0.0
12,17,1,0,,,,43.8,0,0,0,0.0
12,18,1,0,,,,42.8,0,0,0,0.0
12,19,1,0,,,,43.8,0,0,0,0.0
12,20,1,0,,,,44.2,0,0,0,0.0
12,21,1,0,,,,42.5,0,0,0,0.0
12,22,1,0,,,,40.3,0,0,0,0.0
12,23,1,0,,,,40.9,0,0,0,0.0
12,24,1,0,,,,40.6,0,0,0,0.0
12,1,2,0,,,,40.5,0,0,0,0.0
12,2,2,0,,,,40.5,0,0,0,0.0
12,3,2,0,,,,40.2,0,0,0,0.0
12,4,2,0,,,,40.0,0,0,0,0.0
12,5,2,0,,,,44.5,0,0,0,0.0
12,6,2,0,,,,43.0,0,0,0,0.0
12,7,2,0,,,,41.9,0,0,0,0.0
12,8,2,0,,,,44.0,0,0,0,0.0
12,9,2,0,,,,42.2,0,0,0,3.0
12,10,2,0,,,,45.4,0,0,0,12.0
12,11,2,0,,,,49.5,0,0,0,22.0
12,12,2,0,,,,46.1,0,0,0,26.0
12,13,2,0,,,,47.8,0,0,0,32.0
12,14,2,0,,,,48.2,0,0,0,14.0
12,15,2,0,,,,46.7,0,0,0,2.0
12,16,2,0,,,,47.3,0,0,0,0.0
12,17,2,0,,,,42.2,0,0,0,0.0
12,18,2,0,,,,44.6,0,0,0,0.0
12,19,2,0,,,,44.5,0,0,0,0.0
12,20,2,0,,,,46.8,0,0,0,0.0
12,21,2,0,,,,47.1,0,0,0,0.0
12,22,2,0,,,,48.2,0,0,0,0.0
12,23,2,0,,,,43.9,0,0,0,0.0
12,24,2,0,,,,41.9,0,0,0,0.0
12,1,3,0,,,,41.2,0,0,0,0.0
12,2,3,0,,,,41.1,0,0,0,0.0
12,3,3,0,,,,40.4,0,0,0,0.0
12,4,3,0,,,,40.4,0,0,0,0.0
12,5,3,0,,,,42.3,0,0,0,0.0
12,6,3,0,,,,40.9,0,0,0,0.0
12,7,3,0,,,,41.3,0,0,0,0.0
12,8,3,0,,,,43.4,0,0,0,0.0
12,9,3,0,,,,42.0,0,0,0,6.0
12,10,3,0,,,,41.6,0,0,0,14.0
12,11,3,0,,,,40.0,0,0,0,25.0
12,12,3,0,,,,38.2,0,0,0,32.0
12,13,3,0,,,,40.8,0,0,0,32.0
12,14,3,0,,,,42.7,0,0,0,24.0
12,15,3,0,,,,40.4,0,0,0,3.0
12,16,3,0,,,,39.4,0,0,0,0.0
12,17,3,0,,,,40.6,0,0,0,0.0
12,18,3,0,,,,40.0,0,0,0,0.0
12,19,3,0,,,,39.9,0,0,0,0.0
12,20,3,0,,,,42.4,0,0,0,0.0
12,21,3,0,,,,41.1,0,0,0,0.0
12,22,3,0,,,,41.0,0,0,0,0.0
12,23,3,0,,,,40.5,0,0,0,0.0
12,24,3,0,,,,41.2,0,0,0,0.0
12,1,4,0,,,,41.0,0,0,0,0.0
12,2,4,0,,,,42.7,0,0,0,0.0
12,3,4,0,,,,44.0,0,0,0,0.0
12,4,4,0,,,,42.6,0,0,0,0.0
12,5,4,0,,,,44.0,0,0,0,0.0
12,6,4,0,,,,43.2,0,0,0,0.0
12,7,4,0,,,,42.6,0,0,0,0.0
12,8,4,0,,,,41.5,0,0,0,0.0
12,9,4,0,,,,43.6,0,0,0,16.0
12,10,4,0,,,,42.9,0,0,0,57.0
12,11,4,0,,,,42.2,0,0,0,94.0
12,12,4,0,,,,42.7,0,0,0,73.0
12,13,4,0,,,,43.9,0,0,0,20.0
12,14,4,0,,,,42.5,0,0,0,7.0
12,15,4,0,,,,40.4,0,0,0,0.0
12,16,4,0,,,,42.4,0,0,0,0.0
12,17,4,0,,,,43.4,0,0,0,0.0
12,18,4,0,,,,44.4,0,0,0,0.0
12,19,4,0,,,,46.1,0,0,0,0.0
12,20,4,0,,,,45.7,0,0,0,0.0
12,21,4,0,,,,41.6,0,0,0,0.0
12,22,4,0,,,,42.0,0,0,0,0.0
12,23,4,0,,,,41.3,0,0,0,0.0
12,24,4,0,,,,42.9,0,0,0,0.0
12,1,5,0,,,,41.8,0,0,0,0.0
12,2,5,0,,,,40.1,0,0,0,0.0
12,3,5,0,,,,40.0,0,0,0,0.0
12,4,5,0,,,,41.0,0,0,0,0.0
12,5,5,0,,,,42.1,0,0,0,0.0
12,6,5,0,,,,43.8,0,0,0,0.0
12,7,5,0,,,,45.0,0,0,0,0.0
12,8,5,0,,,,45.0,0,0,0,0.0
12,9,5,0,,,,44.5,0,0,0,7.0
12,10,5,0,,,,46.2,0,0,0,14.0
12,11,5,0,,,,45.0,0,0,0,16.0
12,12,5,0,,,,46.1,0,0,0,22.0
12,13,5,0,,,,45.6,0,0,0,27.0
12,14,5,0,,,,44.8,0,0,0,20.0
12,15,5,0,,,,44.8,0,0,0,3.0
12,16,5,0,,,,43.7,0,0,0,0.0
12,17,5,0,,,,44.8,0,0,0,0.0
12,18,5,0,,,,44.2,0,0,0,0.0
12,19,5,0,,,,45.2,0,0,0,0.0
12,20,5,0,,,,45.8,0,0,0,0.0
12,21,5,0,,,,43.9,0,0,0,0.0
12,22,5,0,,,,43.4,0,0,0,0.0
12,23,5,0,,,,43.6,0,0,0,0.0
12,24,5,0,,,,42.8,0,0,0,0.0
12,1,6,0,,,,44.2,0,0,0,0.0
12,2,6,0,,,,46.1,0,0,0,0.0
12,3,6,0,,,,44.3,0,0,0,0.0
12,4,6,0,,,,44.0,0,0,0,0.0
12,5,6,0,,,,45.8,0,0,0,0.0
12,6,6,0,,,,44.1,0,0,0,0.0
12,7,6,0,,,,44.1,0,0,0,0.0
12,8,6,0,,,,44.6,0,0,0,0.0
12,9,6,0,,,,42.8,0,0,0,2.0
12,10,6,0,,,,43.3,0,0,0,6.0
12,11,6,0,,,,43.4,0,0,0,17.0
12,12,6,0,,,,42.6,0,0,0,43.0
12,13,6,0,,,,45.6,0,0,0,30.0
12,14,6,0,,,,46.0,0,0,0,17.0
12,15,6,0,,,,46.1,0,0,0,1.0
12,16,6,0,,,,49.4,0,0,0,0.0
12,17,6,0,,,,49.4,0,0,0,0.0
12,18,6,0,,,,48.5,0,0,0,0.0
12,19,6,0,,,,47.7,0,0,0,0.0
12,20,6,0,,,,46.9,0,0,0,0.0
12,21,6,0,,,,48.1,0,0,0,0.0
12,22,6,0,,,,48.6,0,0,0,0.0
12,23,6,0,,,,48.2,0,0,0,0.0
12,24,6,0,,,,47.1,0,0,0,0.0
12,1,7,0,,,,46.7,0,0,0,0.0
12,2,7,0,,,,47.0,0,0,0,0.0
12,3,7,0,,,,46.7,0,0,0,0.0
12,4,7,0,,,,47.2,0,0,0,0.0
12,5,7,0,,,,47.9,0,0,0,0.0
12,6,7,0,,,,48.4,0,0,0,0.0
12,7,7,0,,,,49.8,0,0,0,0.0
12,8,7,0,,,,47.9,0,0,0,0.0
12,9,7,0,,,,45.6,0,0,0,2.0
12,10,7,0,,,,46.2,0,0,0,8.0
12,11,7,0,,,,46.2,0,0,0,13.0
12,12,7,0,,,,48.8,0,0,0,12.0
12,13,7,0,,,,48.8,0,0,0,7.0
12,14,7,0,,,,47.6,0,0,0,4.0
12,15,7,0,,,,46.9,0,0,0,0.0
12,16,7,0,,,,47.9,0,0,0,0.0
12,17,7,0,,,,47.4,0,0,0,0.0
12,18,7,0,,,,45.1,0,0,0,0.0
12,19,7,0,,,,44.3,0,0,0,0.0
12,20,7,0,,,,44.6,0,0,0,0.0
12,21,7,0,,,,44.4,0,0,0,0.0
12,22,7,0,,,,44.4,0,0,0,0.0
12,23,7,0,,,,44.4,0,0,0,0.0
12,24,7,0,,,,44.4,0,0,0,0.0
12,1,1,0,,,,46.8,0,0,0,0.0
12,2,1,0,,,,48.7,0,0,0,0.0
12,3,1,0,,,,45.4,0,0,0,0.0
12,4,1,0,,,,45.9,0,0,0,0.0
12,5,1,0,,,,46.7,0,0,0,0.0
12,6,1,0,,,,45.7,0,0,0,0.0
12,7,1,0,,,,46.1,0,0,0,0.0
12,8,1,0,,,,45.1,0,0,0,14.0
12,9,1,0,,,,47.0,0,0,0,133.0
12,10,1,0,,,,48.0,0,0,0,294.0
12,11,1,0,,,,46.0,0,0,0,374.0
12,12,1,0,,,,46.3,0,0,0,311.0
12,13,1,0,,,,47.8,0,0,0,150.0
12,14,1,0,,,,47.1,0,0,0,55.0
12,15,1,0,,,,46.4,0,0,0,15.0
12,16,1,0,,,,46.4,0,0,0,0.0
12,17,1,0,,,,45.4,0,0,0,0.0
12,18,1,0,,,,46.0,0,0,0,0.0
12,19,1,0,,,,48.1,0,0,0,0.0
12,20,1,0,,,,47.4,0,0,0,0.0
12,21,1,0,,,,48.2,0,0,0,0.0
12,22,1,0,,,,48.0,0,0,0,0.0
12,23,1,0,,,,47.8,0,0,0,0.0
12,24,1,0,,,,46.9,0,0,0,0.0
12,1,2,0,,,,47.5,0,0,0,0.0
12,2,2,0,,,,43.8,0,0,0,0.0
12,3,2,0,,,,44.0,0,0,0,0.0
12,4,2,0,,,,44.7,0,0,0,0.0
12,5,2,0,,,,45.6,0,0,0,0.0
12,6,2,0,,,,45.2,0,0,0,0.0
12,7,2,0,,,,46.7,0,0,0,0.0
12,8,2,0,,,,47.8,0,0,0,1.0
12,9,2,0,,,,46.2,0,0,0,24.0
12,10,2,0,,,,45.2,0,0,0,20.0
12,11,2,0,,,,46.2,0,0,0,13.0
12,12,2,0,,,,44.9,0,0,0,17.0
12,13,2,0,,,,49.6,0,0,0,22.0
12,14,2,0,,,,48.8,0,0,0,6.0
12,15,2,0,,,,47.4,0,0,0,0.0
12,16,2,0,,,,46.2,0,0,0,0.0
12,17,2,0,,,,44.6,0,0,0,0.0
12,18,2,0,,,,44.6,0,0,0,0.0
12,19,2,0,,,,43.8,0,0,0,0.0
12,20,2,0,,,,46.2,0,0,0,0.0
12,21,2,0,,,,48.6,0,0,0,0.0
12,22,2,0,,,,49.3,0,0,0,0.0
12,23,2,0,,,,48.4,0,0,0,0.0
12,24,2,0,,,,47.9,0,0,0,0.0
1,1,3,0,,,,47.4,0,0,0,0.0
1,2,3,0,,,,44.4,0,0,0,0.0
1,3,3,0,,,,44.4,0,0,0,0.0
1,4,3,0,,,,45.6,0,0,0,0.0
1,5,3,0,,,,47.5,0,0,0,0.0
1,6,3,0,,,,48.4,0,0,0,0.0
1,7,3,0,,,,49.8,0,0,0,0.0
1,8,3,0,,,,46.8,0,0,0,23.0
1,9,3,0,,,,44.4,0,0,0,238.0
1,10,3,0,,,,44.2,0,0,0,470.0
1,11,3,0,,,,45.7,0,0,0,539.0
1,12,3,0,,,,44.8,0,0,0,569.0
1,13,3,0,,,,47.9,0,0,0,508.0
1,14,3,0,,,,46.7,0,0,0,333.0
1,15,3,0,,,,47.2,0,0,0,84.0
1,16,3,0,,,,47.4,0,0,0,0.0
1,17,3,0,,,,48.5,0,0,0,0.0
1,18,3,0,,,,46.1,0,0,0,0.0
1,19,3,0,,,,44.8,0,0,0,0.0
1,20,3,0,,,,43.8,0,0,0,0.0
1,21,3,0,,,,43.7,0,0,0,0.0
1,22,3,0,,,,45.1,0,0,0,0.0
1,23,3,0,,,,44.5,0,0,0,0.0
1,24,3,0,,,,45.8,0,0,0,0.0
1,1,4,0,,,,45.2,0,0,0,0.0
1,2,4,0,,,,47.0,0,0,0,0.0
1,3,4,0,,,,46.0,0,0,0,0.0
1,4,4,0,,,,48.2,0,0,0,0.0
1,5,4,0,,,,49.8,0,0,0,0.0
1,6,4,0,,,,48.4,0,0,0,0.0
1,7,4,0,,,,48.8,0,0,0,0.0
1,8,4,0,,,,47.9,0,0,0,1.0
1,9,4,0,,,,54.5,0,0,0,10.0
1,10,4,0,,,,59.6,0,0,0,22.0
1,11,4,0,,,,59.7,0,0,0,41.0
1,12,4,0,,,,58.9,0,0,0,37.0
1,13,4,0,,,,56.8,0,0,0,22.0
1,14,4,0,,,,56.2,0,0,0,10.0
1,15,4,0,,,,57.4,0,0,0,0.0
1,16,4,0,,,,58.1,0,0,0,0.0
1,17,4,0,,,,55.6,0,0,0,0.0
1,18,4,0,,,,49.6,0,0,0,0.0
1,19,4,0,,,,45.0,0,0,0,0.0
1,20,4,0,,,,43.5,0,0,0,0.0
1,21,4,0,,,,43.1,0,0,0,0.0
1,22,4,0,,,,43.2,0,0,0,0.0
1,23,4,0,,,,46.0,0,0,0,0.0
1,24,4,0,,,,45.1,0,0,0,0.0
1,1,5,0,,,,45.6,0,0,0,0.0
1,2,5,0,,,,44.1,0,0,0,0.0
1,3,5,0,,,,45.1,0,0,0,0.0
1,4,5,0,,,,44.9,0,0,0,0.0
1,5,5,0,,,,46.4,0,0,0,0.0
1,6,5,0,,,,45.9,0,0,0,0.0
1,7,5,0,,,,44.1,0,0,0,0.0
1,8,5,0,,,,46.7,0,0,0,2.0
1,9,5,0,,,,51.7,0,0,0,28.0
1,10,5,0,,,,59.4,0,0,0,65.0
1,11,5,0,,,,62.8,0,0,0,83.0
1,12,5,0,,,,62.2,0,0,0,74.0
1,13,5,0,,,,64.0,0,0,0,56.0
1,14,5,0,,,,65.0,0,0,0,28.0
1,15,5,0,,,,68.6,0,0,0,4.0
1,16,5,0,,,,63.9,0,0,0,0.0
1,17,5,0,,,,63.6,0,0,0,0.0
1,18,5,0,,,,54.8,0,0,0,0.0
1,19,5,0,,,,49.8,0,0,0,0.0
1,20,5,0,,,,48.4,0,0,0,0.0
1,21,5,0,,,,45.0,0,0,0,0.0
1,22,5,0,,,,44.5,0,0,0,0.0
1,23,5,0,,,,44.9,0,0,0,0.0
1,24,5,0,,,,46.5,0,0,0,0.0
1,1,6,0,,,,47.2,0,0,0,0.0
1,2,6,0,,,,46.6,0,0,0,0.0
1,3,6,0,,,,45.6,0,0,0,0.0
1,4,6,0,,,,46.6,0,0,0,0.0
1,5,6,0,,,,46.9,0,0,0,0.0
1,6,6,0,,,,47.5,0,0,0,0.0
1,7,6,0,,,,48.0,0,0,0,0.0
1,8,6,0,,,,51.1,0,0,0,1.0
1,9,6,0,,,,54.4,0,0,0,14.0
1,10,6,0,,,,60.2,0,0,0,32.0
1,11,6,0,,,,59.8,0,0,0,43.0
1,12,6,0,,,,63.4,0,0,0,55.0
1,13,6,0,,,,67.5,0,0,0,51.0
1,14,6,0,,,,66.2,0,0,0,22.0
1,15,6,0,,,,70.0,0,0,0,1.0
1,16,6,0,,,,72.1,0,0,0,0.0
1,17,6,0,,,,64.7,0,0,0,0.0
1,18,6,0,,,,54.8,0,0,0,0.0
1,19,6,0,,,,49.6,0,0,0,0.0
1,20,6,0,,,,47.8,0,0,0,0.0
1,21,6,0,,,,45.1,0,0,0,0.0
1,22,6,0,,,,45.3,0,0,0,0.0
1,23,6,0,,,,45.7,0,0,0,0.0
1,24,6,0,,,,45.8,0,0,0,0.0
1,1,7,0,,,,45.0,0,0,0,0.0
1,2,7,0,,,,47.1,0,0,0,0.0
1,3,7,0,,,,46.0,0,0,0,0.0
1,4,7,0,,,,45.9,0,0,0,0.0
1,5,7,0,,,,46.1,0,0,0,0.0
1,6,7,0,,,,44.4,0,0,0,0.0
1,7,7,0,,,,43.3,0,0,0,0.0
1,8,7,0,,,,43.4,0,0,0,0.0
1,9,7,0,,,,43.6,0,0,0,16.0
1,10,7,0,,,,43.4,0,0,0,42.0
1,11,7,0,,,,44.2,0,0,0,73.0
1,12,7,0,,,,42.7,0,0,0,129.0
1,13,7,0,,,,45.4,0,0,0,164.0
1,14,7,0,,,,45.2,0,0,0,78.0
1,15,7,0,,,,45.1,0,0,0,9.0
1,16,7,0,,,,47.6,0,0,0,0.0
1,17,7,0,,,,50.3,0,0,0,0.0
1,18,7,0,,,,49.0,0,0,0,0.0
1,19,7,0,,,,47.9,0,0,0,0.0
1,20,7,0,,,,49.7,0,0,0,0.0
1,21,7,0,,,,48.3,0,0,0,0.0
1,22,7,0,,,,48.9,0,0,0,0.0
1,23,7,0,,,,48.5,0,0,0,0.0
1,24,7,0,,,,45.5,0,0,0,0.0
1,1,1,0,,,,43.7,0,0,0,0.0
1,2,1,0,,,,43.3,0,0,0,0.0
1,3,1,0,,,,41.4,0,0,0,0.0
1,4,1,0,,,,42.0,0,0,0,0.0
1,5,1,0,,,,43.0,0,0,0,0.0
1,6,1,0,,,,41.9,0,0,0,0.0
1,7,1,0,,,,46.2,0,0,0,0.0
1,8,1,0,,,,45.9,0,0,0,1.0
1,9,1,0,,,,41.5,0,0,0,16.0
1,10,1,0,,,,41.3,0,0,0,37.0
1,11,1,0,,,,40.8,0,0,0,54.0
1,12,1,0,,,,40.4,0,0,0,57.0
1,13,1,0,,,,43.4,0,0,0,49.0
1,14,1,0,,,,44.4,0,0,0,23.0
1,15,1,0,,,,46.1,0,0,0,1.0
1,16,1,0,,,,50.2,0,0,0,0.0
1,17,1,0,,,,46.6,0,0,0,0.0
1,18,1,0,,,,48.3,0,0,0,0.0
1,19,1,0,,,,48.5,0,0,0,0.0
1,20,1,0,,,,47.2,0,0,0,0.0
1,21,1,0,,,,45.8,0,0,0,0.0
1,22,1,0,,,,42.6,0,0,0,0.0
1,23,1,0,,,,42.6,0,0,0,0.0
1,24,1,0,,,,42.2,0,0,0,0.0
1,1,2,0,,,,41.8,0,0,0,0.0
1,2,2,0,,,,42.5,0,0,0,0.0
1,3,2,0,,,,42.5,0,0,0,0.0
1,4,2,0,,,,42.5,0,0,0,0.0
1,5,2,0,,,,45.3,0,0,0,0.0
1,6,2,0,,,,44.3,0,0,0,0.0
1,7,2,0,,,,43.8,0,0,0,0.0
1,8,2,0,,,,48.6,0,0,0,3.0
1,9,2,0,,,,54.8,0,0,0,27.0
1,10,2,0,,,,65.2,0,0,0,68.0
1,11,2,0,,,,67.4,0,0,0,96.0
1,12,2,0,,,,68.3,0,0,0,111.0
1,13,2,0,,,,72.6,0,0,0,88.0
1,14,2,0,,,,72.4,0,0,0,50.0
1,15,2,0,,,,69.7,0,0,0,7.0
1,16,2,0,,,,71.6,0,0,0,0.0
1,17,2,0,,,,70.2,0,0,0,0.0
1,18,2,0,,,,64.2,0,0,0,0.0
1,19,2,0,,,,54.8,0,0,0,0.0
1,20,2,0,,,,50.8,0,0,0,0.0
1,21,2,0,,,,49.2,0,0,0,0.0
1,22,2,0,,,,47.1,0,0,0,0.0
1,23,2,0,,,,44.2,0,0,0,0.0
1,24,2,0,,,,43.0,0,0,0,0.0
1,1,3,0,,,,43.0,0,0,0,0.0
1,2,3,0,,,,44.9,0,0,0,0.0
1,3,3,0,,,,42.2,0,0,0,0.0
1,4,3,0,,,,41.5,0,0,0,0.0
1,5,3,0,,,,43.8,0,0,0,0.0
1,6,3,0,,,,44.7,0,0,0,0.0
1,7,3,0,,,,45.2,0,0,0,0.0
1,8,3,0,,,,50.7,0,0,0,1.0
1,9,3,0,,,,63.2,0,0,0,15.0
1,10,3,0,,,,73.1,0,0,0,44.0
1,11,3,0,,,,75.9,0,0,0,77.0
1,12,3,0,,,,70.0,0,0,0,75.0
1,13,3,0,,,,71.9,0,0,0,60.0
1,14,3,0,,,,68.6,0,0,0,16.0
1,15,3,0,,,,70.4,0,0,0,0.0
1,16,3,0,,,,71.3,0,0,0,0.0
1,17,3,0,,,,69.8,0,0,0,0.0
1,18,3,0,,,,61.9,0,0,0,0.0
1,19,3,0,,,,51.1,0,0,0,0.0
1,20,3,0,,,,49.0,0,0,0,0.0
1,21,3,0,,,,49.2,0,0,0,0.0
1,22,3,0,,,,48.0,0,0,0,0.0
1,23,3,0,,,,45.6,0,0,0,0.0
1,24,3,0,,,,44.7,0,0,0,0.0
1,1,4,0,,,,44.3,0,0,0,0.0
1,2,4,0,,,,45.0,0,0,0,0.0
1,3,4,0,,,,45.1,0,0,0,0.0
1,4,4,0,,,,45.2,0,0,0,0.0
1,5,4,0,,,,46.3,0,0,0,0.0
1,6,4,0,,,,46.6,0,0,0,0.0
1,7,4,0,,,,47.8,0,0,0,0.0
1,8,4,0,,,,52.1,0,0,0,14.0
1,9,4,0,,,,56.8,0,0,0,60.0
1,10,4,0,,,,62.5,0,0,0,278.0
1,11,4,0,,,,68.0,0,0,0,663.0
1,12,4,0,,,,67.2,0,0,0,716.0
1,13,4,0,,,,67.8,0,0,0,590.0
1,14,4,0,,,,65.0,0,0,0,358.0
1,15,4,0,,,,65.0,0,0,0,113.0
1,16,4,0,,,,63.7,0,0,0,0.0
1,17,4,0,,,,64.0,0,0,0,0.0
1,18,4,0,,,,58.6,0,0,0,0.0
1,19,4,0,,,,52.4,0,0,0,0.0
1,20,4,0,,,,48.8,0,0,0,0.0
1,21,4,0,,,,50.0,0,0,0,0.0
1,22,4,0,,,,50.1,0,0,0,0.0
1,23,4,0,,,,51.2,0,0,0,0.0
1,24,4,0,,,,49.8,0,0,0,0.0
1,1,5,0,,,,48.9,0,0,0,0.0
1,2,5,0,,,,48.5,0,0,0,0.0
1,3,5,0,,,,49.1,0,0,0,0.0
1,4,5,0,,,,48.2,0,0,0,0.0
1,5,5,0,,,,48.0,0,0,0,0.0
1,6,5,0,,,,48.2,0,0,0,0.0
1,7,5,0,,,,50.0,0,0,0,0.0
1,8,5,0,,,,52.1,0,0,0,12.0
1,9,5,0,,,,60.2,0,0,0,62.0
1,10,5,0,,,,66.4,0,0,0,129.0
1,11,5,0,,,,70.5,0,0,0,197.0
1,12,5,0,,,,72.1,0,0,0,260.0
1,13,5,0,,,,69.9,0,0,0,204.0
1,14,5,0,,,,73.0,0,0,0,109.0
1,15,5,0,,,,72.2,0,0,0,25.0
1,16,5,0,,,,68.2,0,0,0,0.0
1,17,5,0,,,,64.2,0,0,0,0.0
1,18,5,0,,,,58.4,0,0,0,0.0
1,19,5,0,,,,50.8,0,0,0,0.0
1,20,5,0,,,,50.2,0,0,0,0.0
1,21,5,0,,,,49.4,0,0,0,0.0
1,22,5,0,,,,48.8,0,0,0,0.0
1,23,5,0,,,,52.0,0,0,0,0.0
1,24,5,0,,,,47.0,0,0,0,0.0
1,1,6,0,,,,46.0,0,0,0,0.0
1,2,6,0,,,,46.0,0,0,0,0.0
1,3,6,0,,,,46.8,0,0,0,0.0
1,4,6,0,,,,47.1,0,0,0,0.0
1,5,6,0,,,,46.5,0,0,0,0.0
1,6,6,0,,,,45.8,0,0,0,0.0
1,7,6,0,,,,48.8,0,0,0,0.0
1,8,6,0,,,,49.8,0,0,0,8.0
1,9,6,0,,,,59.5,0,0,0,45.0
1,10,6,0,,,,67.1,0,0,0,101.0
1,11,6,0,,,,67.2,0,0,0,132.0
1,12,6,0,,,,65.0,0,0,0,163.0
1,13,6,0,,,,64.5,0,0,0,141.0
1,14,6,0,,,,65.4,0,0,0,87.0
1,15,6,0,,,,67.9,0,0,0,20.0
1,16,6,0,,,,66.9,0,0,0,0.0
1,17,6,0,,,,63.1,0,0,0,0.0
1,18,6,0,,,,60.2,0,0,0,0.0
1,19,6,0,,,,50.9,0,0,0,0.0
1,20,6,0,,,,48.5,0,0,0,0.0
1,21,6,0,,,,45.8,0,0,0,0.0
1,22,6,0,,,,47.3,0,0,0,0.0
1,23,6,0,,,,48.0,0,0,0,0.0
1,24,6,0,,,,46.6,0,0,0,0.0
1,1,7,0,,,,46.1,0,0,0,0.0
1,2,7,0,,,,47.6,0,0,0,0.0
1,3,7,0,,,,47.2,0,0,0,0.0
1,4,7,0,,,,48.5,0,0,0,0.0
1,5,7,0,,,,49.2,0,0,0,0.0
1,6,7,0,,,,47.0,0,0,0,0.0
1,7,7,0,,,,46.8,0,0,0,0.0
1,8,7,0,,,,45.2,0,0,0,18.0
1,9,7,0,,,,51.4,0,0,0,74.0
1,10,7,0,,,,49.0,0,0,0,185.0
1,11,7,0,,,,43.7,0,0,0,272.0
1,12,7,0,,,,42.4,0,0,0,248.0
1,13,7,0,,,,43.2,0,0,0,178.0
1,14,7,0,,,,45.3,0,0,0,87.0
1,15,7,0,,,,43.9,0,0,0,16.0
1,16,7,0,,,,44.4,0,0,0,0.0
1,17,7,0,,,,45.8,0,0,0,0.0
1,18,7,0,,,,49.6,0,0,0,0.0
1,19,7,0,,,,51.9,0,0,0,0.0
1,20,7,0,,,,47.9,0,0,0,0.0
1,21,7,0,,,,46.4,0,0,0,0.0
1,22,7,0,,,,48.4,0,0,0,0.0
1,23,7,0,,,,47.1,0,0,0,0.0
1,24,7,0,,,,47.0,0,0,0,0.0
1,1,1,0,,,,49.4,0,0,0,0.0
1,2,1,0,,,,48.2,0,0,0,0.0
1,3,1,0,,,,48.8,0,0,0,0.0
1,4,1,0,,,,50.0,0,0,0,0.0
1,5,1,0,,,,49.1,0,0,0,0.0
1,6,1,0,,,,50.0,0,0,0,0.0
1,7,1,0,,,,49.6,0,0,0,0.0
1,8,1,0,,,,48.0,0,0,0,69.0
1,9,1,0,,,,47.8,0,0,0,176.0
1,10,1,0,,,,44.5,0,0,0,277.0
1,11,1,0,,,,45.8,0,0,0,356.0
1,12,1,0,,,,46.5,0,0,0,375.0
1,13,1,0,,,,45.2,0,0,0,304.0
1,14,1,0,,,,46.6,0,0,0,184.0
1,15,1,0,,,,51.0,0,0,0,41.0
1,16,1,0,,,,56.7,0,0,0,0.0
1,17,1,0,,,,55.2,0,0,0,0.0
1,18,1,0,,,,54.9,0,0,0,0.0
1,19,1,0,,,,51.0,0,0,0,0.0
1,20,1,0,,,,53.8,0,0,0,0.0
1,21,1,0,,,,52.7,0,0,0,0.0
1,22,1,0,,,,52.2,0,0,0,0.0
1,23,1,0,,,,51.1,0,0,0,0.0
1,24,1,0,,,,48.7,0,0,0,0.0
1,1,2,0,,,,48.3,0,0,0,0.0
1,2,2,0,,,,48.2,0,0,0,0.0
1,3,2,0,,,,48.6,0,0,0,0.0
1,4,2,0,,,,48.9,0,0,0,0.0
1,5,2,0,,,,50.0,0,0,0,0.0
1,6,2,0,,,,49.2,0,0,0,0.0
1,7,2,0,,,,48.6,0,0,0,0.0
1,8,2,0,,,,54.2,0,0,0,28.0
1,9,2,0,,,,64.8,0,0,0,104.0
1,10,2,0,,,,71.8,0,0,0,125.0
1,11,2,0,,,,76.0,0,0,0,96.0
1,12,2,0,,,,77.8,0,0,0,60.0
1,13,2,0,,,,73.2,0,0,0,43.0
1,14,2,0,,,,74.8,0,0,0,19.0
1,15,2,0,,,,74.6,0,0,0,1.0
1,16,2,0,,,,73.9,0,0,0,0.0
1,17,2,0,,,,70.7,0,0,0,0.0
1,18,2,0,,,,65.2,0,0,0,0.0
1,19,2,0,,,,61.4,0,0,0,0.0
1,20,2,0,,,,52.3,0,0,0,0.0
1,21,2,0,,,,54.5,0,0,0,0.0
1,22,2,0,,,,53.5,0,0,0,0.0
1,23,2,0,,,,52.7,0,0,0,0.0
1,24,2,0,,,,50.3,0,0,0,0.0
1,1,3,0,,,,50.2,0,0,0,0.0
1,2,3,0,,,,51.2,0,0,0,0.0
1,3,3,0,,,,51.0,0,0,0,0.0
1,4,3,0,,,,51.2,0,0,0,0.0
1,5,3,0,,,,49.2,0,0,0,0.0
1,6,3,0,,,,50.4,0,0,0,0.0
1,7,3,0,,,,49.8,0,0,0,0.0
1,8,3,0,,,,53.7,0,0,0,57.0
1,9,3,0,,,,66.9,0,0,0,171.0
1,10,3,0,,,,73.1,0,0,0,280.0
1,11,3,0,,,,74.1,0,0,0,331.0
1,12,3,0,,,,78.2,0,0,0,278.0
1,13,3,0,,,,76.2,0,0,0,185.0
1,14,3,0,,,,72.6,0,0,0,113.0
1,15,3,0,,,,71.5,0,0,0,33.0
1,16,3,0,,,,70.2,0,0,0,0.0
1,17,3,0,,,,73.4,0,0,0,0.0
1,18,3,0,,,,71.7,0,0,0,0.0
1,19,3,0,,,,66.7,0,0,0,0.0
1,20,3,0,,,,58.9,0,0,0,0.0
1,21,3,0,,,,57.0,0,0,0,0.0
1,22,3,0,,,,57.8,0,0,0,0.0
1,23,3,0,,,,57.8,0,0,0,0.0
1,24,3,0,,,,56.4,0,0,0,0.0
1,1,4,0,,,,53.8,0,0,0,0.0
1,2,4,0,,,,56.3,0,0,0,0.0
1,3,4,0,,,,56.1,0,0,0,0.0
1,4,4,0,,,,56.8,0,0,0,0.0
1,5,4,0,,,,54.8,0,0,0,0.0
1,6,4,0,,,,54.1,0,0,0,0.0
1,7,4,0,,,,54.6,0,0,0,0.0
1,8,4,0,,,,61.8,0,0,0,78.0
1,9,4,0,,,,68.8,0,0,0,178.0
1,10,4,0,,,,79.8,0,0,0,319.0
1,11,4,0,,,,81.1,0,0,0,461.0
1,12,4,0,,,,84.3,0,0,0,458.0
1,13,4,0,,,,78.5,0,0,0,366.0
1,14,4,0,,,,79.0,0,0,0,219.0
1,15,4,0,,,,81.0,0,0,0,53.0
1,16,4,0,,,,81.9,0,0,0,0.0
1,17,4,0,,,,76.3,0,0,0,0.0
1,18,4,0,,,,72.5,0,0,0,0.0
1,19,4,0,,,,68.6,0,0,0,0.0
1,20,4,0,,,,63.2,0,0,0,0.0
1,21,4,0,,,,60.4,0,0,0,0.0
1,22,4,0,,,,58.4,0,0,0,0.0
1,23,4,0,,,,57.8,0,0,0,0.0
1,24,4,0,,,,56.1,0,0,0,0.0
1,1,5,0,,,,56.4,0,0,0,0.0
1,2,5,0,,,,56.6,0,0,0,0.0
1,3,5,0,,,,56.8,0,0,0,0.0
1,4,5,0,,,,56.8,0,0,0,0.0
1,5,5,0,,,,57.8,0,0,0,0.0
1,6,5,0,,,,56.6,0,0,0,0.0
1,7,5,0,,,,58.7,0,0,0,0.0
1,8,5,0,,,,60.0,0,0,0,208.0
1,9,5,0,,,,68.3,0,0,0,410.0
1,10,5,0,,,,79.0,0,0,0,510.0
1,11,5,0,,,,82.4,0,0,0,572.0
1,12,5,0,,,,81.8,0,0,0,539.0
1,13,5,0,,,,83.2,0,0,0,476.0
1,14,5,0,,,,80.4,0,0,0,315.0
1,15,5,0,,,,78.6,0,0,0,90.0
1,16,5,0,,,,77.6,0,0,0,0.0
1,17,5,0,,,,73.2,0,0,0,0.0
1,18,5,0,,,,69.1,0,0,0,0.0
1,19,5,0,,,,61.6,0,0,0,0.0
1,20,5,0,,,,59.2,0,0,0,0.0
1,21,5,0,,,,60.9,0,0,0,0.0
1,22,5,0,,,,60.2,0,0,0,0.0
1,23,5,0,,,,59.3,0,0,0,0.0
1,24,5,0,,,,59.0,0,0,0,0.0
1,1,6,0,,,,56.9,0,0,0,0.0
1,2,6,0,,,,57.6,0,0,0,0.0
1,3,6,0,,,,55.9,0,0,0,0.0
1,4,6,0,,,,57.7,0,0,0,0.0
1,5,6,0,,,,55.2,0,0,0,0.0
1,6,6,0,,,,56.5,0,0,0,0.0
1,7,6,0,,,,56.4,0,0,0,0.0
1,8,6,0,,,,60.1,0,0,0,10.0
1,9,6,0,,,,65.8,0,0,0,41.0
1,10,6,0,,,,76.2,0,0,0,60.0
1,11,6,0,,,,78.8,0,0,0,59.0
1,12,6,0,,,,78.7,0,0,0,43.0
1,13,6,0,,,,81.4,0,0,0,32.0
1,14,6,0,,,,78.0,0,0,0,16.0
1,15,6,0,,,,78.6,0,0,0,2.0
1,16,6,0,,,,78.6,0,0,0,0.0
1,17,6,0,,,,77.3,0,0,0,0.0
1,18,6,0,,,,70.0,0,0,0,0.0
1,19,6,0,,,,61.4,0,0,0,0.0
1,20,6,0,,,,64.4,0,0,0,0.0
1,21,6,0,,,,58.8,0,0,0,0.0
1,22,6,0,,,,57.6,0,0,0,0.0
1,23,6,0,,,,55.3,0,0,0,0.0
1,24,6,0,,,,54.9,0,0,0,0.0
1,1,7,0,,,,55.0,0,0,0,0.0
1,2,7,0,,,,56.1,0,0,0,0.0
1,3,7,0,,,,54.4,0,0,0,0.0
1,4,7,0,,,,55.9,0,0,0,0.0
1,5,7,0,,,,54.8,0,0,0,0.0
1,6,7,0,,,,54.6,0,0,0,0.0
1,7,7,0,,,,54.6,0,0,0,0.0
1,8,7,0,,,,53.8,0,0,0,24.0
1,9,7,0,,,,53.1,0,0,0,88.0
1,10,7,0,,,,58.2,0,0,0,261.0
1,11,7,0,,,,53.2,0,0,0,286.0
1,12,7,0,,,,53.8,0,0,0,203.0
1,13,7,0,,,,56.2,0,0,0,159.0
1,14,7,0,,,,56.3,0,0,0,94.0
1,15,7,0,,,,59.3,0,0,0,29.0
1,16,7,0,,,,59.7,0,0,0,0.0
1,17,7,0,,,,60.7,0,0,0,0.0
1,18,7,0,,,,58.0,0,0,0,0.0
1,19,7,0,,,,57.3,0,0,0,0.0
1,20,7,0,,,,57.8,0,0,0,0.0
1,21,7,0,,,,57.0,0,0,0,0.0
1,22,7,0,,,,55.2,0,0,0,0.0
1,23,7,0,,,,56.1,0,0,0,0.0
1,24,7,0,,,,55.7,0,0,0,0.0
1,1,1,0,,,,56.8,0,0,0,0.0
1,2,1,0,,,,52.6,0,0,0,0.0
1,3,1,0,,,,54.2,0,0,0,0.0
1,4,1,0,,,,54.5,0,0,0,0.0
1,5,1,0,,,,53.2,0,0,0,0.0
1,6,1,0,,,,54.1,0,0,0,0.0
1,7,1,0,,,,54.0,0,0,0,0.0
1,8,1,0,,,,54.2,0,0,0,2.0
1,9,1,0,,,,51.4,0,0,0,13.0
1,10,1,0,,,,52.3,0,0,0,26.0
1,11,1,0,,,,52.0,0,0,0,37.0
1,12,1,0,,,,52.8,0,0,0,38.0
1,13,1,0,,,,51.9,0,0,0,26.0
1,14,1,0,,,,51.9,0,0,0,11.0
1,15,1,0,,,,56.5,0,0,0,0.0
1,16,1,0,,,,54.7,0,0,0,0.0
1,17,1,0,,,,55.6,0,0,0,0.0
1,18,1,0,,,,55.8,0,0,0,0.0
1,19,1,0,,,,55.0,0,0,0,0.0
1,20,1,0,,,,56.2,0,0,0,0.0
1,21,1,0,,,,53.9,0,0,0,0.0
1,22,1,0,,,,55.8,0,0,0,0.0
1,23,1,0,,,,54.9,0,0,0,0.0
1,24,1,0,,,,54.2,0,0,0,0.0
1,1,2,0,,,,52.8,0,0,0,0.0
1,2,2,0,,,,53.8,0,0,0,0.0
1,3,2,0,,,,53.6,0,0,0,0.0
1,4,2,0,,,,50.5,0,0,0,0.0
1,5,2,0,,,,49.5,0,0,0,0.0
1,6,2,0,,,,49.9,0,0,0,0.0
1,7,2,0,,,,49.7,0,0,0,1.0
1,8,2,0,,,,52.1,0,0,0,49.0
1,9,2,0,,,,55.8,0,0,0,147.0
1,10,2,0,,,,66.8,0,0,0,279.0
1,11,2,0,,,,70.2,0,0,0,346.0
1,12,2,0,,,,71.6,0,0,0,259.0
1,13,2,0,,,,75.6,0,0,0,206.0
1,14,2,0,,,,75.9,0,0,0,115.0
1,15,2,0,,,,73.3,0,0,0,32.0
1,16,2,0,,,,71.4,0,0,0,0.0
1,17,2,0,,,,66.2,0,0,0,0.0
1,18,2,0,,,,63.2,0,0,0,0.0
1,19,2,0,,,,56.8,0,0,0,0.0
1,20,2,0,,,,54.6,0,0,0,0.0
1,21,2,0,,,,54.8,0,0,0,0.0
1,22,2,0,,,,53.9,0,0,0,0.0
1,23,2,0,,,,53.4,0,0,0,0.0
1,24,2,0,,,,53.0,0,0,0,0.0
1,1,3,0,,,,52.4,0,0,0,0.0
1,2,3,0,,,,53.7,0,0,0,0.0
1,3,3,0,,,,53.4,0,0,0,0.0
1,4,3,0,,,,54.0,0,0,0,0.0
1,5,3,0,,,,53.7,0,0,0,0.0
1,6,3,0,,,,53.2,0,0,0,0.0
1,7,3,0,,,,54.3,0,0,0,0.0
1,8,3,0,,,,55.8,0,0,0,35.0
1,9,3,0,,,,63.3,0,0,0,95.0
1,10,3,0,,,,72.2,0,0,0,131.0
1,11,3,0,,,,77.3,0,0,0,96.0
1,12,3,0,,,,76.8,0,0,0,71.0
1,13,3,0,,,,74.2,0,0,0,55.0
1,14,3,0,,,,71.3,0,0,0,39.0
1,15,3,0,,,,72.0,0,0,0,9.0
1,16,3,0,,,,72.0,0,0,0,0.0
1,17,3,0,,,,69.3,0,0,0,0.0
1,18,3,0,,,,67.0,0,0,0,0.0
1,19,3,0,,,,57.2,0,0,0,0.0
1,20,3,0,,,,54.5,0,0,0,0.0
1,21,3,0,,,,53.9,0,0,0,0.0
1,22,3,0,,,,54.2,0,0,0,0.0
1,23,3,0,,,,54.8,0,0,0,0.0
1,24,3,0,,,,52.8,0,0,0,0.0
1,1,4,0,,,,51.6,0,0,0,0.0
1,2,4,0,,,,51.7,0,0,0,0.0
1,3,4,0,,,,52.4,0,0,0,0.0
1,4,4,0,,,,52.9,0,0,0,0.0
1,5,4,0,,,,52.6,0,0,0,0.0
1,6,4,0,,,,51.6,0,0,0,0.0
1,7,4,0,,,,53.2,0,0,0,0.0
1,8,4,0,,,,56.0,0,0,0,121.0
1,9,4,0,,,,60.2,0,0,0,296.0
1,10,4,0,,,,70.5,0,0,0,403.0
1,11,4,0,,,,74.5,0,0,0,439.0
1,12,4,0,,,,76.2,0,0,0,373.0
1,13,4,0,,,,74.2,0,0,0,233.0
1,14,4,0,,,,71.8,0,0,0,169.0
1,15,4,0,,,,75.1,0,0,0,54.0
1,16,4,0,,,,71.1,0,0,0,0.0
1,17,4,0,,,,71.3,0,0,0,0.0
1,18,4,0,,,,66.6,0,0,0,0.0
1,19,4,0,,,,60.5,0,0,0,0.0
1,20,4,0,,,,57.2,0,0,0,0.0
1,21,4,0,,,,54.8,0,0,0,0.0
1,22,4,0,,,,53.0,0,0,0,0.0
1,23,4,0,,,,52.6,0,0,0,0.0
1,24,4,0,,,,51.2,0,0,0,0.0
1,1,5,0,,,,51.6,0,0,0,0.0
1,2,5,0,,,,52.8,0,0,0,0.0
1,3,5,0,,,,52.8,0,0,0,0.0
1,4,5,0,,,,51.9,0,0,0,0.0
1,5,5,0,,,,52.2,0,0,0,0.0
1,6,5,0,,,,50.8,0,0,0,0.0
1,7,5,0,,,,50.1,0,0,0,0.0
1,8,5,0,,,,52.6,0,0,0,102.0
1,9,5,0,,,,58.2,0,0,0,194.0
1,10,5,0,,,,63.9,0,0,0,285.0
1,11,5,0,,,,68.5,0,0,0,395.0
1,12,5,0,,,,71.0,0,0,0,447.0
1,13,5,0,,,,71.5,0,0,0,364.0
1,14,5,0,,,,73.3,0,0,0,215.0
1,15,5,0,,,,74.5,0,0,0,87.0
1,16,5,0,,,,73.3,0,0,0,0.0
1,17,5,0,,,,72.5,0,0,0,0.0
1,18,5,0,,,,66.3,0,0,0,0.0
1,19,5,0,,,,59.7,0,0,0,0.0
1,20,5,0,,,,56.3,0,0,0,0.0
1,21,5,0,,,,55.0,0,0,0,0.0
1,22,5,0,,,,54.1,0,0,0,0.0
1,23,5,0,,,,51.9,0,0,0,0.0
1,24,5,0,,,,48.3,0,0,0,0.0
1,1,6,0,,,,49.5,0,0,0,0.0
1,2,6,0,,,,49.8,0,0,0,0.0
1,3,6,0,,,,50.2,0,0,0,0.0
1,4,6,0,,,,49.8,0,0,0,0.0
1,5,6,0,,,,52.1,0,0,0,0.0
1,6,6,0,,,,54.1,0,0,0,0.0
1,7,6,0,,,,53.0,0,0,0,0.0
1,8,6,0,,,,55.8,0,0,0,135.0
1,9,6,0,,,,59.7,0,0,0,255.0
1,10,6,0,,,,68.3,0,0,0,294.0
1,11,6,0,,,,73.6,0,0,0,267.0
1,12,6,0,,,,72.4,0,0,0,155.0
1,13,6,0,,,,72.2,0,0,0,66.0
1,14,6,0,,,,74.3,0,0,0,28.0
1,15,6,0,,,,72.0,0,0,0,8.0
1,16,6,0,,,,73.9,0,0,0,0.0
1,17,6,0,,,,66.8,0,0,0,0.0
1,18,6,0,,,,66.5,0,0,0,0.0
1,19,6,0,,,,61.0,0,0,0,0.0
1,20,6,0,,,,55.9,0,0,0,0.0
1,21,6,0,,,,53.2,0,0,0,0.0
1,22,6,0,,,,52.5,0,0,0,0.0
1,23,6,0,,,,52.6,0,0,0,0.0
1,24,6,0,,,,53.0,0,0,0,0.0
1,1,7,0,,,,50.9,0,0,0,0.0
1,2,7,0,,,,53.3,0,0,0,0.0
1,3,7,0,,,,57.1,0,0,0,0.0
1,4,7,0,,,,51.2,0,0,0,0.0
1,5,7,0,,,,52.8,0,0,0,0.0
1,6,7,0,,,,51.5,0,0,0,0.0
1,7,7,0,,,,50.0,0,0,0,0.0
1,8,7,0,,,,49.5,0,0,0,206.0
1,9,7,0,,,,48.2,0,0,0,301.0
1,10,7,0,,,,50.4,0,0,0,578.0
1,11,7,0,,,,51.2,0,0,0,785.0
1,12,7,0,,,,50.8,0,0,0,764.0
1,13,7,0,,,,50.9,0,0,0,685.0
1,14,7,0,,,,49.1,0,0,0,472.0
1,15,7,0,,,,51.9,0,0,0,111.0
1,16,7,0,,,,51.1,0,0,0,0.0
1,17,7,0,,,,50.5,0,0,0,0.0
1,18,7,0,,,,50.2,0,0,0,0.0
1,19,7,0,,,,49.7,0,0,0,0.0
1,20,7,0,,,,47.8,0,0,0,0.0
1,21,7,0,,,,47.6,0,0,0,0.0
1,22,7,0,,,,47.0,0,0,0,0.0
1,23,7,0,,,,45.4,0,0,0,0.0
1,24,7,0,,,,46.4,0,0,0,0.0
1,1,1,0,,,,46.1,0,0,0,0.0
1,2,1,0,,,,46.3,0,0,0,0.0
1,3,1,0,,,,46.3,0,0,0,0.0
1,4,1,0,,,,46.1,0,0,0,0.0
1,5,1,0,,,,45.8,0,0,0,0.0
1,6,1,0,,,,46.0,0,0,0,0.0
1,7,1,0,,,,45.4,0,0,0,0.0
1,8,1,0,,,,44.9,0,0,0,163.0
1,9,1,0,,,,43.6,0,0,0,451.0
1,10,1,0,,,,43.2,0,0,0,631.0
1,11,1,0,,,,43.6,0,0,0,631.0
1,12,1,0,,,,43.2,0,0,0,569.0
1,13,1,0,,,,44.8,0,0,0,500.0
1,14,1,0,,,,45.1,0,0,0,339.0
1,15,1,0,,,,46.9,0,0,0,120.0
1,16,1,0,,,,47.2,0,0,0,0.0
1,17,1,0,,,,45.1,0,0,0,0.0
1,18,1,0,,,,47.4,0,0,0,0.0
1,19,1,0,,,,49.0,0,0,0,0.0
1,20,1,0,,,,49.5,0,0,0,0.0
1,21,1,0,,,,51.3,0,0,0,0.0
1,22,1,0,,,,49.2,0,0,0,0.0
1,23,1,0,,,,47.8,0,0,0,0.0
1,24,1,0,,,,47.2,0,0,0,0.0
1,1,2,0,,,,46.5,0,0,0,0.0
1,2,2,0,,,,47.1,0,0,0,0.0
1,3,2,0,,,,47.9,0,0,0,0.0
1,4,2,0,,,,49.2,0,0,0,0.0
1,5,2,0,,,,51.5,0,0,0,0.0
1,6,2,0,,,,49.6,0,0,0,0.0
1,7,2,0,,,,46.0,0,0,0,0.0
1,8,2,0,,,,49.2,0,0,0,29.0
1,9,2,0,,,,58.6,0,0,0,264.0
1,10,2,0,,,,67.1,0,0,0,419.0
1,11,2,0,,,,73.5,0,0,0,179.0
1,12,2,0,,,,73.9,0,0,0,84.0
1,13,2,0,,,,77.2,0,0,0,40.0
1,14,2,0,,,,77.3,0,0,0,31.0
1,15,2,0,,,,75.6,0,0,0,14.0
1,16,2,0,,,,73.1,0,0,0,0.0
1,17,2,0,,,,70.5,0,0,0,0.0
1,18,2,0,,,,63.3,0,0,0,0.0
1,19,2,0,,,,52.8,0,0,0,0.0
1,20,2,0,,,,48.5,0,0,0,0.0
1,21,2,0,,,,47.8,0,0,0,0.0
1,22,2,0,,,,46.5,0,0,0,0.0
1,23,2,0,,,,46.5,0,0,0,0.0
1,24,2,0,,,,44.9,0,0,0,0.0
1,1,3,0,,,,43.6,0,0,0,0.0
1,2,3,0,,,,42.9,0,0,0,0.0
1,3,3,0,,,,43.3,0,0,0,0.0
1,4,3,0,,,,43.5,0,0,0,0.0
1,5,3,0,,,,43.4,0,0,0,0.0
1,6,3,0,,,,45.2,0,0,0,0.0
1,7,3,0,,,,46.4,0,0,0,0.0
1,8,3,0,,,,49.8,0,0,0,6.0
1,9,3,0,,,,62.1,0,0,0,21.0
1,10,3,0,,,,68.8,0,0,0,54.0
1,11,3,0,,,,72.6,0,0,0,71.0
1,12,3,0,,,,71.0,0,0,0,69.0
1,13,3,0,,,,75.5,0,0,0,75.0
1,14,3,0,,,,74.2,0,0,0,56.0
1,15,3,0,,,,75.1,0,0,0,17.0
1,16,3,0,,,,74.0,0,0,0,0.0
1,17,3,0,,,,68.9,0,0,0,0.0
1,18,3,0,,,,62.4,0,0,0,0.0
1,19,3,0,,,,60.1,0,0,0,0.0
1,20,3,0,,,,52.6,0,0,0,0.0
1,21,3,0,,,,52.4,0,0,0,0.0
1,22,3,0,,,,50.5,0,0,0,0.0
1,23,3,0,,,,49.5,0,0,0,0.0
1,24,3,0,,,,49.0,0,0,0,0.0
1,1,4,0,,,,46.9,0,0,0,0.0
1,2,4,0,,,,46.6,0,0,0,0.0
1,3,4,0,,,,48.3,0,0,0,0.0
1,4,4,0,,,,47.3,0,0,0,0.0
1,5,4,0,,,,48.0,0,0,0,0.0
1,6,4,0,,,,49.4,0,0,0,0.0
1,7,4,0,,,,50.4,0,0,0,7.0
1,8,4,0,,,,51.3,0,0,0,176.0
1,9,4,0,,,,58.0,0,0,0,247.0
1,10,4,0,,,,65.1,0,0,0,380.0
1,11,4,0,,,,68.4,0,0,0,524.0
1,12,4,0,,,,69.1,0,0,0,561.0
1,13,4,0,,,,71.6,0,0,0,509.0
1,14,4,0,,,,71.1,0,0,0,460.0
1,15,4,0,,,,70.3,0,0,0,223.0
1,16,4,0,,,,75.2,0,0,0,4.0
1,17,4,0,,,,71.5,0,0,0,0.0
1,18,4,0,,,,63.2,0,0,0,0.0
1,19,4,0,,,,56.3,0,0,0,0.0
1,20,4,0,,,,53.0,0,0,0,0.0
1,21,4,0,,,,50.8,0,0,0,0.0
1,22,4,0,,,,47.8,0,0,0,0.0
1,23,4,0,,,,47.8,0,0,0,0.0
1,24,4,0,,,,45.3,0,0,0,0.0
1,1,5,0,,,,45.2,0,0,0,0.0
1,2,5,0,,,,45.2,0,0,0,0.0
1,3,5,0,,,,46.6,0,0,0,0.0
1,4,5,0,,,,45.3,0,0,0,0.0
1,5,5,0,,,,45.6,0,0,0,0.0
1,6,5,0,,,,48.7,0,0,0,0.0
1,7,5,0,,,,48.5,0,0,0,0.0
1,8,5,0,,,,52.3,0,0,0,268.0
1,9,5,0,,,,58.1,0,0,0,603.0
1,10,5,0,,,,64.2,0,0,0,687.0
1,11,5,0,,,,69.4,0,0,0,658.0
1,12,5,0,,,,70.0,0,0,0,542.0
1,13,5,0,,,,70.3,0,0,0,522.0
1,14,5,0,,,,68.5,0,0,0,445.0
1,15,5,0,,,,71.0,0,0,0,234.0
1,16,5,0,,,,76.7,0,0,0,7.0
1,17,5,0,,,,72.3,0,0,0,0.0
1,18,5,0,,,,62.4,0,0,0,0.0
1,19,5,0,,,,56.8,0,0,0,0.0
1,20,5,0,,,,52.9,0,0,0,0.0
1,21,5,0,,,,54.3,0,0,0,0.0
1,22,5,0,,,,51.2,0,0,0,0.0
1,23,5,0,,,,49.0,0,0,0,0.0
1,24,5,0,,,,47.4,0,0,0,0.0
2,1,6,0,,,,45.2,0,0,0,0.0
2,2,6,0,,,,45.7,0,0,0,0.0
2,3,6,0,,,,44.8,0,0,0,0.0
2,4,6,0,,,,45.0,0,0,0,0.0
2,5,6,0,,,,44.5,0,0,0,0.0
2,6,6,0,,,,46.6,0,0,0,0.0
2,7,6,0,,,,46.2,0,0,0,0.0
2,8,6,0,,,,51.2,0,0,0,9.0
2,9,6,0,,,,57.4,0,0,0,31.0
2,10,6,0,,,,68.3,0,0,0,73.0
2,11,6,0,,,,71.0,0,0,0,171.0
2,12,6,0,,,,66.3,0,0,0,428.0
2,13,6,0,,,,68.6,0,0,0,483.0
2,14,6,0,,,,69.3,0,0,0,432.0
2,15,6,0,,,,69.8,0,0,0,227.0
2,16,6,0,,,,66.8,0,0,0,7.0
2,17,6,0,,,,66.7,0,0,0,0.0
2,18,6,0,,,,62.8,0,0,0,0.0
2,19,6,0,,,,52.1,0,0,0,0.0
2,20,6,0,,,,48.4,0,0,0,0.0
2,21,6,0,,,,49.7,0,0,0,0.0
2,22,6,0,,,,45.9,0,0,0,0.0
2,23,6,0,,,,45.6,0,0,0,0.0
2,24,6,0,,,,45.9,0,0,0,0.0
2,1,7,0,,,,43.2,0,0,0,0.0
2,2,7,0,,,,46.1,0,0,0,0.0
2,3,7,0,,,,45.9,0,0,0,0.0
2,4,7,0,,,,48.8,0,0,0,0.0
2,5,7,0,,,,48.5,0,0,0,0.0
2,6,7,0,,,,48.9,0,0,0,0.0
2,7,7,0,,,,49.0,0,0,0,0.0
2,8,7,0,,,,48.2,0,0,0,112.0
2,9,7,0,,,,45.9,0,0,0,331.0
2,10,7,0,,,,47.4,0,0,0,525.0
2,11,7,0,,,,46.9,0,0,0,537.0
2,12,7,0,,,,45.7,0,0,0,504.0
2,13,7,0,,,,46.7,0,0,0,402.0
2,14,7,0,,,,47.1,0,0,0,267.0
2,15,7,0,,,,48.4,0,0,0,150.0
2,16,7,0,,,,49.5,0,0,0,9.0
2,17,7,0,,,,54.3,0,0,0,0.0
2,18,7,0,,,,53.8,0,0,0,0.0
2,19,7,0,,,,53.0,0,0,0,0.0
2,20,7,0,,,,52.5,0,0,0,0.0
2,21,7,0,,,,50.8,0,0,0,0.0
2,22,7,0,,,,51.4,0,0,0,0.0
2,23,7,0,,,,49.6,0,0,0,0.0
2,24,7,0,,,,49.8,0,0,0,0.0
2,1,1,0,,,,51.0,0,0,0,0.0
2,2,1,0,,,,52.3,0,0,0,0.0
2,3,1,0,,,,51.4,0,0,0,0.0
2,4,1,0,,,,50.6,0,0,0,0.0
2,5,1,0,,,,50.5,0,0,0,0.0
2,6,1,0,,,,51.6,0,0,0,0.0
2,7,1,0,,,,49.2,0,0,0,0.0
2,8,1,0,,,,47.7,0,0,0,20.0
2,9,1,0,,,,46.9,0,0,0,20.0
2,10,1,0,,,,46.4,0,0,0,34.0
2,11,1,0,,,,46.5,0,0,0,34.0
2,12,1,0,,,,44.0,0,0,0,30.0
2,13,1,0,,,,44.0,0,0,0,29.0
2,14,1,0,,,,47.3,0,0,0,24.0
2,15,1,0,,,,51.0,0,0,0,8.0
2,16,1,0,,,,50.4,0,0,0,0.0
2,17,1,0,,,,54.5,0,0,0,0.0
2,18,1,0,,,,53.1,0,0,0,0.0
2,19,1,0,,,,49.6,0,0,0,0.0
2,20,1,0,,,,50.0,0,0,0,0.0
2,21,1,0,,,,51.4,0,0,0,0.0
2,22,1,0,,,,50.2,0,0,0,0.0
2,23,1,0,,,,49.6,0,0,0,0.0
2,24,1,0,,,,49.3,0,0,0,0.0
2,1,2,0,,,,48.9,0,0,0,0.0
2,2,2,0,,,,50.2,0,0,0,0.0
2,3,2,0,,,,48.8,0,0,0,0.0
2,4,2,0,,,,48.3,0,0,0,0.0
2,5,2,0,,,,49.9,0,0,0,0.0
2,6,2,0,,,,51.4,0,0,0,0.0
2,7,2,0,,,,51.4,0,0,0,39.0
2,8,2,0,,,,55.2,0,0,0,490.0
2,9,2,0,,,,60.4,0,0,0,688.0
2,10,2,0,,,,65.4,0,0,0,757.0
2,11,2,0,,,,70.8,0,0,0,763.0
2,12,2,0,,,,71.5,0,0,0,727.0
2,13,2,0,,,,70.3,0,0,0,669.0
2,14,2,0,,,,73.4,0,0,0,541.0
2,15,2,0,,,,73.4,0,0,0,298.0
2,16,2,0,,,,78.6,0,0,0,27.0
2,17,2,0,,,,67.0,0,0,0,0.0
2,18,2,0,,,,61.2,0,0,0,0.0
2,19,2,0,,,,54.3,0,0,0,0.0
2,20,2,0,,,,52.5,0,0,0,0.0
2,21,2,0,,,,51.2,0,0,0,0.0
2,22,2,0,,,,50.9,0,0,0,0.0
2,23,2,0,,,,46.0,0,0,0,0.0
2,24,2,0,,,,46.6,0,0,0,0.0
2,1,3,0,,,,48.6,0,0,0,0.0
2,2,3,0,,,,49.9,0,0,0,0.0
2,3,3,0,,,,48.8,0,0,0,0.0
2,4,3,0,,,,49.6,0,0,0,0.0
2,5,3,0,,,,51.8,0,0,0,0.0
2,6,3,0,,,,50.2,0,0,0,0.0
2,7,3,0,,,,53.3,0,0,0,7.0
2,8,3,0,,,,54.6,0,0,0,103.0
2,9,3,0,,,,65.5,0,0,0,225.0
2,10,3,0,,,,67.5,0,0,0,317.0
2,11,3,0,,,,74.0,0,0,0,316.0
2,12,3,0,,,,72.8,0,0,0,301.0
2,13,3,0,,,,70.9,0,0,0,353.0
2,14,3,0,,,,71.8,0,0,0,262.0
2,15,3,0,,,,74.6,0,0,0,47.0
2,16,3,0,,,,73.2,0,0,0,0.0
2,17,3,0,,,,74.5,0,0,0,0.0
2,18,3,0,,,,67.6,0,0,0,0.0
2,19,3,0,,,,58.8,0,0,0,0.0
2,20,3,0,,,,52.8,0,0,0,0.0
2,21,3,0,,,,52.8,0,0,0,0.0
2,22,3,0,,,,51.7,0,0,0,0.0
2,23,3,0,,,,54.7,0,0,0,0.0
2,24,3,0,,,,51.1,0,0,0,0.0
2,1,4,0,,,,49.8,0,0,0,0.0
2,2,4,0,,,,49.0,0,0,0,0.0
2,3,4,0,,,,48.6,0,0,0,0.0
2,4,4,0,,,,47.2,0,0,0,0.0
2,5,4,0,,,,50.4,0,0,0,0.0
2,6,4,0,,,,49.3,0,0,0,0.0
2,7,4,0,,,,50.4,0,0,0,12.0
2,8,4,0,,,,51.4,0,0,0,147.0
2,9,4,0,,,,62.2,0,0,0,174.0
2,10,4,0,,,,69.7,0,0,0,179.0
2,11,4,0,,,,75.2,0,0,0,290.0
2,12,4,0,,,,72.1,0,0,0,172.0
2,13,4,0,,,,74.3,0,0,0,110.0
2,14,4,0,,,,71.5,0,0,0,65.0
2,15,4,0,,,,71.4,0,0,0,22.0
2,16,4,0,,,,73.1,0,0,0,0.0
2,17,4,0,,,,69.1,0,0,0,0.0
2,18,4,0,,,,62.4,0,0,0,0.0
2,19,4,0,,,,60.6,0,0,0,0.0
2,20,4,0,,,,60.0,0,0,0,0.0
2,21,4,0,,,,55.5,0,0,0,0.0
2,22,4,0,,,,50.8,0,0,0,0.0
2,23,4,0,,,,52.8,0,0,0,0.0
2,24,4,0,,,,51.2,0,0,0,0.0
2,1,5,0,,,,52.4,0,0,0,0.0
2,2,5,0,,,,50.2,0,0,0,0.0
2,3,5,0,,,,51.3,0,0,0,0.0
2,4,5,0,,,,51.8,0,0,0,0.0
2,5,5,0,,,,51.6,0,0,0,0.0
2,6,5,0,,,,51.0,0,0,0,0.0
2,7,5,0,,,,49.8,0,0,0,12.0
2,8,5,0,,,,53.5,0,0,0,79.0
2,9,5,0,,,,65.6,0,0,0,215.0
2,10,5,0,,,,69.2,0,0,0,235.0
2,11,5,0,,,,74.4,0,0,0,228.0
2,12,5,0,,,,74.0,0,0,0,223.0
2,13,5,0,,,,72.8,0,0,0,199.0
2,14,5,0,,,,71.0,0,0,0,129.0
2,15,5,0,,,,71.5,0,0,0,47.0
2,16,5,0,,,,74.5,0,0,0,2.0
2,17,5,0,,,,69.2,0,0,0,0.0
2,18,5,0,,,,63.3,0,0,0,0.0
2,19,5,0,,,,58.9,0,0,0,0.0
2,20,5,0,,,,55.4,0,0,0,0.0
2,21,5,0,,,,53.6,0,0,0,0.0
2,22,5,0,,,,51.3,0,0,0,0.0
2,23,5,0,,,,53.2,0,0,0,0.0
2,24,5,0,,,,50.4,0,0,0,0.0
2,1,6,0,,,,51.0,0,0,0,0.0
2,2,6,0,,,,50.0,0,0,0,0.0
2,3,6,0,,,,50.0,0,0,0,0.0
2,4,6,0,,,,51.4,0,0,0,0.0
2,5,6,0,,,,51.4,0,0,0,0.0
2,6,6,0,,,,50.0,0,0,0,0.0
2,7,6,0,,,,51.4,0,0,0,8.0
2,8,6,0,,,,55.2,0,0,0,100.0
2,9,6,0,,,,58.4,0,0,0,373.0
2,10,6,0,,,,61.4,0,0,0,544.0
2,11,6,0,,,,69.0,0,0,0,601.0
2,12,6,0,,,,68.0,0,0,0,607.0
2,13,6,0,,,,70.5,0,0,0,308.0
2,14,6,0,,,,69.0,0,0,0,162.0
2,15,6,0,,,,68.6,0,0,0,71.0
2,16,6,0,,,,67.2,0,0,0,6.0
2,17,6,0,,,,64.6,0,0,0,0.0
2,18,6,0,,,,60.6,0,0,0,0.0
2,19,6,0,,,,54.0,0,0,0,0.0
2,20,6,0,,,,49.6,0,0,0,0.0
2,21,6,0,,,,49.4,0,0,0,0.0
2,22,6,0,,,,54.8,0,0,0,0.0
2,23,6,0,,,,52.6,0,0,0,0.0
2,24,6,0,,,,49.9,0,0,0,0.0
2,1,7,0,,,,50.0,0,0,0,0.0
2,2,7,0,,,,50.6,0,0,0,0.0
2,3,7,0,,,,49.9,0,0,0,0.0
2,4,7,0,,,,51.2,0,0,0,0.0
2,5,7,0,,,,51.6,0,0,0,0.0
2,6,7,0,,,,49.8,0,0,0,0.0
2,7,7,0,,,,49.4,0,0,0,9.0
2,8,7,0,,,,49.9,0,0,0,101.0
2,9,7,0,,,,46.6,0,0,0,278.0
2,10,7,0,,,,47.6,0,0,0,612.0
2,11,7,0,,,,48.9,0,0,0,807.0
2,12,7,0,,,,47.6,0,0,0,790.0
2,13,7,0,,,,47.5,0,0,0,670.0
2,14,7,0,,,,46.4,0,0,0,481.0
2,15,7,0,,,,49.0,0,0,0,199.0
2,16,7,0,,,,46.8,0,0,0,19.0
2,17,7,0,,,,47.9,0,0,0,0.0
2,18,7,0,,,,47.3,0,0,0,0.0
2,19,7,0,,,,46.8,0,0,0,0.0
2,20,7,0,,,,50.4,0,0,0,0.0
2,21,7,0,,,,46.3,0,0,0,0.0
2,22,7,0,,,,45.6,0,0,0,0.0
2,23,7,0,,,,46.9,0,0,0,0.0
2,24,7,0,,,,46.8,0,0,0,0.0
2,1,1,0,,,,48.6,0,0,0,0.0
2,2,1,0,,,,47.1,0,0,0,0.0
2,3,1,0,,,,47.9,0,0,0,0.0
2,4,1,0,,,,46.8,0,0,0,0.0
2,5,1,0,,,,47.0,0,0,0,0.0
2,6,1,0,,,,50.7,0,0,0,0.0
2,7,1,0,,,,47.2,0,0,0,0.0
2,8,1,0,,,,44.5,0,0,0,12.0
2,9,1,0,,,,45.2,0,0,0,34.0
2,10,1,0,,,,50.1,0,0,0,53.0
2,11,1,0,,,,46.3,0,0,0,64.0
2,12,1,0,,,,47.1,0,0,0,60.0
2,13,1,0,,,,50.4,0,0,0,48.0
2,14,1,0,,,,53.8,0,0,0,29.0
2,15,1,0,,,,55.9,0,0,0,10.0
2,16,1,0,,,,55.1,0,0,0,0.0
2,17,1,0,,,,55.6,0,0,0,0.0
2,18,1,0,,,,59.5,0,0,0,0.0
2,19,1,0,,,,57.5,0,0,0,0.0
2,20,1,0,,,,57.2,0,0,0,0.0
2,21,1,0,,,,54.7,0,0,0,0.0
2,22,1,0,,,,54.2,0,0,0,0.0
2,23,1,0,,,,56.2,0,0,0,0.0
2,24,1,0,,,,54.8,0,0,0,0.0
2,1,2,0,,,,53.4,0,0,0,0.0
2,2,2,0,,,,54.7,0,0,0,0.0
2,3,2,0,,,,53.0,0,0,0,0.0
2,4,2,0,,,,53.0,0,0,0,0.0
2,5,2,0,,,,53.5,0,0,0,0.0
2,6,2,0,,,,54.4,0,0,0,0.0
2,7,2,0,,,,54.5,0,0,0,5.0
2,8,2,0,,,,57.8,0,0,0,53.0
2,9,2,0,,,,70.9,0,0,0,128.0
2,10,2,0,,,,75.0,0,0,0,226.0
2,11,2,0,,,,82.6,0,0,0,281.0
2,12,2,0,,,,85.1,0,0,0,267.0
2,13,2,0,,,,80.2,0,0,0,220.0
2,14,2,0,,,,80.6,0,0,0,131.0
2,15,2,0,,,,77.0,0,0,0,63.0
2,16,2,0,,,,73.8,0,0,0,7.0
2,17,2,0,,,,72.5,0,0,0,0.0
2,18,2,0,,,,65.7,0,0,0,0.0
2,19,2,0,,,,59.1,0,0,0,0.0
2,20,2,0,,,,54.5,0,0,0,0.0
2,21,2,0,,,,55.3,0,0,0,0.0
2,22,2,0,,,,54.9,0,0,0,0.0
2,23,2,0,,,,51.8,0,0,0,0.0
2,24,2,0,,,,52.4,0,0,0,0.0
2,1,3,0,,,,50.9,0,0,0,0.0
2,2,3,0,,,,51.2,0,0,0,0.0
2,3,3,0,,,,52.7,0,0,0,0.0
2,4,3,0,,,,50.5,0,0,0,0.0
2,5,3,0,,,,51.2,0,0,0,0.0
2,6,3,0,,,,55.1,0,0,0,0.0
2,7,3,0,,,,50.9,0,0,0,16.0
2,8,3,0,,,,53.0,0,0,0,110.0
2,9,3,0,,,,62.8,0,0,0,190.0
2,10,3,0,,,,70.2,0,0,0,220.0
2,11,3,0,,,,78.7,0,0,0,243.0
2,12,3,0,,,,80.8,0,0,0,250.0
2,13,3,0,,,,80.2,0,0,0,252.0
2,14,3,0,,,,79.8,0,0,0,208.0
2,15,3,0,,,,77.8,0,0,0,84.0
2,16,3,0,,,,77.5,0,0,0,11.0
2,17,3,0,,,,72.6,0,0,0,0.0
2,18,3,0,,,,66.1,0,0,0,0.0
2,19,3,0,,,,61.5,0,0,0,0.0
2,20,3,0,,,,64.1,0,0,0,0.0
2,21,3,0,,,,61.1,0,0,0,0.0
2,22,3,0,,,,60.2,0,0,0,0.0
2,23,3,0,,,,56.1,0,0,0,0.0
2,24,3,0,,,,57.6,0,0,0,0.0
2,1,4,0,,,,56.0,0,0,0,0.0
2,2,4,0,,,,55.9,0,0,0,0.0
2,3,4,0,,,,55.8,0,0,0,0.0
2,4,4,0,,,,55.6,0,0,0,0.0
2,5,4,0,,,,57.1,0,0,0,0.0
2,6,4,0,,,,58.3,0,0,0,0.0
2,7,4,0,,,,55.3,0,0,0,4.0
2,8,4,0,,,,56.4,0,0,0,38.0
2,9,4,0,,,,64.2,0,0,0,87.0
2,10,4,0,,,,71.9,0,0,0,124.0
2,11,4,0,,,,75.2,0,0,0,115.0
2,12,4,0,,,,84.4,0,0,0,106.0
2,13,4,0,,,,82.2,0,0,0,88.0
2,14,4,0,,,,79.5,0,0,0,60.0
2,15,4,0,,,,81.4,0,0,0,23.0
2,16,4,0,,,,79.9,0,0,0,0.0
2,17,4,0,,,,72.7,0,0,0,0.0
2,18,4,0,,,,70.1,0,0,0,0.0
2,19,4,0,,,,60.5,0,0,0,0.0
2,20,4,0,,,,58.3,0,0,0,0.0
2,21,4,0,,,,56.1,0,0,0,0.0
2,22,4,0,,,,54.1,0,0,0,0.0
2,23,4,0,,,,55.3,0,0,0,0.0
2,24,4,0,,,,52.9,0,0,0,0.0
2,1,5,0,,,,50.6,0,0,0,0.0
2,2,5,0,,,,48.6,0,0,0,0.0
2,3,5,0,,,,51.2,0,0,0,0.0
2,4,5,0,,,,50.8,0,0,0,0.0
2,5,5,0,,,,49.5,0,0,0,0.0
2,6,5,0,,,,47.5,0,0,0,0.0
2,7,5,0,,,,47.8,0,0,0,0.0
2,8,5,0,,,,49.4,0,0,0,14.0
2,9,5,0,,,,58.0,0,0,0,119.0
2,10,5,0,,,,65.9,0,0,0,462.0
2,11,5,0,,,,71.7,0,0,0,702.0
2,12,5,0,,,,68.7,0,0,0,784.0
2,13,5,0,,,,74.2,0,0,0,715.0
2,14,5,0,,,,73.6,0,0,0,570.0
2,15,5,0,,,,74.7,0,0,0,286.0
2,16,5,0,,,,74.1,0,0,0,51.0
2,17,5,0,,,,74.3,0,0,0,0.0
2,18,5,0,,,,69.9,0,0,0,0.0
2,19,5,0,,,,59.2,0,0,0,0.0
2,20,5,0,,,,55.7,0,0,0,0.0
2,21,5,0,,,,58.6,0,0,0,0.0
2,22,5,0,,,,57.6,0,0,0,0.0
2,23,5,0,,,,53.0,0,0,0,0.0
2,24,5,0,,,,53.8,0,0,0,0.0
2,1,6,0,,,,53.4,0,0,0,0.0
2,2,6,0,,,,53.2,0,0,0,0.0
2,3,6,0,,,,53.6,0,0,0,0.0
2,4,6,0,,,,53.9,0,0,0,0.0
2,5,6,0,,,,52.2,0,0,0,0.0
2,6,6,0,,,,59.4,0,0,0,0.0
2,7,6,0,,,,54.9,0,0,0,1.0
2,8,6,0,,,,55.9,0,0,0,16.0
2,9,6,0,,,,60.8,0,0,0,40.0
2,10,6,0,,,,66.0,0,0,0,72.0
2,11,6,0,,,,68.9,0,0,0,104.0
2,12,6,0,,,,70.1,0,0,0,150.0
2,13,6,0,,,,70.7,0,0,0,242.0
2,14,6,0,,,,71.0,0,0,0,208.0
2,15,6,0,,,,69.5,0,0,0,162.0
2,16,6,0,,,,67.2,0,0,0,26.0
2,17,6,0,,,,64.2,0,0,0,0.0
2,18,6,0,,,,61.4,0,0,0,0.0
2,19,6,0,,,,54.4,0,0,0,0.0
2,20,6,0,,,,50.2,0,0,0,0.0
2,21,6,0,,,,53.2,0,0,0,0.0
2,22,6,0,,,,51.0,0,0,0,0.0
2,23,6,0,,,,46.9,0,0,0,0.0
2,24,6,0,,,,46.8,0,0,0,0.0
2,1,7,0,,,,48.6,0,0,0,0.0
2,2,7,0,,,,48.0,0,0,0,0.0
2,3,7,0,,,,46.9,0,0,0,0.0
2,4,7,0,,,,47.0,0,0,0,0.0
2,5,7,0,,,,47.4,0,0,0,0.0
2,6,7,0,,,,47.1,0,0,0,0.0
2,7,7,0,,,,48.0,0,0,0,52.0
2,8,7,0,,,,47.9,0,0,0,158.0
2,9,7,0,,,,46.9,0,0,0,292.0
2,10,7,0,,,,47.2,0,0,0,450.0
2,11,7,0,,,,48.2,0,0,0,580.0
2,12,7,0,,,,47.0,0,0,0,557.0
2,13,7,0,,,,49.2,0,0,0,440.0
2,14,7,0,,,,46.9,0,0,0,270.0
2,15,7,0,,,,46.7,0,0,0,107.0
2,16,7,0,,,,48.0,0,0,0,17.0
2,17,7,0,,,,49.3,0,0,0,0.0
2,18,7,0,,,,52.5,0,0,0,0.0
2,19,7,0,,,,50.9,0,0,0,0.0
2,20,7,0,,,,48.7,0,0,0,0.0
2,21,7,0,,,,47.8,0,0,0,0.0
2,22,7,0,,,,46.5,0,0,0,0.0
2,23,7,0,,,,47.2,0,0,0,0.0
2,24,7,0,,,,47.4,0,0,0,0.0
2,1,1,0,,,,47.8,0,0,0,0.0
2,2,1,0,,,,46.6,0,0,0,0.0
2,3,1,0,,,,51.4,0,0,0,0.0
2,4,1,0,,,,51.7,0,0,0,0.0
2,5,1,0,,,,51.4,0,0,0,0.0
2,6,1,0,,,,56.3,0,0,0,0.0
2,7,1,0,,,,51.1,0,0,0,26.0
2,8,1,0,,,,50.0,0,0,0,85.0
2,9,1,0,,,,47.1,0,0,0,232.0
2,10,1,0,,,,47.1,0,0,0,792.0
2,11,1,0,,,,45.4,0,0,0,853.0
2,12,1,0,,,,45.9,0,0,0,824.0
2,13,1,0,,,,45.0,0,0,0,778.0
2,14,1,0,,,,47.5,0,0,0,685.0
2,15,1,0,,,,48.4,0,0,0,494.0
2,16,1,0,,,,46.6,0,0,0,165.0
2,17,1,0,,,,46.0,0,0,0,0.0
2,18,1,0,,,,46.2,0,0,0,0.0
2,19,1,0,,,,45.6,0,0,0,0.0
2,20,1,0,,,,44.4,0,0,0,0.0
2,21,1,0,,,,47.0,0,0,0,0.0
2,22,1,0,,,,49.6,0,0,0,0.0
2,23,1,0,,,,44.6,0,0,0,0.0
2,24,1,0,,,,44.8,0,0,0,0.0
2,1,2,0,,,,45.1,0,0,0,0.0
2,2,2,0,,,,46.2,0,0,0,0.0
2,3,2,0,,,,46.1,0,0,0,0.0
2,4,2,0,,,,45.9,0,0,0,0.0
2,5,2,0,,,,45.8,0,0,0,0.0
2,6,2,0,,,,47.2,0,0,0,0.0
2,7,2,0,,,,48.1,0,0,0,45.0
2,8,2,0,,,,51.5,0,0,0,199.0
2,9,2,0,,,,63.3,0,0,0,552.0
2,10,2,0,,,,69.8,0,0,0,822.0
2,11,2,0,,,,71.3,0,0,0,832.0
2,12,2,0,,,,74.9,0,0,0,805.0
2,13,2,0,,,,73.6,0,0,0,772.0
2,14,2,0,,,,71.8,0,0,0,681.0
2,15,2,0,,,,71.8,0,0,0,484.0
2,16,2,0,,,,68.5,0,0,0,130.0
2,17,2,0,,,,64.9,0,0,0,0.0
2,18,2,0,,,,64.9,0,0,0,0.0
2,19,2,0,,,,56.3,0,0,0,0.0
2,20,2,0,,,,55.4,0,0,0,0.0
2,21,2,0,,,,57.8,0,0,0,0.0
2,22,2,0,,,,58.0,0,0,0,0.0
2,23,2,0,,,,57.4,0,0,0,0.0
2,24,2,0,,,,56.2,0,0,0,0.0
2,1,3,0,,,,56.2,0,0,0,0.0
2,2,3,0,,,,56.8,0,0,0,0.0
2,3,3,0,,,,56.7,0,0,0,0.0
2,4,3,0,,,,55.4,0,0,0,0.0
2,5,3,0,,,,56.8,0,0,0,0.0
2,6,3,0,,,,55.4,0,0,0,0.0
2,7,3,0,,,,57.5,0,0,0,47.0
2,8,3,0,,,,58.7,0,0,0,175.0
2,9,3,0,,,,66.8,0,0,0,446.0
2,10,3,0,,,,69.5,0,0,0,775.0
2,11,3,0,,,,70.3,0,0,0,837.0
2,12,3,0,,,,69.2,0,0,0,831.0
2,13,3,0,,,,67.0,0,0,0,790.0
2,14,3,0,,,,66.7,0,0,0,695.0
2,15,3,0,,,,67.6,0,0,0,493.0
2,16,3,0,,,,68.5,0,0,0,148.0
2,17,3,0,,,,66.2,0,0,0,0.0
2,18,3,0,,,,63.6,0,0,0,0.0
2,19,3,0,,,,54.9,0,0,0,0.0
2,20,3,0,,,,51.4,0,0,0,0.0
2,21,3,0,,,,54.7,0,0,0,0.0
2,22,3,0,,,,56.8,0,0,0,0.0
2,23,3,0,,,,52.9,0,0,0,0.0
2,24,3,0,,,,52.7,0,0,0,0.0
2,1,4,0,,,,48.8,0,0,0,0.0
2,2,4,0,,,,48.6,0,0,0,0.0
2,3,4,0,,,,48.1,0,0,0,0.0
2,4,4,0,,,,47.6,0,0,0,0.0
2,5,4,0,,,,47.4,0,0,0,0.0
2,6,4,0,,,,53.0,0,0,0,0.0
2,7,4,0,,,,50.5,0,0,0,121.0
2,8,4,0,,,,51.6,0,0,0,460.0
2,9,4,0,,,,58.8,0,0,0,749.0
2,10,4,0,,,,65.3,0,0,0,858.0
2,11,4,0,,,,69.9,0,0,0,910.0
2,12,4,0,,,,72.3,0,0,0,903.0
2,13,4,0,,,,68.7,0,0,0,866.0
2,14,4,0,,,,70.8,0,0,0,786.0
2,15,4,0,,,,71.0,0,0,0,602.0
2,16,4,0,,,,72.3,0,0,0,216.0
2,17,4,0,,,,70.0,0,0,0,0.0
2,18,4,0,,,,65.8,0,0,0,0.0
2,19,4,0,,,,61.3,0,0,0,0.0
2,20,4,0,,,,56.1,0,0,0,0.0
2,21,4,0,,,,58.7,0,0,0,0.0
2,22,4,0,,,,58.3,0,0,0,0.0
2,23,4,0,,,,56.0,0,0,0,0.0
2,24,4,0,,,,54.0,0,0,0,0.0
2,1,5,0,,,,51.6,0,0,0,0.0
2,2,5,0,,,,51.2,0,0,0,0.0
2,3,5,0,,,,50.3,0,0,0,0.0
2,4,5,0,,,,50.4,0,0,0,0.0
2,5,5,0,,,,51.2,0,0,0,0.0
2,6,5,0,,,,56.8,0,0,0,0.0
2,7,5,0,,,,52.6,0,0,0,145.0
2,8,5,0,,,,53.2,0,0,0,338.0
2,9,5,0,,,,64.8,0,0,0,510.0
2,10,5,0,,,,72.9,0,0,0,725.0
2,11,5,0,,,,74.7,0,0,0,692.0
2,12,5,0,,,,78.2,0,0,0,616.0
2,13,5,0,,,,76.2,0,0,0,525.0
2,14,5,0,,,,75.5,0,0,0,345.0
2,15,5,0,,,,70.5,0,0,0,183.0
2,16,5,0,,,,72.5,0,0,0,36.0
2,17,5,0,,,,68.0,0,0,0,0.0
2,18,5,0,,,,65.3,0,0,0,0.0
2,19,5,0,,,,59.6,0,0,0,0.0
2,20,5,0,,,,57.8,0,0,0,0.0
2,21,5,0,,,,54.5,0,0,0,0.0
2,22,5,0,,,,54.9,0,0,0,0.0
2,23,5,0,,,,50.7,0,0,0,0.0
2,24,5,0,,,,49.4,0,0,0,0.0
2,1,6,0,,,,47.7,0,0,0,0.0
2,2,6,0,,,,47.8,0,0,0,0.0
2,3,6,0,,,,47.6,0,0,0,0.0
2,4,6,0,,,,47.0,0,0,0,0.0
2,5,6,0,,,,48.4,0,0,0,0.0
2,6,6,0,,,,52.8,0,0,0,0.0
2,7,6,0,,,,49.9,0,0,0,291.0
2,8,6,0,,,,56.0,0,0,0,426.0
2,9,6,0,,,,62.4,0,0,0,554.0
2,10,6,0,,,,68.4,0,0,0,449.0
2,11,6,0,,,,71.8,0,0,0,480.0
2,12,6,0,,,,72.7,0,0,0,491.0
2,13,6,0,,,,79.7,0,0,0,489.0
2,14,6,0,,,,74.9,0,0,0,309.0
2,15,6,0,,,,73.3,0,0,0,181.0
2,16,6,0,,,,69.5,0,0,0,45.0
2,17,6,0,,,,62.9,0,0,0,0.0
2,18,6,0,,,,61.1,0,0,0,0.0
2,19,6,0,,,,55.1,0,0,0,0.0
2,20,6,0,,,,52.8,0,0,0,0.0
2,21,6,0,,,,53.8,0,0,0,0.0
2,22,6,0,,,,54.8,0,0,0,0.0
2,23,6,0,,,,50.0,0,0,0,0.0
2,24,6,0,,,,48.2,0,0,0,0.0
2,1,7,0,,,,49.2,0,0,0,0.0
2,2,7,0,,,,48.4,0,0,0,0.0
2,3,7,0,,,,47.9,0,0,0,0.0
2,4,7,0,,,,48.7,0,0,0,0.0
2,5,7,0,,,,49.3,0,0,0,0.0
2,6,7,0,,,,48.0,0,0,0,0.0
2,7,7,0,,,,48.4,0,0,0,13.0
2,8,7,0,,,,45.8,0,0,0,62.0
2,9,7,0,,,,49.1,0,0,0,151.0
2,10,7,0,,,,46.0,0,0,0,200.0
2,11,7,0,,,,46.0,0,0,0,258.0
2,12,7,0,,,,45.3,0,0,0,280.0
2,13,7,0,,,,44.6,0,0,0,258.0
2,14,7,0,,,,45.8,0,0,0,231.0
2,15,7,0,,,,46.0,0,0,0,160.0
2,16,7,0,,,,51.0,0,0,0,55.0
2,17,7,0,,,,52.4,0,0,0,0.0
2,18,7,0,,,,51.0,0,0,0,0.0
2,19,7,0,,,,49.2,0,0,0,0.0
2,20,7,0,,,,49.6,0,0,0,0.0
2,21,7,0,,,,48.8,0,0,0,0.0
2,22,7,0,,,,47.7,0,0,0,0.0
2,23,7,0,,,,50.4,0,0,0,0.0
2,24,7,0,,,,45.5,0,0,0,0.0
2,1,1,0,,,,46.8,0,0,0,0.0
2,2,1,0,,,,45.8,0,0,0,0.0
2,3,1,0,,,,47.1,0,0,0,0.0
2,4,1,0,,,,47.4,0,0,0,0.0
2,5,1,0,,,,46.9,0,0,0,0.0
2,6,1,0,,,,49.8,0,0,0,0.0
2,7,1,0,,,,48.1,0,0,0,99.0
2,8,1,0,,,,46.0,0,0,0,269.0
2,9,1,0,,,,43.8,0,0,0,472.0
2,10,1,0,,,,44.3,0,0,0,471.0
2,11,1,0,,,,52.0,0,0,0,361.0
2,12,1,0,,,,49.5,0,0,0,347.0
2,13,1,0,,,,47.7,0,0,0,333.0
2,14,1,0,,,,50.4,0,0,0,260.0
2,15,1,0,,,,52.4,0,0,0,145.0
2,16,1,0,,,,56.9,0,0,0,68.0
2,17,1,0,,,,53.9,0,0,0,0.0
2,18,1,0,,,,49.6,0,0,0,0.0
2,19,1,0,,,,49.9,0,0,0,0.0
2,20,1,0,,,,49.1,0,0,0,0.0
2,21,1,0,,,,50.4,0,0,0,0.0
2,22,1,0,,,,49.6,0,0,0,0.0
2,23,1,0,,,,47.8,0,0,0,0.0
2,24,1,0,,,,48.8,0,0,0,0.0
2,1,2,0,,,,49.6,0,0,0,0.0
2,2,2,0,,,,49.4,0,0,0,0.0
2,3,2,0,,,,49.0,0,0,0,0.0
2,4,2,0,,,,49.5,0,0,0,0.0
2,5,2,0,,,,49.6,0,0,0,0.0
2,6,2,0,,,,46.0,0,0,0,0.0
2,7,2,0,,,,47.3,0,0,0,75.0
2,8,2,0,,,,51.1,0,0,0,249.0
2,9,2,0,,,,63.5,0,0,0,371.0
2,10,2,0,,,,70.9,0,0,0,374.0
2,11,2,0,,,,71.7,0,0,0,414.0
2,12,2,0,,,,76.6,0,0,0,402.0
2,13,2,0,,,,79.8,0,0,0,325.0
2,14,2,0,,,,78.0,0,0,0,218.0
2,15,2,0,,,,72.7,0,0,0,124.0
2,16,2,0,,,,74.2,0,0,0,34.0
2,17,2,0,,,,66.7,0,0,0,0.0
2,18,2,0,,,,60.8,0,0,0,0.0
2,19,2,0,,,,54.8,0,0,0,0.0
2,20,2,0,,,,53.7,0,0,0,0.0
2,21,2,0,,,,56.2,0,0,0,0.0
2,22,2,0,,,,56.2,0,0,0,0.0
2,23,2,0,,,,50.9,0,0,0,0.0
2,24,2,0,,,,51.4,0,0,0,0.0
2,1,3,0,,,,52.1,0,0,0,0.0
2,2,3,0,,,,50.2,0,0,0,0.0
2,3,3,0,,,,51.0,0,0,0,0.0
2,4,3,0,,,,50.9,0,0,0,0.0
2,5,3,0,,,,51.1,0,0,0,0.0
2,6,3,0,,,,53.6,0,0,0,0.0
2,7,3,0,,,,49.4,0,0,0,17.0
2,8,3,0,,,,50.5,0,0,0,67.0
2,9,3,0,,,,58.2,0,0,0,126.0
2,10,3,0,,,,65.7,0,0,0,138.0
2,11,3,0,,,,73.6,0,0,0,162.0
2,12,3,0,,,,71.9,0,0,0,175.0
2,13,3,0,,,,74.1,0,0,0,152.0
2,14,3,0,,,,71.9,0,0,0,112.0
2,15,3,0,,,,69.7,0,0,0,58.0
2,16,3,0,,,,72.3,0,0,0,10.0
2,17,3,0,,,,67.5,0,0,0,0.0
2,18,3,0,,,,64.6,0,0,0,0.0
2,19,3,0,,,,55.0,0,0,0,0.0
2,20,3,0,,,,52.1,0,0,0,0.0
2,21,3,0,,,,52.4,0,0,0,0.0
2,22,3,0,,,,51.7,0,0,0,0.0
2,23,3,0,,,,48.3,0,0,0,0.0
2,24,3,0,,,,49.0,0,0,0,0.0
2,1,4,0,,,,48.0,0,0,0,0.0
2,2,4,0,,,,48.8,0,0,0,0.0
2,3,4,0,,,,50.1,0,0,0,0.0
2,4,4,0,,,,50.1,0,0,0,0.0
2,5,4,0,,,,48.4,0,0,0,0.0
2,6,4,0,,,,51.8,0,0,0,0.0
2,7,4,0,,,,49.9,0,0,0,56.0
2,8,4,0,,,,49.9,0,0,0,155.0
2,9,4,0,,,,61.2,0,0,0,267.0
2,10,4,0,,,,66.2,0,0,0,399.0
2,11,4,0,,,,70.4,0,0,0,701.0
2,12,4,0,,,,71.2,0,0,0,840.0
2,13,4,0,,,,68.2,0,0,0,823.0
2,14,4,0,,,,67.1,0,0,0,739.0
2,15,4,0,,,,65.8,0,0,0,501.0
2,16,4,0,,,,68.9,0,0,0,131.0
2,17,4,0,,,,63.1,0,0,0,0.0
2,18,4,0,,,,58.8,0,0,0,0.0
2,19,4,0,,,,54.2,0,0,0,0.0
2,20,4,0,,,,52.0,0,0,0,0.0
2,21,4,0,,,,50.6,0,0,0,0.0
2,22,4,0,,,,47.6,0,0,0,0.0
2,23,4,0,,,,48.4,0,0,0,0.0
2,24,4,0,,,,49.5,0,0,0,0.0
2,1,5,0,,,,47.6,0,0,0,0.0
2,2,5,0,,,,47.6,0,0,0,0.0
2,3,5,0,,,,49.2,0,0,0,0.0
2,4,5,0,,,,47.1,0,0,0,0.0
2,5,5,0,,,,48.4,0,0,0,0.0
2,6,5,0,,,,47.4,0,0,0,0.0
2,7,5,0,,,,45.9,0,0,0,26.0
2,8,5,0,,,,47.8,0,0,0,134.0
2,9,5,0,,,,62.4,0,0,0,313.0
2,10,5,0,,,,66.2,0,0,0,513.0
2,11,5,0,,,,68.0,0,0,0,651.0
2,12,5,0,,,,67.2,0,0,0,673.0
2,13,5,0,,,,65.8,0,0,0,659.0
2,14,5,0,,,,64.7,0,0,0,621.0
2,15,5,0,,,,67.0,0,0,0,509.0
2,16,5,0,,,,67.9,0,0,0,243.0
2,17,5,0,,,,64.3,0,0,0,2.0
2,18,5,0,,,,62.7,0,0,0,0.0
2,19,5,0,,,,55.7,0,0,0,0.0
2,20,5,0,,,,50.1,0,0,0,0.0
2,21,5,0,,,,50.3,0,0,0,0.0
2,22,5,0,,,,50.0,0,0,0,0.0
2,23,5,0,,,,49.4,0,0,0,0.0
2,24,5,0,,,,47.0,0,0,0,0.0
3,1,6,0,,,,48.3,0,0,0,0.0
3,2,6,0,,,,47.6,0,0,0,0.0
3,3,6,0,,,,47.6,0,0,0,0.0
3,4,6,0,,,,47.3,0,0,0,0.0
3,5,6,0,,,,48.7,0,0,0,0.0
3,6,6,0,,,,46.8,0,0,0,0.0
3,7,6,0,,,,47.0,0,0,0,142.0
3,8,6,0,,,,48.2,0,0,0,406.0
3,9,6,0,,,,58.7,0,0,0,701.0
3,10,6,0,,,,63.0,0,0,0,822.0
3,11,6,0,,,,65.6,0,0,0,881.0
3,12,6,0,,,,64.6,0,0,0,883.0
3,13,6,0,,,,65.6,0,0,0,844.0
3,14,6,0,,,,68.0,0,0,0,733.0
3,15,6,0,,,,67.7,0,0,0,486.0
3,16,6,0,,,,67.6,0,0,0,136.0
3,17,6,0,,,,64.9,0,0,0,0.0
3,18,6,0,,,,59.1,0,0,0,0.0
3,19,6,0,,,,53.2,0,0,0,0.0
3,20,6,0,,,,46.0,0,0,0,0.0
3,21,6,0,,,,44.5,0,0,0,0.0
3,22,6,0,,,,42.6,0,0,0,0.0
3,23,6,0,,,,43.8,0,0,0,0.0
3,24,6,0,,,,42.2,0,0,0,0.0
3,1,7,0,,,,43.9,0,0,0,0.0
3,2,7,0,,,,45.3,0,0,0,0.0
3,3,7,0,,,,44.3,0,0,0,0.0
3,4,7,0,,,,46.2,0,0,0,0.0
3,5,7,0,,,,44.9,0,0,0,0.0
3,6,7,0,,,,45.9,0,0,0,2.0
3,7,7,0,,,,46.7,0,0,0,181.0
3,8,7,0,,,,43.7,0,0,0,364.0
3,9,7,0,,,,45.9,0,0,0,439.0
3,10,7,0,,,,44.2,0,0,0,581.0
3,11,7,0,,,,45.5,0,0,0,717.0
3,12,7,0,,,,45.4,0,0,0,795.0
3,13,7,0,,,,44.9,0,0,0,811.0
3,14,7,0,,,,45.0,0,0,0,769.0
3,15,7,0,,,,43.1,0,0,0,635.0
3,16,7,0,,,,43.9,0,0,0,335.0
3,17,7,0,,,,44.4,0,0,0,8.0
3,18,7,0,,,,43.2,0,0,0,0.0
3,19,7,0,,,,43.9,0,0,0,0.0
3,20,7,0,,,,46.9,0,0,0,0.0
3,21,7,0,,,,46.2,0,0,0,0.0
3,22,7,0,,,,47.8,0,0,0,0.0
3,23,7,0,,,,47.0,0,0,0,0.0
3,24,7,0,,,,46.2,0,0,0,0.0
3,1,1,0,,,,47.0,0,0,0,0.0
3,2,1,0,,,,48.2,0,0,0,0.0
3,3,1,0,,,,48.2,0,0,0,0.0
3,4,1,0,,,,46.6,0,0,0,0.0
3,5,1,0,,,,47.1,0,0,0,0.0
3,6,1,0,,,,48.0,0,0,0,3.0
3,7,1,0,,,,45.1,0,0,0,146.0
3,8,1,0,,,,44.4,0,0,0,317.0
3,9,1,0,,,,45.2,0,0,0,456.0
3,10,1,0,,,,42.1,0,0,0,573.0
3,11,1,0,,,,40.6,0,0,0,552.0
3,12,1,0,,,,40.8,0,0,0,687.0
3,13,1,0,,,,41.7,0,0,0,644.0
3,14,1,0,,,,43.4,0,0,0,590.0
3,15,1,0,,,,48.2,0,0,0,431.0
3,16,1,0,,,,49.1,0,0,0,124.0
3,17,1,0,,,,47.2,0,0,0,3.0
3,18,1,0,,,,46.4,0,0,0,0.0
3,19,1,0,,,,47.7,0,0,0,0.0
3,20,1,0,,,,48.0,0,0,0,0.0
3,21,1,0,,,,48.6,0,0,0,0.0
3,22,1,0,,,,51.1,0,0,0,0.0
3,23,1,0,,,,48.9,0,0,0,0.0
3,24,1,0,,,,48.6,0,0,0,0.0
3,1,2,0,,,,48.4,0,0,0,0.0
3,2,2,0,,,,47.4,0,0,0,0.0
3,3,2,0,,,,47.3,0,0,0,0.0
3,4,2,0,,,,47.6,0,0,0,0.0
3,5,2,0,,,,48.9,0,0,0,0.0
3,6,2,0,,,,47.1,0,0,0,6.0
3,7,2,0,,,,46.9,0,0,0,257.0
3,8,2,0,,,,45.6,0,0,0,569.0
3,9,2,0,,,,54.5,0,0,0,838.0
3,10,2,0,,,,65.8,0,0,0,895.0
3,11,2,0,,,,68.3,0,0,0,900.0
3,12,2,0,,,,69.2,0,0,0,874.0
3,13,2,0,,,,68.0,0,0,0,840.0
3,14,2,0,,,,67.7,0,0,0,778.0
3,15,2,0,,,,68.3,0,0,0,655.0
3,16,2,0,,,,68.6,0,0,0,348.0
3,17,2,0,,,,65.5,0,0,0,15.0
3,18,2,0,,,,62.7,0,0,0,0.0
3,19,2,0,,,,52.9,0,0,0,0.0
3,20,2,0,,,,49.6,0,0,0,0.0
3,21,2,0,,,,53.1,0,0,0,0.0
3,22,2,0,,,,50.2,0,0,0,0.0
3,23,2,0,,,,45.2,0,0,0,0.0
3,24,2,0,,,,46.5,0,0,0,0.0
3,1,3,0,,,,50.6,0,0,0,0.0
3,2,3,0,,,,49.1,0,0,0,0.0
3,3,3,0,,,,48.5,0,0,0,0.0
3,4,3,0,,,,49.9,0,0,0,0.0
3,5,3,0,,,,50.2,0,0,0,0.0
3,6,3,0,,,,53.0,0,0,0,0.0
3,7,3,0,,,,49.0,0,0,0,35.0
3,8,3,0,,,,47.8,0,0,0,101.0
3,9,3,0,,,,55.0,0,0,0,195.0
3,10,3,0,,,,59.0,0,0,0,434.0
3,11,3,0,,,,61.0,0,0,0,747.0
3,12,3,0,,,,63.9,0,0,0,810.0
3,13,3,0,,,,64.6,0,0,0,774.0
3,14,3,0,,,,61.5,0,0,0,699.0
3,15,3,0,,,,60.4,0,0,0,553.0
3,16,3,0,,,,60.3,0,0,0,275.0
3,17,3,0,,,,62.6,0,0,0,12.0
3,18,3,0,,,,59.8,0,0,0,0.0
3,19,3,0,,,,52.4,0,0,0,0.0
3,20,3,0,,,,49.8,0,0,0,0.0
3,21,3,0,,,,52.8,0,0,0,0.0
3,22,3,0,,,,52.2,0,0,0,0.0
3,23,3,0,,,,44.0,0,0,0,0.0
3,24,3,0,,,,44.4,0,0,0,0.0
3,1,4,0,,,,44.6,0,0,0,0.0
3,2,4,0,,,,44.9,0,0,0,0.0
3,3,4,0,,,,44.0,0,0,0,0.0
3,4,4,0,,,,44.8,0,0,0,0.0
3,5,4,0,,,,44.6,0,0,0,0.0
3,6,4,0,,,,50.6,0,0,0,1.0
3,7,4,0,,,,47.0,0,0,0,44.0
3,8,4,0,,,,47.5,0,0,0,171.0
3,9,4,0,,,,57.0,0,0,0,515.0
3,10,4,0,,,,60.3,0,0,0,632.0
3,11,4,0,,,,67.2,0,0,0,538.0
3,12,4,0,,,,66.3,0,0,0,439.0
3,13,4,0,,,,65.1,0,0,0,354.0
3,14,4,0,,,,64.8,0,0,0,259.0
3,15,4,0,,,,67.7,0,0,0,177.0
3,16,4,0,,,,71.5,0,0,0,74.0
3,17,4,0,,,,66.7,0,0,0,2.0
3,18,4,0,,,,58.0,0,0,0,0.0
3,19,4,0,,,,49.2,0,0,0,0.0
3,20,4,0,,,,48.4,0,0,0,0.0
3,21,4,0,,,,50.0,0,0,0,0.0
3,22,4,0,,,,48.1,0,0,0,0.0
3,23,4,0,,,,42.8,0,0,0,0.0
3,24,4,0,,,,42.3,0,0,0,0.0
3,1,5,0,,,,44.6,0,0,0,0.0
3,2,5,0,,,,42.7,0,0,0,0.0
3,3,5,0,,,,41.0,0,0,0,0.0
3,4,5,0,,,,42.0,0,0,0,0.0
3,5,5,0,,,,42.3,0,0,0,0.0
3,6,5,0,,,,45.7,0,0,0,0.0
3,7,5,0,,,,41.9,0,0,0,8.0
3,8,5,0,,,,45.8,0,0,0,32.0
3,9,5,0,,,,52.1,0,0,0,72.0
3,10,5,0,,,,60.6,0,0,0,108.0
3,11,5,0,,,,65.8,0,0,0,126.0
3,12,5,0,,,,66.2,0,0,0,132.0
3,13,5,0,,,,70.7,0,0,0,114.0
3,14,5,0,,,,71.0,0,0,0,73.0
3,15,5,0,,,,70.0,0,0,0,35.0
3,16,5,0,,,,65.3,0,0,0,7.0
3,17,5,0,,,,61.8,0,0,0,0.0
3,18,5,0,,,,59.4,0,0,0,0.0
3,19,5,0,,,,54.4,0,0,0,0.0
3,20,5,0,,,,48.9,0,0,0,0.0
3,21,5,0,,,,45.9,0,0,0,0.0
3,22,5,0,,,,44.8,0,0,0,0.0
3,23,5,0,,,,44.0,0,0,0,0.0
3,24,5,0,,,,43.8,0,0,0,0.0
3,1,6,0,,,,43.1,0,0,0,0.0
3,2,6,0,,,,42.3,0,0,0,0.0
3,3,6,0,,,,43.4,0,0,0,0.0
3,4,6,0,,,,45.6,0,0,0,0.0
3,5,6,0,,,,45.7,0,0,0,0.0
3,6,6,0,,,,43.1,0,0,0,0.0
3,7,6,0,,,,42.8,0,0,0,13.0
3,8,6,0,,,,46.6,0,0,0,32.0
3,9,6,0,,,,56.2,0,0,0,51.0
3,10,6,0,,,,66.8,0,0,0,65.0
3,11,6,0,,,,73.4,0,0,0,83.0
3,12,6,0,,,,73.8,0,0,0,122.0
3,13,6,0,,,,74.6,0,0,0,143.0
3,14,6,0,,,,72.5,0,0,0,97.0
3,15,6,0,,,,68.4,0,0,0,38.0
3,16,6,0,,,,65.6,0,0,0,7.0
3,17,6,0,,,,61.6,0,0,0,0.0
3,18,6,0,,,,55.8,0,0,0,0.0
3,19,6,0,,,,49.4,0,0,0,0.0
3,20,6,0,,,,44.0,0,0,0,0.0
3,21,6,0,,,,41.6,0,0,0,0.0
3,22,6,0,,,,41.1,0,0,0,0.0
3,23,6,0,,,,40.4,0,0,0,0.0
3,24,6,0,,,,40.0,0,0,0,0.0
3,1,7,0,,,,42.5,0,0,0,0.0
3,2,7,0,,,,43.5,0,0,0,0.0
3,3,7,0,,,,41.2,0,0,0,0.0
3,4,7,0,,,,40.3,0,0,0,0.0
3,5,7,0,,,,40.0,0,0,0,0.0
3,6,7,0,,,,40.4,0,0,0,0.0
3,7,7,0,,,,39.9,0,0,0,7.0
3,8,7,0,,,,40.8,0,0,0,30.0
3,9,7,0,,,,41.6,0,0,0,64.0
3,10,7,0,,,,42.1,0,0,0,88.0
3,11,7,0,,,,42.9,0,0,0,93.0
3,12,7,0,,,,43.1,0,0,0,85.0
3,13,7,0,,,,44.6,0,0,0,71.0
3,14,7,0,,,,44.9,0,0,0,51.0
3,15,7,0,,,,44.6,0,0,0,32.0
3,16,7,0,,,,45.0,0,0,0,11.0
3,17,7,0,,,,48.5,0,0,0,0.0
3,18,7,0,,,,48.7,0,0,0,0.0
3,19,7,0,,,,48.6,0,0,0,0.0
3,20,7,0,,,,48.8,0,0,0,0.0
3,21,7,0,,,,52.6,0,0,0,0.0
3,22,7,0,,,,52.8,0,0,0,0.0
3,23,7,0,,,,51.3,0,0,0,0.0
3,24,7,0,,,,53.2,0,0,0,0.0
3,1,1,0,,,,51.6,0,0,0,0.0
3,2,1,0,,,,54.0,0,0,0,0.0
3,3,1,0,,,,52.1,0,0,0,0.0
3,4,1,0,,,,54.0,0,0,0,0.0
3,5,1,0,,,,53.6,0,0,0,0.0
3,6,1,0,,,,51.9,0,0,0,0.0
3,7,1,0,,,,52.5,0,0,0,16.0
3,8,1,0,,,,52.0,0,0,0,58.0
3,9,1,0,,,,50.2,0,0,0,120.0
3,10,1,0,,,,53.1,0,0,0,199.0
3,11,1,0,,,,50.9,0,0,0,281.0
3,12,1,0,,,,55.2,0,0,0,364.0
3,13,1,0,,,,56.9,0,0,0,360.0
3,14,1,0,,,,57.4,0,0,0,312.0
3,15,1,0,,,,56.5,0,0,0,213.0
3,16,1,0,,,,55.7,0,0,0,89.0
3,17,1,0,,,,56.9,0,0,0,6.0
3,18,1,0,,,,58.6,0,0,0,0.0
3,19,1,0,,,,58.8,0,0,0,0.0
3,20,1,0,,,,56.7,0,0,0,0.0
3,21,1,0,,,,55.4,0,0,0,0.0
3,22,1,0,,,,56.8,0,0,0,0.0
3,23,1,0,,,,55.2,0,0,0,0.0
3,24,1,0,,,,56.5,0,0,0,0.0
3,1,2,0,,,,55.2,0,0,0,0.0
3,2,2,0,,,,52.7,0,0,0,0.0
3,3,2,0,,,,49.9,0,0,0,0.0
3,4,2,0,,,,48.2,0,0,0,0.0
3,5,2,0,,,,48.2,0,0,0,0.0
3,6,2,0,,,,48.2,0,0,0,1.0
3,7,2,0,,,,50.2,0,0,0,35.0
3,8,2,0,,,,51.3,0,0,0,121.0
3,9,2,0,,,,65.5,0,0,0,202.0
3,10,2,0,,,,77.1,0,0,0,238.0
3,11,2,0,,,,76.2,0,0,0,249.0
3,12,2,0,,,,78.3,0,0,0,226.0
3,13,2,0,,,,80.5,0,0,0,189.0
3,14,2,0,,,,79.2,0,0,0,157.0
3,15,2,0,,,,80.1,0,0,0,109.0
3,16,2,0,,,,75.9,0,0,0,54.0
3,17,2,0,,,,73.6,0,0,0,7.0
3,18,2,0,,,,61.9,0,0,0,0.0
3,19,2,0,,,,55.2,0,0,0,0.0
3,20,2,0,,,,52.8,0,0,0,0.0
3,21,2,0,,,,52.9,0,0,0,0.0
3,22,2,0,,,,52.1,0,0,0,0.0
3,23,2,0,,,,52.8,0,0,0,0.0
3,24,2,0,,,,51.2,0,0,0,0.0
3,1,3,0,,,,51.0,0,0,0,0.0
3,2,3,0,,,,52.4,0,0,0,0.0
3,3,3,0,,,,50.9,0,0,0,0.0
3,4,3,0,,,,49.3,0,0,0,0.0
3,5,3,0,,,,48.8,0,0,0,0.0
3,6,3,0,,,,50.2,0,0,0,43.0
3,7,3,0,,,,47.8,0,0,0,275.0
3,8,3,0,,,,51.4,0,0,0,668.0
3,9,3,0,,,,63.1,0,0,0,799.0
3,10,3,0,,,,71.3,0,0,0,779.0
3,11,3,0,,,,69.3,0,0,0,762.0
3,12,3,0,,,,67.2,0,0,0,696.0
3,13,3,0,,,,66.5,0,0,0,668.0
3,14,3,0,,,,67.0,0,0,0,571.0
3,15,3,0,,,,66.5,0,0,0,481.0
3,16,3,0,,,,66.9,0,0,0,220.0
3,17,3,0,,,,65.9,0,0,0,28.0
3,18,3,0,,,,58.4,0,0,0,0.0
3,19,3,0,,,,58.8,0,0,0,0.0
3,20,3,0,,,,56.8,0,0,0,0.0
3,21,3,0,,,,53.6,0,0,0,0.0
3,22,3,0,,,,50.4,0,0,0,0.0
3,23,3,0,,,,48.5,0,0,0,0.0
3,24,3,0,,,,47.7,0,0,0,0.0
3,1,4,0,,,,49.0,0,0,0,0.0
3,2,4,0,,,,49.2,0,0,0,0.0
3,3,4,0,,,,48.5,0,0,0,0.0
3,4,4,0,,,,49.9,0,0,0,0.0
3,5,4,0,,,,50.5,0,0,0,0.0
3,6,4,0,,,,47.7,0,0,0,9.0
3,7,4,0,,,,47.5,0,0,0,128.0
3,8,4,0,,,,50.2,0,0,0,352.0
3,9,4,0,,,,61.6,0,0,0,498.0
3,10,4,0,,,,63.4,0,0,0,525.0
3,11,4,0,,,,67.5,0,0,0,519.0
3,12,4,0,,,,70.0,0,0,0,430.0
3,13,4,0,,,,72.2,0,0,0,336.0
3,14,4,0,,,,68.0,0,0,0,257.0
3,15,4,0,,,,67.5,0,0,0,176.0
3,16,4,0,,,,69.0,0,0,0,96.0
3,17,4,0,,,,65.8,0,0,0,18.0
3,18,4,0,,,,59.5,0,0,0,0.0
3,19,4,0,,,,54.8,0,0,0,0.0
3,20,4,0,,,,53.6,0,0,0,0.0
3,21,4,0,,,,51.8,0,0,0,0.0
3,22,4,0,,,,48.6,0,0,0,0.0
3,23,4,0,,,,47.6,0,0,0,0.0
3,24,4,0,,,,47.9,0,0,0,0.0
3,1,5,0,,,,48.7,0,0,0,0.0
3,2,5,0,,,,47.2,0,0,0,0.0
3,3,5,0,,,,49.6,0,0,0,0.0
3,4,5,0,,,,50.4,0,0,0,0.0
3,5,5,0,,,,48.8,0,0,0,0.0
3,6,5,0,,,,48.3,0,0,0,44.0
3,7,5,0,,,,46.2,0,0,0,209.0
3,8,5,0,,,,47.2,0,0,0,516.0
3,9,5,0,,,,55.8,0,0,0,653.0
3,10,5,0,,,,62.5,0,0,0,622.0
3,11,5,0,,,,69.3,0,0,0,489.0
3,12,5,0,,,,70.0,0,0,0,463.0
3,13,5,0,,,,70.1,0,0,0,457.0
3,14,5,0,,,,71.8,0,0,0,419.0
3,15,5,0,,,,71.5,0,0,0,326.0
3,16,5,0,,,,71.9,0,0,0,194.0
3,17,5,0,,,,69.8,0,0,0,32.0
3,18,5,0,,,,65.2,0,0,0,0.0
3,19,5,0,,,,59.7,0,0,0,0.0
3,20,5,0,,,,53.6,0,0,0,0.0
3,21,5,0,,,,48.4,0,0,0,0.0
3,22,5,0,,,,44.1,0,0,0,0.0
3,23,5,0,,,,45.5,0,0,0,0.0
3,24,5,0,,,,45.3,0,0,0,0.0
3,1,6,0,,,,45.8,0,0,0,0.0
3,2,6,0,,,,45.0,0,0,0,0.0
3,3,6,0,,,,46.1,0,0,0,0.0
3,4,6,0,,,,47.8,0,0,0,0.0
3,5,6,0,,,,45.1,0,0,0,0.0
3,6,6,0,,,,48.9,0,0,0,0.0
3,7,6,0,,,,46.9,0,0,0,20.0
3,8,6,0,,,,50.8,0,0,0,60.0
3,9,6,0,,,,54.9,0,0,0,97.0
3,10,6,0,,,,65.5,0,0,0,154.0
3,11,6,0,,,,66.2,0,0,0,225.0
3,12,6,0,,,,69.6,0,0,0,362.0
3,13,6,0,,,,69.8,0,0,0,361.0
3,14,6,0,,,,68.7,0,0,0,261.0
3,15,6,0,,,,65.8,0,0,0,72.0
3,16,6,0,,,,61.1,0,0,0,26.0
3,17,6,0,,,,63.8,0,0,0,3.0
3,18,6,0,,,,59.7,0,0,0,0.0
3,19,6,0,,,,55.7,0,0,0,0.0
3,20,6,0,,,,53.2,0,0,0,0.0
3,21,6,0,,,,52.5,0,0,0,0.0
3,22,6,0,,,,51.8,0,0,0,0.0
3,23,6,0,,,,48.2,0,0,0,0.0
3,24,6,0,,,,48.8,0,0,0,0.0
3,1,7,0,,,,49.1,0,0,0,0.0
3,2,7,0,,,,47.6,0,0,0,0.0
3,3,7,0,,,,49.4,0,0,0,0.0
3,4,7,0,,,,46.5,0,0,0,0.0
3,5,7,0,,,,45.2,0,0,0,0.0
3,6,7,0,,,,45.6,0,0,0,0.0
3,7,7,0,,,,45.4,0,0,0,12.0
3,8,7,0,,,,45.0,0,0,0,35.0
3,9,7,0,,,,46.2,0,0,0,60.0
3,10,7,0,,,,48.9,0,0,0,77.0
3,11,7,0,,,,47.9,0,0,0,86.0
3,12,7,0,,,,46.5,0,0,0,88.0
3,13,7,0,,,,47.3,0,0,0,121.0
3,14,7,0,,,,45.1,0,0,0,123.0
3,15,7,0,,,,46.4,0,0,0,107.0
3,16,7,0,,,,49.7,0,0,0,39.0
3,17,7,0,,,,50.7,0,0,0,4.0
3,18,7,0,,,,50.5,0,0,0,0.0
3,19,7,0,,,,46.0,0,0,0,0.0
3,20,7,0,,,,42.3,0,0,0,0.0
3,21,7,0,,,,39.2,0,0,0,0.0
3,22,7,0,,,,39.6,0,0,0,0.0
3,23,7,0,,,,39.4,0,0,0,0.0
3,24,7,0,,,,39.6,0,0,0,0.0
3,1,1,0,,,,40.8,0,0,0,0.0
3,2,1,0,,,,43.8,0,0,0,0.0
3,3,1,0,,,,41.0,0,0,0,0.0
3,4,1,0,,,,39.9,0,0,0,0.0
3,5,1,0,,,,40.4,0,0,0,0.0
3,6,1,0,,,,39.8,0,0,0,5.0
3,7,1,0,,,,39.7,0,0,0,35.0
3,8,1,0,,,,38.0,0,0,0,67.0
3,9,1,0,,,,39.0,0,0,0,104.0
3,10,1,0,,,,37.8,0,0,0,230.0
3,11,1,0,,,,37.7,0,0,0,363.0
3,12,1,0,,,,36.7,0,0,0,389.0
3,13,1,0,,,,37.2,0,0,0,250.0
3,14,1,0,,,,38.0,0,0,0,126.0
3,15,1,0,,,,42.6,0,0,0,66.0
3,16,1,0,,,,47.9,0,0,0,21.0
3,17,1,0,,,,45.4,0,0,0,0.0
3,18,1,0,,,,48.3,0,0,0,0.0
3,19,1,0,,,,42.0,0,0,0,0.0
3,20,1,0,,,,39.4,0,0,0,0.0
3,21,1,0,,,,41.3,0,0,0,0.0
3,22,1,0,,,,41.4,0,0,0,0.0
3,23,1,0,,,,42.6,0,0,0,0.0
3,24,1,0,,,,43.6,0,0,0,0.0
3,1,2,0,,,,44.6,0,0,0,0.0
3,2,2,0,,,,43.6,0,0,0,0.0
3,3,2,0,,,,43.0,0,0,0,0.0
3,4,2,0,,,,44.4,0,0,0,0.0
3,5,2,0,,,,45.8,0,0,0,0.0
3,6,2,0,,,,44.8,0,0,0,37.0
3,7,2,0,,,,44.6,0,0,0,179.0
3,8,2,0,,,,45.9,0,0,0,377.0
3,9,2,0,,,,49.0,0,0,0,688.0
3,10,2,0,,,,63.2,0,0,0,698.0
3,11,2,0,,,,61.0,0,0,0,750.0
3,12,2,0,,,,58.2,0,0,0,618.0
3,13,2,0,,,,61.2,0,0,0,459.0
3,14,2,0,,,,58.5,0,0,0,310.0
3,15,2,0,,,,62.4,0,0,0,219.0
3,16,2,0,,,,63.6,0,0,0,93.0
3,17,2,0,,,,62.2,0,0,0,24.0
3,18,2,0,,,,60.5,0,0,0,0.0
3,19,2,0,,,,55.4,0,0,0,0.0
3,20,2,0,,,,51.5,0,0,0,0.0
3,21,2,0,,,,45.6,0,0,0,0.0
3,22,2,0,,,,45.4,0,0,0,0.0
3,23,2,0,,,,44.3,0,0,0,0.0
3,24,2,0,,,,45.0,0,0,0,0.0
3,1,3,0,,,,43.5,0,0,0,0.0
3,2,3,0,,,,45.3,0,0,0,0.0
3,3,3,0,,,,47.2,0,0,0,0.0
3,4,3,0,,,,46.5,0,0,0,0.0
3,5,3,0,,,,46.6,0,0,0,0.0
3,6,3,0,,,,47.9,0,0,0,8.0
3,7,3,0,,,,47.4,0,0,0,49.0
3,8,3,0,,,,51.6,0,0,0,128.0
3,9,3,0,,,,57.7,0,0,0,245.0
3,10,3,0,,,,66.9,0,0,0,313.0
3,11,3,0,,,,69.2,0,0,0,349.0
3,12,3,0,,,,70.9,0,0,0,333.0
3,13,3,0,,,,68.8,0,0,0,279.0
3,14,3,0,,,,69.3,0,0,0,230.0
3,15,3,0,,,,70.2,0,0,0,156.0
3,16,3,0,,,,68.5,0,0,0,82.0
3,17,3,0,,,,65.8,0,0,0,18.0
3,18,3,0,,,,59.2,0,0,0,0.0
3,19,3,0,,,,55.5,0,0,0,0.0
3,20,3,0,,,,50.8,0,0,0,0.0
3,21,3,0,,,,53.8,0,0,0,0.0
3,22,3,0,,,,55.6,0,0,0,0.0
3,23,3,0,,,,50.4,0,0,0,0.0
3,24,3,0,,,,50.6,0,0,0,0.0
3,1,4,0,,,,49.0,0,0,0,0.0
3,2,4,0,,,,48.5,0,0,0,0.0
3,3,4,0,,,,50.5,0,0,0,0.0
3,4,4,0,,,,50.0,0,0,0,0.0
3,5,4,0,,,,48.4,0,0,0,0.0
3,6,4,0,,,,52.2,0,0,0,11.0
3,7,4,0,,,,48.8,0,0,0,66.0
3,8,4,0,,,,52.0,0,0,0,185.0
3,9,4,0,,,,57.9,0,0,0,315.0
3,10,4,0,,,,68.2,0,0,0,488.0
3,11,4,0,,,,72.8,0,0,0,538.0
3,12,4,0,,,,72.7,0,0,0,559.0
3,13,4,0,,,,72.7,0,0,0,476.0
3,14,4,0,,,,72.0,0,0,0,448.0
3,15,4,0,,,,71.2,0,0,0,308.0
3,16,4,0,,,,68.7,0,0,0,169.0
3,17,4,0,,,,65.3,0,0,0,38.0
3,18,4,0,,,,59.8,0,0,0,0.0
3,19,4,0,,,,55.3,0,0,0,0.0
3,20,4,0,,,,50.4,0,0,0,0.0
3,21,4,0,,,,52.2,0,0,0,0.0
3,22,4,0,,,,52.4,0,0,0,0.0
3,23,4,0,,,,46.9,0,0,0,0.0
3,24,4,0,,,,46.7,0,0,0,0.0
3,1,5,0,,,,49.1,0,0,0,0.0
3,2,5,0,,,,49.0,0,0,0,0.0
3,3,5,0,,,,48.0,0,0,0,0.0
3,4,5,0,,,,49.6,0,0,0,0.0
3,5,5,0,,,,48.9,0,0,0,0.0
3,6,5,0,,,,51.8,0,0,0,192.0
3,7,5,0,,,,46.8,0,0,0,470.0
3,8,5,0,,,,49.3,0,0,0,634.0
3,9,5,0,,,,58.3,0,0,0,719.0
3,10,5,0,,,,63.1,0,0,0,665.0
3,11,5,0,,,,65.2,0,0,0,596.0
3,12,5,0,,,,66.1,0,0,0,527.0
3,13,5,0,,,,65.3,0,0,0,382.0
3,14,5,0,,,,65.8,0,0,0,273.0
3,15,5,0,,,,64.8,0,0,0,159.0
3,16,5,0,,,,66.1,0,0,0,132.0
3,17,5,0,,,,63.2,0,0,0,32.0
3,18,5,0,,,,59.0,0,0,0,0.0
3,19,5,0,,,,51.7,0,0,0,0.0
3,20,5,0,,,,50.0,0,0,0,0.0
3,21,5,0,,,,48.2,0,0,0,0.0
3,22,5,0,,,,49.2,0,0,0,0.0
3,23,5,0,,,,49.4,0,0,0,0.0
3,24,5,0,,,,48.1,0,0,0,0.0
3,1,6,0,,,,48.0,0,0,0,0.0
3,2,6,0,,,,49.1,0,0,0,0.0
3,3,6,0,,,,49.2,0,0,0,0.0
3,4,6,0,,,,47.2,0,0,0,0.0
3,5,6,0,,,,49.9,0,0,0,0.0
3,6,6,0,,,,46.8,0,0,0,13.0
3,7,6,0,,,,47.2,0,0,0,50.0
3,8,6,0,,,,53.7,0,0,0,114.0
3,9,6,0,,,,58.6,0,0,0,165.0
3,10,6,0,,,,61.6,0,0,0,191.0
3,11,6,0,,,,60.3,0,0,0,249.0
3,12,6,0,,,,63.4,0,0,0,343.0
3,13,6,0,,,,66.3,0,0,0,442.0
3,14,6,0,,,,68.1,0,0,0,405.0
3,15,6,0,,,,68.2,0,0,0,185.0
3,16,6,0,,,,67.1,0,0,0,42.0
3,17,6,0,,,,65.4,0,0,0,2.0
3,18,6,0,,,,59.4,0,0,0,0.0
3,19,6,0,,,,54.9,0,0,0,0.0
3,20,6,0,,,,51.4,0,0,0,0.0
3,21,6,0,,,,54.8,0,0,0,0.0
3,22,6,0,,,,55.0,0,0,0,0.0
3,23,6,0,,,,49.5,0,0,0,0.0
3,24,6,0,,,,48.6,0,0,0,0.0
3,1,7,0,,,,48.6,0,0,0,0.0
3,2,7,0,,,,48.1,0,0,0,0.0
3,3,7,0,,,,49.0,0,0,0,0.0
3,4,7,0,,,,48.8,0,0,0,0.0
3,5,7,0,,,,48.3,0,0,0,0.0
3,6,7,0,,,,50.1,0,0,0,7.0
3,7,7,0,,,,50.3,0,0,0,39.0
3,8,7,0,,,,47.9,0,0,0,85.0
3,9,7,0,,,,47.1,0,0,0,139.0
3,10,7,0,,,,55.9,0,0,0,199.0
3,11,7,0,,,,53.5,0,0,0,222.0
3,12,7,0,,,,52.9,0,0,0,214.0
3,13,7,0,,,,51.7,0,0,0,193.0
3,14,7,0,,,,53.5,0,0,0,155.0
3,15,7,0,,,,53.4,0,0,0,113.0
3,16,7,0,,,,55.8,0,0,0,60.0
3,17,7,0,,,,54.8,0,0,0,13.0
3,18,7,0,,,,56.6,0,0,0,0.0
3,19,7,0,,,,57.1,0,0,0,0.0
3,20,7,0,,,,55.0,0,0,0,0.0
3,21,7,0,,,,53.8,0,0,0,0.0
3,22,7,0,,,,52.2,0,0,0,0.0
3,23,7,0,,,,50.6,0,0,0,0.0
3,24,7,0,,,,51.5,0,0,0,0.0
3,1,1,0,,,,53.2,0,0,0,0.0
3,2,1,0,,,,48.0,0,0,0,0.0
3,3,1,0,,,,49.5,0,0,0,0.0
3,4,1,0,,,,48.9,0,0,0,0.0
3,5,1,0,,,,51.3,0,0,0,0.0
3,6,1,0,,,,51.6,0,0,0,18.0
3,7,1,0,,,,48.0,0,0,0,79.0
3,8,1,0,,,,49.4,0,0,0,136.0
3,9,1,0,,,,49.5,0,0,0,195.0
3,10,1,0,,,,50.5,0,0,0,270.0
3,11,1,0,,,,52.0,0,0,0,332.0
3,12,1,0,,,,51.1,0,0,0,343.0
3,13,1,0,,,,51.9,0,0,0,349.0
3,14,1,0,,,,53.1,0,0,0,332.0
3,15,1,0,,,,53.8,0,0,0,280.0
3,16,1,0,,,,53.6,0,0,0,175.0
3,17,1,0,,,,54.4,0,0,0,55.0
3,18,1,0,,,,51.7,0,0,0,0.0
3,19,1,0,,,,52.0,0,0,0,0.0
3,20,1,0,,,,51.1,0,0,0,0.0
3,21,1,0,,,,50.4,0,0,0,0.0
3,22,1,0,,,,51.3,0,0,0,0.0
3,23,1,0,,,,50.8,0,0,0,0.0
3,24,1,0,,,,51.5,0,0,0,0.0
3,1,2,0,,,,51.2,0,0,0,0.0
3,2,2,0,,,,50.4,0,0,0,0.0
3,3,2,0,,,,51.2,0,0,0,0.0
3,4,2,0,,,,52.5,0,0,0,0.0
3,5,2,0,,,,53.0,0,0,0,0.0
3,6,2,0,,,,50.8,0,0,0,281.0
3,7,2,0,,,,49.1,0,0,0,601.0
3,8,2,0,,,,51.9,0,0,0,754.0
3,9,2,0,,,,60.2,0,0,0,849.0
3,10,2,0,,,,72.1,0,0,0,879.0
3,11,2,0,,,,72.9,0,0,0,903.0
3,12,2,0,,,,74.8,0,0,0,905.0
3,13,2,0,,,,82.2,0,0,0,877.0
3,14,2,0,,,,85.3,0,0,0,789.0
3,15,2,0,,,,82.9,0,0,0,609.0
3,16,2,0,,,,74.4,0,0,0,378.0
3,17,2,0,,,,68.8,0,0,0,94.0
3,18,2,0,,,,62.7,0,0,0,0.0
3,19,2,0,,,,63.2,0,0,0,0.0
3,20,2,0,,,,59.1,0,0,0,0.0
3,21,2,0,,,,54.2,0,0,0,0.0
3,22,2,0,,,,57.6,0,0,0,0.0
3,23,2,0,,,,53.6,0,0,0,0.0
3,24,2,0,,,,52.6,0,0,0,0.0
3,1,3,0,,,,53.8,0,0,0,0.0
3,2,3,0,,,,53.6,0,0,0,0.0
3,3,3,0,,,,52.9,0,0,0,0.0
3,4,3,0,,,,53.0,0,0,0,0.0
3,5,3,0,,,,51.6,0,0,0,0.0
3,6,3,0,,,,53.4,0,0,0,72.0
3,7,3,0,,,,50.2,0,0,0,222.0
3,8,3,0,,,,54.6,0,0,0,274.0
3,9,3,0,,,,62.8,0,0,0,369.0
3,10,3,0,,,,66.0,0,0,0,521.0
3,11,3,0,,,,70.4,0,0,0,638.0
3,12,3,0,,,,69.5,0,0,0,677.0
3,13,3,0,,,,67.7,0,0,0,646.0
3,14,3,0,,,,69.9,0,0,0,574.0
3,15,3,0,,,,70.2,0,0,0,450.0
3,16,3,0,,,,69.1,0,0,0,268.0
3,17,3,0,,,,67.3,0,0,0,69.0
3,18,3,0,,,,65.9,0,0,0,0.0
3,19,3,0,,,,59.9,0,0,0,0.0
3,20,3,0,,,,58.4,0,0,0,0.0
3,21,3,0,,,,60.6,0,0,0,0.0
3,22,3,0,,,,62.3,0,0,0,0.0
3,23,3,0,,,,56.2,0,0,0,0.0
3,24,3,0,,,,55.4,0,0,0,0.0
3,1,4,0,,,,55.0,0,0,0,0.0
3,2,4,0,,,,54.3,0,0,0,0.0
3,3,4,0,,,,55.4,0,0,0,0.0
3,4,4,0,,,,54.7,0,0,0,0.0
3,5,4,0,,,,54.4,0,0,0,0.0
3,6,4,0,,,,55.9,0,0,0,221.0
3,7,4,0,,,,55.1,0,0,0,454.0
3,8,4,0,,,,56.9,0,0,0,616.0
3,9,4,0,,,,57.0,0,0,0,587.0
3,10,4,0,,,,60.1,0,0,0,598.0
3,11,4,0,,,,65.1,0,0,0,657.0
3,12,4,0,,,,67.1,0,0,0,631.0
3,13,4,0,,,,71.4,0,0,0,600.0
3,14,4,0,,,,68.8,0,0,0,573.0
3,15,4,0,,,,68.2,0,0,0,410.0
3,16,4,0,,,,68.3,0,0,0,279.0
3,17,4,0,,,,66.0,0,0,0,73.0
3,18,4,0,,,,63.4,0,0,0,0.0
3,19,4,0,,,,59.0,0,0,0,0.0
3,20,4,0,,,,56.4,0,0,0,0.0
3,21,4,0,,,,62.6,0,0,0,0.0
3,22,4,0,,,,62.2,0,0,0,0.0
3,23,4,0,,,,57.2,0,0,0,0.0
3,24,4,0,,,,55.8,0,0,0,0.0
3,1,5,0,,,,56.7,0,0,0,0.0
3,2,5,0,,,,56.3,0,0,0,0.0
3,3,5,0,,,,53.2,0,0,0,0.0
3,4,5,0,,,,56.2,0,0,0,0.0
3,5,5,0,,,,55.6,0,0,0,0.0
3,6,5,0,,,,58.7,0,0,0,129.0
3,7,5,0,,,,56.2,0,0,0,391.0
3,8,5,0,,,,56.4,0,0,0,587.0
3,9,5,0,,,,60.7,0,0,0,617.0
3,10,5,0,,,,65.8,0,0,0,726.0
3,11,5,0,,,,70.2,0,0,0,837.0
3,12,5,0,,,,71.7,0,0,0,900.0
3,13,5,0,,,,74.1,0,0,0,912.0
3,14,5,0,,,,69.4,0,0,0,870.0
3,15,5,0,,,,68.3,0,0,0,767.0
3,16,5,0,,,,68.2,0,0,0,509.0
3,17,5,0,,,,64.1,0,0,0,159.0
3,18,5,0,,,,59.4,0,0,0,0.0
3,19,5,0,,,,57.0,0,0,0,0.0
3,20,5,0,,,,55.5,0,0,0,0.0
3,21,5,0,,,,57.4,0,0,0,0.0
3,22,5,0,,,,59.3,0,0,0,0.0
3,23,5,0,,,,54.5,0,0,0,0.0
3,24,5,0,,,,53.8,0,0,0,0.0
3,1,6,0,,,,54.0,0,0,0,0.0
3,2,6,0,,,,52.8,0,0,0,0.0
3,3,6,0,,,,53.4,0,0,0,0.0
3,4,6,0,,,,51.2,0,0,0,0.0
3,5,6,0,,,,51.0,0,0,0,0.0
3,6,6,0,,,,50.0,0,0,0,159.0
3,7,6,0,,,,52.0,0,0,0,399.0
3,8,6,0,,,,47.9,0,0,0,574.0
3,9,6,0,,,,49.7,0,0,0,657.0
3,10,6,0,,,,48.9,0,0,0,654.0
3,11,6,0,,,,50.2,0,0,0,680.0
3,12,6,0,,,,49.0,0,0,0,717.0
3,13,6,0,,,,50.4,0,0,0,713.0
3,14,6,0,,,,52.7,0,0,0,661.0
3,15,6,0,,,,53.8,0,0,0,552.0
3,16,6,0,,,,54.9,0,0,0,367.0
3,17,6,0,,,,52.6,0,0,0,114.0
3,18,6,0,,,,49.0,0,0,0,0.0
3,19,6,0,,,,53.9,0,0,0,0.0
3,20,6,0,,,,54.6,0,0,0,0.0
3,21,6,0,,,,54.9,0,0,0,0.0
3,22,6,0,,,,55.1,0,0,0,0.0
3,23,6,0,,,,53.9,0,0,0,0.0
3,24,6,0,,,,54.1,0,0,0,0.0
3,1,7,0,,,,52.4,0,0,0,0.0
3,2,7,0,,,,52.8,0,0,0,0.0
3,3,7,0,,,,51.4,0,0,0,0.0
3,4,7,0,,,,53.6,0,0,0,0.0
3,5,7,0,,,,53.2,0,0,0,0.0
3,6,7,0,,,,57.7,0,0,0,191.0
3,7,7,0,,,,49.3,0,0,0,422.0
3,8,7,0,,,,50.0,0,0,0,632.0
3,9,7,0,,,,52.6,0,0,0,633.0
3,10,7,0,,,,46.8,0,0,0,555.0
3,11,7,0,,,,46.9,0,0,0,589.0
3,12,7,0,,,,49.6,0,0,0,608.0
3,13,7,0,,,,46.8,0,0,0,610.0
3,14,7,0,,,,45.8,0,0,0,591.0
3,15,7,0,,,,46.2,0,0,0,519.0
3,16,7,0,,,,46.8,0,0,0,314.0
3,17,7,0,,,,46.1,0,0,0,118.0
3,18,7,0,,,,47.4,0,0,0,0.0
3,19,7,0,,,,48.7,0,0,0,0.0
3,20,7,0,,,,50.5,0,0,0,0.0
3,21,7,0,,,,53.0,0,0,0,0.0
3,22,7,0,,,,52.1,0,0,0,0.0
3,23,7,0,,,,52.0,0,0,0,0.0
3,24,7,0,,,,52.9,0,0,0,0.0
3,1,1,1,,,,51.8,0,0,0,0.0
3,2,1,1,,,,52.8,0,0,0,0.0
3,3,1,1,,,,51.9,0,0,0,0.0
3,4,1,1,,,,53.1,0,0,0,0.0
3,5,1,1,,,,51.0,0,0,0,5.0
3,6,1,1,,,,49.5,0,0,0,346.0
3,7,1,1,,,,50.1,0,0,0,603.0
3,8,1,1,,,,48.3,0,0,0,724.0
3,9,1,1,,,,48.2,0,0,0,838.0
3,10,1,1,,,,46.8,0,0,0,840.0
3,11,1,1,,,,46.4,0,0,0,798.0
3,12,1,1,,,,45.5,0,0,0,742.0
3,13,1,1,,,,44.8,0,0,0,694.0
3,14,1,1,,,,44.5,0,0,0,626.0
3,15,1,1,,,,46.3,0,0,0,452.0
3,16,1,1,,,,46.9,0,0,0,257.0
3,17,1,1,,,,45.1,0,0,0,71.0
3,18,1,1,,,,46.8,0,0,0,0.0
3,19,1,1,,,,50.6,0,0,0,0.0
3,20,1,1,,,,49.2,0,0,0,0.0
3,21,1,1,,,,52.0,0,0,0,0.0
3,22,1,1,,,,50.2,0,0,0,0.0
3,23,1,1,,,,51.4,0,0,0,0.0
3,24,1,1,,,,51.1,0,0,0,0.0
4,1,2,1,,,,52.9,0,0,0,0.0
4,2,2,1,,,,49.5,0,0,0,0.0
4,3,2,1,,,,51.6,0,0,0,0.0
4,4,2,1,,,,50.8,0,0,0,0.0
4,5,2,1,,,,51.1,0,0,0,0.0
4,6,2,1,,,,52.0,0,0,0,99.0
4,7,2,1,,,,49.6,0,0,0,250.0
4,8,2,1,,,,49.0,0,0,0,507.0
4,9,2,1,,,,50.6,0,0,0,698.0
4,10,2,1,,,,52.1,0,0,0,743.0
4,11,2,1,,,,51.7,0,0,0,697.0
4,12,2,1,,,,53.2,0,0,0,687.0
4,13,2,1,,,,53.8,0,0,0,716.0
4,14,2,1,,,,55.0,0,0,0,694.0
4,15,2,1,,,,53.4,0,0,0,726.0
4,16,2,1,,,,53.0,0,0,0,658.0
4,17,2,1,,,,54.1,0,0,0,349.0
4,18,2,1,,,,54.8,0,0,0,9.0
4,19,2,1,,,,56.7,0,0,0,0.0
4,20,2,1,,,,56.4,0,0,0,0.0
4,21,2,1,,,,52.3,0,0,0,0.0
4,22,2,1,,,,53.9,0,0,0,0.0
4,23,2,1,,,,54.2,0,0,0,0.0
4,24,2,1,,,,52.8,0,0,0,0.0
4,1,3,1,,,,51.9,0,0,0,0.0
4,2,3,1,,,,52.4,0,0,0,0.0
4,3,3,1,,,,51.9,0,0,0,0.0
4,4,3,1,,,,52.5,0,0,0,0.0
4,5,3,1,,,,52.0,0,0,0,26.0
4,6,3,1,,,,52.6,0,0,0,538.0
4,7,3,1,,,,51.1,0,0,0,810.0
4,8,3,1,,,,56.4,0,0,0,907.0
4,9,3,1,,,,60.0,0,0,0,938.0
4,10,3,1,,,,61.4,0,0,0,972.0
4,11,3,1,,,,62.6,0,0,0,978.0
4,12,3,1,,,,60.0,0,0,0,973.0
4,13,3,1,,,,57.4,0,0,0,958.0
4,14,3,1,,,,61.2,0,0,0,928.0
4,15,3,1,,,,58.5,0,0,0,868.0
4,16,3,1,,,,57.2,0,0,0,747.0
4,17,3,1,,,,55.4,0,0,0,465.0
4,18,3,1,,,,50.0,0,0,0,21.0
4,19,3,1,,,,47.6,0,0,0,0.0
4,20,3,1,,,,52.1,0,0,0,0.0
4,21,3,1,,,,55.7,0,0,0,0.0
4,22,3,1,,,,48.6,0,0,0,0.0
4,23,3,1,,,,47.2,0,0,0,0.0
4,24,3,1,,,,45.9,0,0,0,0.0
4,1,4,1,,,,48.1,0,0,0,0.0
4,2,4,1,,,,48.0,0,0,0,0.0
4,3,4,1,,,,47.0,0,0,0,0.0
4,4,4,1,,,,46.0,0,0,0,0.0
4,5,4,1,,,,50.7,0,0,0,5.0
4,6,4,1,,,,47.6,0,0,0,201.0
4,7,4,1,,,,46.6,0,0,0,628.0
4,8,4,1,,,,49.6,0,0,0,857.0
4,9,4,1,,,,54.4,0,0,0,887.0
4,10,4,1,,,,52.5,0,0,0,927.0
4,11,4,1,,,,59.8,0,0,0,923.0
4,12,4,1,,,,62.3,0,0,0,925.0
4,13,4,1,,,,58.1,0,0,0,899.0
4,14,4,1,,,,56.2,0,0,0,856.0
4,15,4,1,,,,57.6,0,0,0,741.0
4,16,4,1,,,,58.9,0,0,0,480.0
4,17,4,1,,,,58.2,0,0,0,266.0
4,18,4,1,,,,53.4,0,0,0,14.0
4,19,4,1,,,,50.4,0,0,0,0.0
4,20,4,1,,,,52.4,0,0,0,0.0
4,21,4,1,,,,57.7,0,0,0,0.0
4,22,4,1,,,,55.1,0,0,0,0.0
4,23,4,1,,,,52.2,0,0,0,0.0
4,24,4,1,,,,52.0,0,0,0,0.0
4,1,5,1,,,,48.5,0,0,0,0.0
4,2,5,1,,,,49.8,0,0,0,0.0
4,3,5,1,,,,49.0,0,0,0,0.0
4,4,5,1,,,,49.9,0,0,0,0.0
4,5,5,1,,,,51.3,0,0,0,0.0
4,6,5,1,,,,52.7,0,0,0,39.0
4,7,5,1,,,,49.6,0,0,0,116.0
4,8,5,1,,,,48.6,0,0,0,207.0
4,9,5,1,,,,57.3,0,0,0,279.0
4,10,5,1,,,,62.4,0,0,0,336.0
4,11,5,1,,,,66.6,0,0,0,400.0
4,12,5,1,,,,70.1,0,0,0,460.0
4,13,5,1,,,,68.6,0,0,0,482.0
4,14,5,1,,,,66.7,0,0,0,439.0
4,15,5,1,,,,68.3,0,0,0,399.0
4,16,5,1,,,,68.3,0,0,0,335.0
4,17,5,1,,,,64.0,0,0,0,164.0
4,18,5,1,,,,59.3,0,0,0,7.0
4,19,5,1,,,,57.6,0,0,0,0.0
4,20,5,1,,,,57.2,0,0,0,0.0
4,21,5,1,,,,59.8,0,0,0,0.0
4,22,5,1,,,,58.1,0,0,0,0.0
4,23,5,1,,,,55.6,0,0,0,0.0
4,24,5,1,,,,55.6,0,0,0,0.0
4,1,6,1,,,,52.5,0,0,0,0.0
4,2,6,1,,,,53.1,0,0,0,0.0
4,3,6,1,,,,53.1,0,0,0,0.0
4,4,6,1,,,,49.4,0,0,0,0.0
4,5,6,1,,,,50.6,0,0,0,19.0
4,6,6,1,,,,50.0,0,0,0,369.0
4,7,6,1,,,,49.0,0,0,0,682.0
4,8,6,1,,,,50.2,0,0,0,799.0
4,9,6,1,,,,55.6,0,0,0,848.0
4,10,6,1,,,,57.3,0,0,0,861.0
4,11,6,1,,,,66.6,0,0,0,873.0
4,12,6,1,,,,60.6,0,0,0,868.0
4,13,6,1,,,,60.6,0,0,0,858.0
4,14,6,1,,,,60.0,0,0,0,828.0
4,15,6,1,,,,58.6,0,0,0,752.0
4,16,6,1,,,,58.1,0,0,0,597.0
4,17,6,1,,,,55.9,0,0,0,345.0
4,18,6,1,,,,53.6,0,0,0,31.0
4,19,6,1,,,,50.7,0,0,0,0.0
4,20,6,1,,,,49.2,0,0,0,0.0
4,21,6,1,,,,48.4,0,0,0,0.0
4,22,6,1,,,,49.6,0,0,0,0.0
4,23,6,1,,,,48.2,0,0,0,0.0
4,24,6,1,,,,49.3,0,0,0,0.0
4,1,7,1,,,,48.4,0,0,0,0.0
4,2,7,1,,,,48.2,0,0,0,0.0
4,3,7,1,,,,49.4,0,0,0,0.0
4,4,7,1,,,,49.6,0,0,0,0.0
4,5,7,1,,,,49.9,0,0,0,38.0
4,6,7,1,,,,47.9,0,0,0,451.0
4,7,7,1,,,,49.1,0,0,0,792.0
4,8,7,1,,,,45.4,0,0,0,899.0
4,9,7,1,,,,48.0,0,0,0,941.0
4,10,7,1,,,,45.6,0,0,0,960.0
4,11,7,1,,,,46.7,0,0,0,965.0
4,12,7,1,,,,47.6,0,0,0,958.0
4,13,7,1,,,,45.5,0,0,0,944.0
4,14,7,1,,,,44.7,0,0,0,916.0
4,15,7,1,,,,44.0,0,0,0,865.0
4,16,7,1,,,,43.4,0,0,0,760.0
4,17,7,1,,,,44.1,0,0,0,518.0
4,18,7,1,,,,43.2,0,0,0,61.0
4,19,7,1,,,,44.1,0,0,0,0.0
4,20,7,1,,,,46.2,0,0,0,0.0
4,21,7,1,,,,46.8,0,0,0,0.0
4,22,7,1,,,,45.3,0,0,0,0.0
4,23,7,1,,,,45.5,0,0,0,0.0
4,24,7,1,,,,46.7,0,0,0,0.0
4,1,1,1,,,,48.4,0,0,0,0.0
4,2,1,1,,,,50.8,0,0,0,0.0
4,3,1,1,,,,48.4,0,0,0,0.0
4,4,1,1,,,,50.8,0,0,0,0.0
4,5,1,1,,,,48.4,0,0,0,46.0
4,6,1,1,,,,49.5,0,0,0,282.0
4,7,1,1,,,,48.5,0,0,0,566.0
4,8,1,1,,,,46.2,0,0,0,686.0
4,9,1,1,,,,46.9,0,0,0,632.0
4,10,1,1,,,,45.0,0,0,0,568.0
4,11,1,1,,,,45.4,0,0,0,554.0
4,12,1,1,,,,46.6,0,0,0,493.0
4,13,1,1,,,,45.6,0,0,0,457.0
4,14,1,1,,,,45.1,0,0,0,422.0
4,15,1,1,,,,45.1,0,0,0,289.0
4,16,1,1,,,,45.4,0,0,0,128.0
4,17,1,1,,,,45.1,0,0,0,37.0
4,18,1,1,,,,45.3,0,0,0,1.0
4,19,1,1,,,,45.1,0,0,0,0.0
4,20,1,1,,,,46.3,0,0,0,0.0
4,21,1,1,,,,47.2,0,0,0,0.0
4,22,1,1,,,,45.8,0,0,0,0.0
4,23,1,1,,,,51.0,0,0,0,0.0
4,24,1,1,,,,48.8,0,0,0,0.0
4,1,2,1,,,,49.2,0,0,0,0.0
4,2,2,1,,,,55.1,0,0,0,0.0
4,3,2,1,,,,51.3,0,0,0,0.0
4,4,2,1,,,,52.3,0,0,0,0.0
4,5,2,1,,,,53.4,0,0,0,0.0
4,6,2,1,,,,54.6,0,0,0,30.0
4,7,2,1,,,,49.5,0,0,0,102.0
4,8,2,1,,,,50.5,0,0,0,216.0
4,9,2,1,,,,58.5,0,0,0,340.0
4,10,2,1,,,,59.5,0,0,0,445.0
4,11,2,1,,,,63.6,0,0,0,515.0
4,12,2,1,,,,63.1,0,0,0,493.0
4,13,2,1,,,,67.3,0,0,0,434.0
4,14,2,1,,,,70.5,0,0,0,395.0
4,15,2,1,,,,63.8,0,0,0,358.0
4,16,2,1,,,,64.0,0,0,0,295.0
4,17,2,1,,,,59.9,0,0,0,154.0
4,18,2,1,,,,53.8,0,0,0,16.0
4,19,2,1,,,,47.6,0,0,0,0.0
4,20,2,1,,,,45.3,0,0,0,0.0
4,21,2,1,,,,46.0,0,0,0,0.0
4,22,2,1,,,,46.6,0,0,0,0.0
4,23,2,1,,,,46.1,0,0,0,0.0
4,24,2,1,,,,46.8,0,0,0,0.0
4,1,3,1,,,,46.4,0,0,0,0.0
4,2,3,1,,,,46.5,0,0,0,0.0
4,3,3,1,,,,46.4,0,0,0,0.0
4,4,3,1,,,,47.8,0,0,0,0.0
4,5,3,1,,,,46.7,0,0,0,1.0
4,6,3,1,,,,46.6,0,0,0,34.0
4,7,3,1,,,,45.8,0,0,0,103.0
4,8,3,1,,,,48.0,0,0,0,180.0
4,9,3,1,,,,55.1,0,0,0,251.0
4,10,3,1,,,,62.2,0,0,0,291.0
4,11,3,1,,,,62.6,0,0,0,298.0
4,12,3,1,,,,64.2,0,0,0,264.0
4,13,3,1,,,,65.8,0,0,0,209.0
4,14,3,1,,,,65.2,0,0,0,174.0
4,15,3,1,,,,64.8,0,0,0,100.0
4,16,3,1,,,,64.9,0,0,0,51.0
4,17,3,1,,,,63.6,0,0,0,20.0
4,18,3,1,,,,56.3,0,0,0,0.0
4,19,3,1,,,,50.6,0,0,0,0.0
4,20,3,1,,,,50.0,0,0,0,0.0
4,21,3,1,,,,53.6,0,0,0,0.0
4,22,3,1,,,,52.2,0,0,0,0.0
4,23,3,1,,,,46.8,0,0,0,0.0
4,24,3,1,,,,45.2,0,0,0,0.0
4,1,4,1,,,,48.6,0,0,0,0.0
4,2,4,1,,,,46.8,0,0,0,0.0
4,3,4,1,,,,45.5,0,0,0,0.0
4,4,4,1,,,,45.4,0,0,0,0.0
4,5,4,1,,,,47.0,0,0,0,1.0
4,6,4,1,,,,51.0,0,0,0,40.0
4,7,4,1,,,,46.0,0,0,0,144.0
4,8,4,1,,,,52.2,0,0,0,342.0
4,9,4,1,,,,57.2,0,0,0,719.0
4,10,4,1,,,,64.6,0,0,0,867.0
4,11,4,1,,,,64.4,0,0,0,848.0
4,12,4,1,,,,63.7,0,0,0,745.0
4,13,4,1,,,,62.2,0,0,0,561.0
4,14,4,1,,,,61.9,0,0,0,355.0
4,15,4,1,,,,62.0,0,0,0,184.0
4,16,4,1,,,,63.6,0,0,0,79.0
4,17,4,1,,,,61.2,0,0,0,24.0
4,18,4,1,,,,59.6,0,0,0,0.0
4,19,4,1,,,,54.2,0,0,0,0.0
4,20,4,1,,,,49.9,0,0,0,0.0
4,21,4,1,,,,51.2,0,0,0,0.0
4,22,4,1,,,,52.0,0,0,0,0.0
4,23,4,1,,,,50.4,0,0,0,0.0
4,24,4,1,,,,49.9,0,0,0,0.0
4,1,5,1,,,,48.4,0,0,0,0.0
4,2,5,1,,,,44.9,0,0,0,0.0
4,3,5,1,,,,45.9,0,0,0,0.0
4,4,5,1,,,,47.3,0,0,0,0.0
4,5,5,1,,,,44.8,0,0,0,0.0
4,6,5,1,,,,50.2,0,0,0,14.0
4,7,5,1,,,,46.3,0,0,0,49.0
4,8,5,1,,,,48.6,0,0,0,95.0
4,9,5,1,,,,54.2,0,0,0,128.0
4,10,5,1,,,,60.4,0,0,0,155.0
4,11,5,1,,,,65.3,0,0,0,168.0
4,12,5,1,,,,66.4,0,0,0,174.0
4,13,5,1,,,,66.7,0,0,0,198.0
4,14,5,1,,,,66.2,0,0,0,210.0
4,15,5,1,,,,65.7,0,0,0,189.0
4,16,5,1,,,,68.0,0,0,0,109.0
4,17,5,1,,,,63.5,0,0,0,26.0
4,18,5,1,,,,59.3,0,0,0,0.0
4,19,5,1,,,,51.4,0,0,0,0.0
4,20,5,1,,,,48.4,0,0,0,0.0
4,21,5,1,,,,49.8,0,0,0,0.0
4,22,5,1,,,,51.0,0,0,0,0.0
4,23,5,1,,,,49.2,0,0,0,0.0
4,24,5,1,,,,48.6,0,0,0,0.0
4,1,6,1,,,,47.8,0,0,0,0.0
4,2,6,1,,,,46.8,0,0,0,0.0
4,3,6,1,,,,44.7,0,0,0,0.0
4,4,6,1,,,,44.4,0,0,0,0.0
4,5,6,1,,,,46.6,0,0,0,0.0
4,6,6,1,,,,52.4,0,0,0,18.0
4,7,6,1,,,,49.3,0,0,0,56.0
4,8,6,1,,,,52.6,0,0,0,179.0
4,9,6,1,,,,57.2,0,0,0,326.0
4,10,6,1,,,,60.9,0,0,0,411.0
4,11,6,1,,,,66.5,0,0,0,394.0
4,12,6,1,,,,66.7,0,0,0,355.0
4,13,6,1,,,,68.3,0,0,0,319.0
4,14,6,1,,,,71.0,0,0,0,234.0
4,15,6,1,,,,71.3,0,0,0,168.0
4,16,6,1,,,,66.0,0,0,0,167.0
4,17,6,1,,,,60.0,0,0,0,131.0
4,18,6,1,,,,53.4,0,0,0,25.0
4,19,6,1,,,,47.8,0,0,0,0.0
4,20,6,1,,,,45.0,0,0,0,0.0
4,21,6,1,,,,45.4,0,0,0,0.0
4,22,6,1,,,,44.9,0,0,0,0.0
4,23,6,1,,,,44.8,0,0,0,0.0
4,24,6,1,,,,42.7,0,0,0,0.0
4,1,7,1,,,,41.5,0,0,0,0.0
4,2,7,1,,,,41.8,0,0,0,0.0
4,3,7,1,,,,42.2,0,0,0,0.0
4,4,7,1,,,,41.4,0,0,0,0.0
4,5,7,1,,,,42.1,0,0,0,0.0
4,6,7,1,,,,42.8,0,0,0,20.0
4,7,7,1,,,,41.7,0,0,0,66.0
4,8,7,1,,,,42.4,0,0,0,137.0
4,9,7,1,,,,43.6,0,0,0,677.0
4,10,7,1,,,,43.1,0,0,0,854.0
4,11,7,1,,,,43.4,0,0,0,751.0
4,12,7,1,,,,43.9,0,0,0,508.0
4,13,7,1,,,,43.2,0,0,0,256.0
4,14,7,1,,,,44.1,0,0,0,102.0
4,15,7,1,,,,43.9,0,0,0,62.0
4,16,7,1,,,,47.1,0,0,0,34.0
4,17,7,1,,,,47.9,0,0,0,9.0
4,18,7,1,,,,47.4,0,0,0,0.0
4,19,7,1,,,,45.0,0,0,0,0.0
4,20,7,1,,,,47.2,0,0,0,0.0
4,21,7,1,,,,45.7,0,0,0,0.0
4,22,7,1,,,,43.9,0,0,0,0.0
4,23,7,1,,,,43.8,0,0,0,0.0
4,24,7,1,,,,44.3,0,0,0,0.0
4,1,1,1,,,,42.4,0,0,0,0.0
4,2,1,1,,,,43.9,0,0,0,0.0
4,3,1,1,,,,45.0,0,0,0,0.0
4,4,1,1,,,,44.2,0,0,0,0.0
4,5,1,1,,,,43.4,0,0,0,31.0
4,6,1,1,,,,42.9,0,0,0,161.0
4,7,1,1,,,,42.8,0,0,0,418.0
4,8,1,1,,,,41.8,0,0,0,611.0
4,9,1,1,,,,41.3,0,0,0,728.0
4,10,1,1,,,,41.4,0,0,0,794.0
4,11,1,1,,,,43.4,0,0,0,816.0
4,12,1,1,,,,40.4,0,0,0,811.0
4,13,1,1,,,,37.1,0,0,0,729.0
4,14,1,1,,,,39.9,0,0,0,701.0
4,15,1,1,,,,40.2,0,0,0,667.0
4,16,1,1,,,,39.9,0,0,0,568.0
4,17,1,1,,,,40.2,0,0,0,365.0
4,18,1,1,,,,39.7,0,0,0,92.0
4,19,1,1,,,,40.5,0,0,0,0.0
4,20,1,1,,,,43.2,0,0,0,0.0
4,21,1,1,,,,42.8,0,0,0,0.0
4,22,1,1,,,,43.0,0,0,0,0.0
4,23,1,1,,,,42.5,0,0,0,0.0
4,24,1,1,,,,41.5,0,0,0,0.0
4,1,2,1,,,,42.7,0,0,0,0.0
4,2,2,1,,,,41.7,0,0,0,0.0
4,3,2,1,,,,43.0,0,0,0,0.0
4,4,2,1,,,,42.1,0,0,0,0.0
4,5,2,1,,,,44.1,0,0,0,58.0
4,6,2,1,,,,41.4,0,0,0,161.0
4,7,2,1,,,,40.4,0,0,0,373.0
4,8,2,1,,,,45.1,0,0,0,716.0
4,9,2,1,,,,54.9,0,0,0,735.0
4,10,2,1,,,,60.6,0,0,0,652.0
4,11,2,1,,,,63.9,0,0,0,510.0
4,12,2,1,,,,66.2,0,0,0,385.0
4,13,2,1,,,,64.9,0,0,0,474.0
4,14,2,1,,,,66.6,0,0,0,556.0
4,15,2,1,,,,66.0,0,0,0,457.0
4,16,2,1,,,,62.6,0,0,0,347.0
4,17,2,1,,,,58.0,0,0,0,124.0
4,18,2,1,,,,53.5,0,0,0,40.0
4,19,2,1,,,,48.4,0,0,0,0.0
4,20,2,1,,,,45.2,0,0,0,0.0
4,21,2,1,,,,47.4,0,0,0,0.0
4,22,2,1,,,,46.3,0,0,0,0.0
4,23,2,1,,,,44.9,0,0,0,0.0
4,24,2,1,,,,40.2,0,0,0,0.0
4,1,3,1,,,,40.4,0,0,0,0.0
4,2,3,1,,,,40.4,0,0,0,0.0
4,3,3,1,,,,40.6,0,0,0,0.0
4,4,3,1,,,,40.4,0,0,0,0.0
4,5,3,1,,,,40.4,0,0,0,1.0
4,6,3,1,,,,40.8,0,0,0,48.0
4,7,3,1,,,,40.1,0,0,0,186.0
4,8,3,1,,,,46.2,0,0,0,449.0
4,9,3,1,,,,57.3,0,0,0,518.0
4,10,3,1,,,,62.2,0,0,0,458.0
4,11,3,1,,,,63.8,0,0,0,537.0
4,12,3,1,,,,65.9,0,0,0,644.0
4,13,3,1,,,,66.5,0,0,0,682.0
4,14,3,1,,,,64.6,0,0,0,525.0
4,15,3,1,,,,63.0,0,0,0,340.0
4,16,3,1,,,,62.6,0,0,0,490.0
4,17,3,1,,,,60.0,0,0,0,385.0
4,18,3,1,,,,55.8,0,0,0,165.0
4,19,3,1,,,,50.0,0,0,0,0.0
4,20,3,1,,,,47.8,0,0,0,0.0
4,21,3,1,,,,46.0,0,0,0,0.0
4,22,3,1,,,,48.9,0,0,0,0.0
4,23,3,1,,,,45.1,0,0,0,0.0
4,24,3,1,,,,43.3,0,0,0,0.0
4,1,4,1,,,,43.6,0,0,0,0.0
4,2,4,1,,,,43.4,0,0,0,0.0
4,3,4,1,,,,43.8,0,0,0,0.0
4,4,4,1,,,,44.1,0,0,0,0.0
4,5,4,1,,,,44.4,0,0,0,0.0
4,6,4,1,,,,47.7,0,0,0,17.0
4,7,4,1,,,,47.2,0,0,0,78.0
4,8,4,1,,,,51.6,0,0,0,214.0
4,9,4,1,,,,57.4,0,0,0,363.0
4,10,4,1,,,,66.0,0,0,0,556.0
4,11,4,1,,,,68.3,0,0,0,492.0
4,12,4,1,,,,68.8,0,0,0,264.0
4,13,4,1,,,,66.2,0,0,0,213.0
4,14,4,1,,,,62.2,0,0,0,207.0
4,15,4,1,,,,59.8,0,0,0,159.0
4,16,4,1,,,,60.4,0,0,0,113.0
4,17,4,1,,,,59.1,0,0,0,64.0
4,18,4,1,,,,52.3,0,0,0,23.0
4,19,4,1,,,,48.2,0,0,0,0.0
4,20,4,1,,,,48.1,0,0,0,0.0
4,21,4,1,,,,51.0,0,0,0,0.0
4,22,4,1,,,,48.5,0,0,0,0.0
4,23,4,1,,,,48.2,0,0,0,0.0
4,24,4,1,,,,46.5,0,0,0,0.0
4,1,5,1,,,,43.9,0,0,0,0.0
4,2,5,1,,,,43.9,0,0,0,0.0
4,3,5,1,,,,44.2,0,0,0,0.0
4,4,5,1,,,,44.2,0,0,0,0.0
4,5,5,1,,,,45.4,0,0,0,130.0
4,6,5,1,,,,48.1,0,0,0,339.0
4,7,5,1,,,,47.0,0,0,0,387.0
4,8,5,1,,,,48.2,0,0,0,522.0
4,9,5,1,,,,56.5,0,0,0,624.0
4,10,5,1,,,,61.6,0,0,0,646.0
4,11,5,1,,,,63.6,0,0,0,672.0
4,12,5,1,,,,67.9,0,0,0,686.0
4,13,5,1,,,,66.1,0,0,0,634.0
4,14,5,1,,,,66.9,0,0,0,537.0
4,15,5,1,,,,65.7,0,0,0,473.0
4,16,5,1,,,,64.6,0,0,0,385.0
4,17,5,1,,,,62.4,0,0,0,314.0
4,18,5,1,,,,57.5,0,0,0,153.0
4,19,5,1,,,,52.2,0,0,0,0.0
4,20,5,1,,,,50.1,0,0,0,0.0
4,21,5,1,,,,49.7,0,0,0,0.0
4,22,5,1,,,,49.3,0,0,0,0.0
4,23,5,1,,,,47.0,0,0,0,0.0
4,24,5,1,,,,46.2,0,0,0,0.0
4,1,6,1,,,,44.4,0,0,0,0.0
4,2,6,1,,,,44.2,0,0,0,0.0
4,3,6,1,,,,44.2,0,0,0,0.0
4,4,6,1,,,,45.4,0,0,0,0.0
4,5,6,1,,,,46.0,0,0,0,8.0
4,6,6,1,,,,47.8,0,0,0,48.0
4,7,6,1,,,,47.2,0,0,0,140.0
4,8,6,1,,,,48.4,0,0,0,404.0
4,9,6,1,,,,56.1,0,0,0,536.0
4,10,6,1,,,,61.9,0,0,0,499.0
4,11,6,1,,,,63.9,0,0,0,516.0
4,12,6,1,,,,63.4,0,0,0,465.0
4,13,6,1,,,,63.4,0,0,0,451.0
4,14,6,1,,,,66.0,0,0,0,431.0
4,15,6,1,,,,64.5,0,0,0,335.0
4,16,6,1,,,,63.6,0,0,0,266.0
4,17,6,1,,,,60.0,0,0,0,179.0
4,18,6,1,,,,53.2,0,0,0,84.0
4,19,6,1,,,,49.4,0,0,0,0.0
4,20,6,1,,,,47.0,0,0,0,0.0
4,21,6,1,,,,45.6,0,0,0,0.0
4,22,6,1,,,,43.8,0,0,0,0.0
4,23,6,1,,,,42.6,0,0,0,0.0
4,24,6,1,,,,42.2,0,0,0,0.0
4,1,7,1,,,,42.4,0,0,0,0.0
4,2,7,1,,,,43.4,0,0,0,0.0
4,3,7,1,,,,44.4,0,0,0,0.0
4,4,7,1,,,,44.4,0,0,0,0.0
4,5,7,1,,,,46.0,0,0,0,172.0
4,6,7,1,,,,46.4,0,0,0,489.0
4,7,7,1,,,,44.6,0,0,0,757.0
4,8,7,1,,,,43.5,0,0,0,901.0
4,9,7,1,,,,43.6,0,0,0,935.0
4,10,7,1,,,,42.9,0,0,0,947.0
4,11,7,1,,,,43.0,0,0,0,951.0
4,12,7,1,,,,44.5,0,0,0,948.0
4,13,7,1,,,,42.8,0,0,0,938.0
4,14,7,1,,,,41.4,0,0,0,918.0
4,15,7,1,,,,43.1,0,0,0,880.0
4,16,7,1,,,,43.3,0,0,0,807.0
4,17,7,1,,,,43.9,0,0,0,650.0
4,18,7,1,,,,42.7,0,0,0,293.0
4,19,7,1,,,,41.5,0,0,0,0.0
4,20,7,1,,,,41.4,0,0,0,0.0
4,21,7,1,,,,44.6,0,0,0,0.0
4,22,7,1,,,,42.2,0,0,0,0.0
4,23,7,1,,,,41.4,0,0,0,0.0
4,24,7,1,,,,41.1,0,0,0,0.0
4,1,1,1,,,,42.0,0,0,0,0.0
4,2,1,1,,,,43.4,0,0,0,0.0
4,3,1,1,,,,44.1,0,0,0,0.0
4,4,1,1,,,,44.0,0,0,0,0.0
4,5,1,1,,,,45.6,0,0,0,65.0
4,6,1,1,,,,46.0,0,0,0,184.0
4,7,1,1,,,,43.1,0,0,0,440.0
4,8,1,1,,,,40.6,0,0,0,799.0
4,9,1,1,,,,41.6,0,0,0,910.0
4,10,1,1,,,,41.7,0,0,0,917.0
4,11,1,1,,,,44.4,0,0,0,916.0
4,12,1,1,,,,44.4,0,0,0,877.0
4,13,1,1,,,,41.8,0,0,0,812.0
4,14,1,1,,,,42.4,0,0,0,679.0
4,15,1,1,,,,42.8,0,0,0,580.0
4,16,1,1,,,,44.5,0,0,0,384.0
4,17,1,1,,,,42.0,0,0,0,243.0
4,18,1,1,,,,42.5,0,0,0,63.0
4,19,1,1,,,,43.0,0,0,0,0.0
4,20,1,1,,,,43.1,0,0,0,0.0
4,21,1,1,,,,44.4,0,0,0,0.0
4,22,1,1,,,,45.5,0,0,0,0.0
4,23,1,1,,,,43.6,0,0,0,0.0
4,24,1,1,,,,43.7,0,0,0,0.0
4,1,2,1,,,,41.7,0,0,0,0.0
4,2,2,1,,,,42.1,0,0,0,0.0
4,3,2,1,,,,41.7,0,0,0,0.0
4,4,2,1,,,,41.6,0,0,0,0.0
4,5,2,1,,,,41.6,0,0,0,4.0
4,6,2,1,,,,43.1,0,0,0,33.0
4,7,2,1,,,,45.6,0,0,0,169.0
4,8,2,1,,,,46.7,0,0,0,484.0
4,9,2,1,,,,55.0,0,0,0,782.0
4,10,2,1,,,,59.6,0,0,0,810.0
4,11,2,1,,,,63.2,0,0,0,768.0
4,12,2,1,,,,64.2,0,0,0,720.0
4,13,2,1,,,,63.4,0,0,0,530.0
4,14,2,1,,,,64.5,0,0,0,278.0
4,15,2,1,,,,64.9,0,0,0,130.0
4,16,2,1,,,,61.8,0,0,0,58.0
4,17,2,1,,,,62.3,0,0,0,19.0
4,18,2,1,,,,57.5,0,0,0,1.0
4,19,2,1,,,,49.6,0,0,0,0.0
4,20,2,1,,,,45.8,0,0,0,0.0
4,21,2,1,,,,45.0,0,0,0,0.0
4,22,2,1,,,,47.6,0,0,0,0.0
4,23,2,1,,,,43.1,0,0,0,0.0
4,24,2,1,,,,40.3,0,0,0,0.0
4,1,3,1,,,,44.1,0,0,0,0.0
4,2,3,1,,,,41.9,0,0,0,0.0
4,3,3,1,,,,41.4,0,0,0,0.0
4,4,3,1,,,,41.2,0,0,0,0.0
4,5,3,1,,,,41.6,0,0,0,85.0
4,6,3,1,,,,41.0,0,0,0,341.0
4,7,3,1,,,,42.5,0,0,0,740.0
4,8,3,1,,,,46.2,0,0,0,841.0
4,9,3,1,,,,59.7,0,0,0,881.0
4,10,3,1,,,,61.9,0,0,0,900.0
4,11,3,1,,,,63.1,0,0,0,896.0
4,12,3,1,,,,60.8,0,0,0,892.0
4,13,3,1,,,,57.8,0,0,0,873.0
4,14,3,1,,,,59.4,0,0,0,802.0
4,15,3,1,,,,59.8,0,0,0,638.0
4,16,3,1,,,,58.7,0,0,0,512.0
4,17,3,1,,,,55.5,0,0,0,213.0
4,18,3,1,,,,50.0,0,0,0,29.0
4,19,3,1,,,,44.6,0,0,0,0.0
4,20,3,1,,,,44.6,0,0,0,0.0
4,21,3,1,,,,46.6,0,0,0,0.0
4,22,3,1,,,,46.4,0,0,0,0.0
4,23,3,1,,,,43.8,0,0,0,0.0
4,24,3,1,,,,43.1,0,0,0,0.0
4,1,4,1,,,,42.1,0,0,0,0.0
4,2,4,1,,,,44.7,0,0,0,0.0
4,3,4,1,,,,46.8,0,0,0,0.0
4,4,4,1,,,,44.5,0,0,0,0.0
4,5,4,1,,,,42.2,0,0,0,110.0
4,6,4,1,,,,46.0,0,0,0,290.0
4,7,4,1,,,,42.6,0,0,0,482.0
4,8,4,1,,,,45.5,0,0,0,589.0
4,9,4,1,,,,54.5,0,0,0,714.0
4,10,4,1,,,,59.5,0,0,0,765.0
4,11,4,1,,,,62.1,0,0,0,719.0
4,12,4,1,,,,63.5,0,0,0,672.0
4,13,4,1,,,,61.2,0,0,0,603.0
4,14,4,1,,,,62.0,0,0,0,414.0
4,15,4,1,,,,62.7,0,0,0,258.0
4,16,4,1,,,,63.1,0,0,0,125.0
4,17,4,1,,,,59.2,0,0,0,55.0
4,18,4,1,,,,55.2,0,0,0,14.0
4,19,4,1,,,,50.6,0,0,0,0.0
4,20,4,1,,,,48.1,0,0,0,0.0
4,21,4,1,,,,49.3,0,0,0,0.0
4,22,4,1,,,,50.2,0,0,0,0.0
4,23,4,1,,,,48.2,0,0,0,0.0
4,24,4,1,,,,46.8,0,0,0,0.0
4,1,5,1,,,,46.2,0,0,0,0.0
4,2,5,1,,,,46.5,0,0,0,0.0
4,3,5,1,,,,45.0,0,0,0,0.0
4,4,5,1,,,,46.1,0,0,0,0.0
4,5,5,1,,,,45.0,0,0,0,102.0
4,6,5,1,,,,43.9,0,0,0,321.0
4,7,5,1,,,,41.8,0,0,0,522.0
4,8,5,1,,,,47.2,0,0,0,666.0
4,9,5,1,,,,59.1,0,0,0,761.0
4,10,5,1,,,,62.1,0,0,0,842.0
4,11,5,1,,,,60.5,0,0,0,859.0
4,12,5,1,,,,61.8,0,0,0,843.0
4,13,5,1,,,,58.4,0,0,0,814.0
4,14,5,1,,,,59.5,0,0,0,756.0
4,15,5,1,,,,62.2,0,0,0,591.0
4,16,5,1,,,,62.8,0,0,0,280.0
4,17,5,1,,,,56.8,0,0,0,119.0
4,18,5,1,,,,50.4,0,0,0,31.0
4,19,5,1,,,,44.7,0,0,0,0.0
4,20,5,1,,,,43.8,0,0,0,0.0
4,21,5,1,,,,45.5,0,0,0,0.0
4,22,5,1,,,,44.5,0,0,0,0.0
4,23,5,1,,,,40.8,0,0,0,0.0
4,24,5,1,,,,40.7,0,0,0,0.0
4,1,6,1,,,,40.8,0,0,0,0.0
4,2,6,1,,,,40.9,0,0,0,0.0
4,3,6,1,,,,42.9,0,0,0,0.0
4,4,6,1,,,,42.4,0,0,0,0.0
4,5,6,1,,,,42.6,0,0,0,7.0
4,6,6,1,,,,46.4,0,0,0,48.0
4,7,6,1,,,,43.4,0,0,0,127.0
4,8,6,1,,,,48.6,0,0,0,277.0
4,9,6,1,,,,58.5,0,0,0,433.0
4,10,6,1,,,,59.2,0,0,0,529.0
4,11,6,1,,,,65.3,0,0,0,564.0
4,12,6,1,,,,63.9,0,0,0,538.0
4,13,6,1,,,,61.4,0,0,0,485.0
4,14,6,1,,,,59.3,0,0,0,430.0
4,15,6,1,,,,62.0,0,0,0,340.0
4,16,6,1,,,,56.6,0,0,0,261.0
4,17,6,1,,,,54.2,0,0,0,193.0
4,18,6,1,,,,51.2,0,0,0,90.0
4,19,6,1,,,,44.2,0,0,0,0.0
4,20,6,1,,,,40.9,0,0,0,0.0
4,21,6,1,,,,44.5,0,0,0,0.0
4,22,6,1,,,,44.6,0,0,0,0.0
4,23,6,1,,,,40.8,0,0,0,0.0
4,24,6,1,,,,40.6,0,0,0,0.0
4,1,7,1,,,,39.8,0,0,0,0.0
4,2,7,1,,,,40.2,0,0,0,0.0
4,3,7,1,,,,40.8,0,0,0,0.0
4,4,7,1,,,,40.2,0,0,0,0.0
4,5,7,1,,,,40.7,0,0,0,9.0
4,6,7,1,,,,44.7,0,0,0,40.0
4,7,7,1,,,,41.1,0,0,0,90.0
4,8,7,1,,,,40.8,0,0,0,259.0
4,9,7,1,,,,40.9,0,0,0,440.0
4,10,7,1,,,,41.6,0,0,0,485.0
4,11,7,1,,,,42.9,0,0,0,510.0
4,12,7,1,,,,41.2,0,0,0,543.0
4,13,7,1,,,,43.2,0,0,0,569.0
4,14,7,1,,,,43.9,0,0,0,616.0
4,15,7,1,,,,41.4,0,0,0,608.0
4,16,7,1,,,,41.1,0,0,0,601.0
4,17,7,1,,,,39.9,0,0,0,474.0
4,18,7,1,,,,39.0,0,0,0,191.0
4,19,7,1,,,,40.6,0,0,0,0.0
4,20,7,1,,,,41.7,0,0,0,0.0
4,21,7,1,,,,42.4,0,0,0,0.0
4,22,7,1,,,,39.8,0,0,0,0.0
4,23,7,1,,,,39.4,0,0,0,0.0
4,24,7,1,,,,39.1,0,0,0,0.0
4,1,1,1,,,,40.5,0,0,0,0.0
4,2,1,1,,,,41.6,0,0,0,0.0
4,3,1,1,,,,44.8,0,0,0,0.0
4,4,1,1,,,,45.3,0,0,0,0.0
4,5,1,1,,,,44.9,0,0,0,14.0
4,6,1,1,,,,45.6,0,0,0,64.0
4,7,1,1,,,,42.4,0,0,0,239.0
4,8,1,1,,,,40.7,0,0,0,609.0
4,9,1,1,,,,39.5,0,0,0,685.0
4,10,1,1,,,,39.0,0,0,0,645.0
4,11,1,1,,,,41.6,0,0,0,618.0
4,12,1,1,,,,41.2,0,0,0,592.0
4,13,1,1,,,,41.1,0,0,0,499.0
4,14,1,1,,,,41.9,0,0,0,413.0
4,15,1,1,,,,43.3,0,0,0,346.0
4,16,1,1,,,,41.8,0,0,0,274.0
4,17,1,1,,,,42.4,0,0,0,162.0
4,18,1,1,,,,40.8,0,0,0,49.0
4,19,1,1,,,,41.2,0,0,0,0.0
4,20,1,1,,,,40.8,0,0,0,0.0
4,21,1,1,,,,41.2,0,0,0,0.0
4,22,1,1,,,,40.5,0,0,0,0.0
4,23,1,1,,,,40.2,0,0,0,0.0
4,24,1,1,,,,41.7,0,0,0,0.0
4,1,2,1,,,,43.2,0,0,0,0.0
4,2,2,1,,,,42.5,0,0,0,0.0
4,3,2,1,,,,42.7,0,0,0,0.0
4,4,2,1,,,,41.7,0,0,0,0.0
4,5,2,1,,,,40.0,0,0,0,286.0
4,6,2,1,,,,41.5,0,0,0,632.0
4,7,2,1,,,,44.2,0,0,0,788.0
4,8,2,1,,,,45.8,0,0,0,849.0
4,9,2,1,,,,54.9,0,0,0,850.0
4,10,2,1,,,,58.4,0,0,0,853.0
4,11,2,1,,,,64.8,0,0,0,799.0
4,12,2,1,,,,67.6,0,0,0,767.0
4,13,2,1,,,,65.7,0,0,0,762.0
4,14,2,1,,,,66.8,0,0,0,758.0
4,15,2,1,,,,66.8,0,0,0,727.0
4,16,2,1,,,,61.6,0,0,0,636.0
4,17,2,1,,,,60.6,0,0,0,482.0
4,18,2,1,,,,51.7,0,0,0,217.0
4,19,2,1,,,,46.0,0,0,0,0.0
4,20,2,1,,,,42.1,0,0,0,0.0
4,21,2,1,,,,45.6,0,0,0,0.0
4,22,2,1,,,,45.5,0,0,0,0.0
4,23,2,1,,,,41.3,0,0,0,0.0
4,24,2,1,,,,39.2,0,0,0,0.0
4,1,3,1,,,,41.0,0,0,0,0.0
4,2,3,1,,,,38.5,0,0,0,0.0
4,3,3,1,,,,38.5,0,0,0,0.0
4,4,3,1,,,,38.5,0,0,0,4.0
4,5,3,1,,,,38.1,0,0,0,328.0
4,6,3,1,,,,38.7,0,0,0,595.0
4,7,3,1,,,,39.8,0,0,0,829.0
4,8,3,1,,,,42.8,0,0,0,888.0
4,9,3,1,,,,54.0,0,0,0,910.0
4,10,3,1,,,,57.9,0,0,0,907.0
4,11,3,1,,,,62.5,0,0,0,890.0
4,12,3,1,,,,66.4,0,0,0,873.0
4,13,3,1,,,,68.6,0,0,0,860.0
4,14,3,1,,,,66.9,0,0,0,841.0
4,15,3,1,,,,63.0,0,0,0,776.0
4,16,3,1,,,,63.1,0,0,0,709.0
4,17,3,1,,,,55.3,0,0,0,594.0
4,18,3,1,,,,52.6,0,0,0,320.0
4,19,3,1,,,,47.4,0,0,0,3.0
4,20,3,1,,,,47.5,0,0,0,0.0
4,21,3,1,,,,48.9,0,0,0,0.0
4,22,3,1,,,,47.1,0,0,0,0.0
4,23,3,1,,,,42.3,0,0,0,0.0
4,24,3,1,,,,41.5,0,0,0,0.0
5,1,4,1,,,,42.1,0,0,0,0.0
5,2,4,1,,,,43.1,0,0,0,0.0
5,3,4,1,,,,43.6,0,0,0,0.0
5,4,4,1,,,,45.4,0,0,0,0.0
5,5,4,1,,,,46.1,0,0,0,56.0
5,6,4,1,,,,46.8,0,0,0,166.0
5,7,4,1,,,,47.1,0,0,0,425.0
5,8,4,1,,,,48.9,0,0,0,855.0
5,9,4,1,,,,55.7,0,0,0,930.0
5,10,4,1,,,,62.7,0,0,0,942.0
5,11,4,1,,,,65.3,0,0,0,946.0
5,12,4,1,,,,64.0,0,0,0,944.0
5,13,4,1,,,,61.7,0,0,0,936.0
5,14,4,1,,,,65.7,0,0,0,919.0
5,15,4,1,,,,62.0,0,0,0,887.0
5,16,4,1,,,,61.4,0,0,0,825.0
5,17,4,1,,,,59.1,0,0,0,697.0
5,18,4,1,,,,51.9,0,0,0,409.0
5,19,4,1,,,,44.8,0,0,0,6.0
5,20,4,1,,,,40.0,0,0,0,0.0
5,21,4,1,,,,42.2,0,0,0,0.0
5,22,4,1,,,,41.4,0,0,0,0.0
5,23,4,1,,,,38.4,0,0,0,0.0
5,24,4,1,,,,37.6,0,0,0,0.0
5,1,5,1,,,,37.1,0,0,0,0.0
5,2,5,1,,,,36.8,0,0,0,0.0
5,3,5,1,,,,36.7,0,0,0,0.0
5,4,5,1,,,,37.4,0,0,0,9.0
5,5,5,1,,,,36.5,0,0,0,371.0
5,6,5,1,,,,41.2,0,0,0,660.0
5,7,5,1,,,,40.2,0,0,0,796.0
5,8,5,1,,,,41.6,0,0,0,863.0
5,9,5,1,,,,54.6,0,0,0,895.0
5,10,5,1,,,,60.1,0,0,0,920.0
5,11,5,1,,,,61.6,0,0,0,930.0
5,12,5,1,,,,62.6,0,0,0,930.0
5,13,5,1,,,,60.4,0,0,0,924.0
5,14,5,1,,,,62.5,0,0,0,909.0
5,15,5,1,,,,63.9,0,0,0,879.0
5,16,5,1,,,,62.5,0,0,0,821.0
5,17,5,1,,,,59.2,0,0,0,700.0
5,18,5,1,,,,52.8,0,0,0,423.0
5,19,5,1,,,,44.4,0,0,0,10.0
5,20,5,1,,,,41.1,0,0,0,0.0
5,21,5,1,,,,44.3,0,0,0,0.0
5,22,5,1,,,,42.8,0,0,0,0.0
5,23,5,1,,,,39.8,0,0,0,0.0
5,24,5,1,,,,38.0,0,0,0,0.0
5,1,6,1,,,,37.4,0,0,0,0.0
5,2,6,1,,,,37.2,0,0,0,0.0
5,3,6,1,,,,38.8,0,0,0,0.0
5,4,6,1,,,,39.0,0,0,0,12.0
5,5,6,1,,,,37.4,0,0,0,246.0
5,6,6,1,,,,40.8,0,0,0,404.0
5,7,6,1,,,,39.2,0,0,0,629.0
5,8,6,1,,,,42.5,0,0,0,818.0
5,9,6,1,,,,55.5,0,0,0,885.0
5,10,6,1,,,,58.2,0,0,0,901.0
5,11,6,1,,,,60.6,0,0,0,907.0
5,12,6,1,,,,59.2,0,0,0,905.0
5,13,6,1,,,,55.2,0,0,0,898.0
5,14,6,1,,,,57.0,0,0,0,881.0
5,15,6,1,,,,57.4,0,0,0,846.0
5,16,6,1,,,,55.0,0,0,0,740.0
5,17,6,1,,,,53.6,0,0,0,398.0
5,18,6,1,,,,48.1,0,0,0,148.0
5,19,6,1,,,,41.7,0,0,0,4.0
5,20,6,1,,,,38.8,0,0,0,0.0
5,21,6,1,,,,41.4,0,0,0,0.0
5,22,6,1,,,,42.8,0,0,0,0.0
5,23,6,1,,,,37.9,0,0,0,0.0
5,24,6,1,,,,37.9,0,0,0,0.0
5,1,7,1,,,,38.4,0,0,0,0.0
5,2,7,1,,,,39.7,0,0,0,0.0
5,3,7,1,,,,39.5,0,0,0,0.0
5,4,7,1,,,,37.6,0,0,0,0.0
5,5,7,1,,,,37.8,0,0,0,34.0
5,6,7,1,,,,40.9,0,0,0,120.0
5,7,7,1,,,,39.6,0,0,0,273.0
5,8,7,1,,,,37.0,0,0,0,495.0
5,9,7,1,,,,40.1,0,0,0,668.0
5,10,7,1,,,,40.4,0,0,0,746.0
5,11,7,1,,,,41.2,0,0,0,680.0
5,12,7,1,,,,44.4,0,0,0,666.0
5,13,7,1,,,,42.5,0,0,0,709.0
5,14,7,1,,,,42.7,0,0,0,760.0
5,15,7,1,,,,40.4,0,0,0,776.0
5,16,7,1,,,,44.1,0,0,0,702.0
5,17,7,1,,,,40.8,0,0,0,472.0
5,18,7,1,,,,43.2,0,0,0,213.0
5,19,7,1,,,,41.0,0,0,0,6.0
5,20,7,1,,,,42.0,0,0,0,0.0
5,21,7,1,,,,41.9,0,0,0,0.0
5,22,7,1,,,,42.8,0,0,0,0.0
5,23,7,1,,,,43.1,0,0,0,0.0
5,24,7,1,,,,41.8,0,0,0,0.0
5,1,1,1,,,,40.9,0,0,0,0.0
5,2,1,1,,,,43.8,0,0,0,0.0
5,3,1,1,,,,41.0,0,0,0,0.0
5,4,1,1,,,,40.1,0,0,0,2.0
5,5,1,1,,,,39.6,0,0,0,41.0
5,6,1,1,,,,38.2,0,0,0,115.0
5,7,1,1,,,,38.3,0,0,0,269.0
5,8,1,1,,,,39.2,0,0,0,597.0
5,9,1,1,,,,39.8,0,0,0,852.0
5,10,1,1,,,,41.2,0,0,0,867.0
5,11,1,1,,,,38.2,0,0,0,850.0
5,12,1,1,,,,38.8,0,0,0,839.0
5,13,1,1,,,,37.0,0,0,0,800.0
5,14,1,1,,,,39.9,0,0,0,745.0
5,15,1,1,,,,42.8,0,0,0,624.0
5,16,1,1,,,,39.7,0,0,0,394.0
5,17,1,1,,,,38.6,0,0,0,143.0
5,18,1,1,,,,38.0,0,0,0,47.0
5,19,1,1,,,,37.5,0,0,0,0.0
5,20,1,1,,,,36.8,0,0,0,0.0
5,21,1,1,,,,38.0,0,0,0,0.0
5,22,1,1,,,,38.5,0,0,0,0.0
5,23,1,1,,,,38.6,0,0,0,0.0
5,24,1,1,,,,37.8,0,0,0,0.0
5,1,2,1,,,,40.6,0,0,0,0.0
5,2,2,1,,,,39.0,0,0,0,0.0
5,3,2,1,,,,38.0,0,0,0,0.0
5,4,2,1,,,,38.1,0,0,0,9.0
5,5,2,1,,,,38.0,0,0,0,221.0
5,6,2,1,,,,38.0,0,0,0,535.0
5,7,2,1,,,,38.4,0,0,0,730.0
5,8,2,1,,,,41.2,0,0,0,809.0
5,9,2,1,,,,42.7,0,0,0,842.0
5,10,2,1,,,,45.2,0,0,0,867.0
5,11,2,1,,,,42.9,0,0,0,871.0
5,12,2,1,,,,47.4,0,0,0,860.0
5,13,2,1,,,,40.8,0,0,0,862.0
5,14,2,1,,,,42.6,0,0,0,822.0
5,15,2,1,,,,41.6,0,0,0,776.0
5,16,2,1,,,,41.2,0,0,0,691.0
5,17,2,1,,,,41.2,0,0,0,490.0
5,18,2,1,,,,39.3,0,0,0,243.0
5,19,2,1,,,,38.3,0,0,0,10.0
5,20,2,1,,,,38.2,0,0,0,0.0
5,21,2,1,,,,41.5,0,0,0,0.0
5,22,2,1,,,,43.7,0,0,0,0.0
5,23,2,1,,,,41.0,0,0,0,0.0
5,24,2,1,,,,38.8,0,0,0,0.0
5,1,3,1,,,,38.3,0,0,0,0.0
5,2,3,1,,,,38.1,0,0,0,0.0
5,3,3,1,,,,40.6,0,0,0,0.0
5,4,3,1,,,,40.2,0,0,0,25.0
5,5,3,1,,,,39.0,0,0,0,351.0
5,6,3,1,,,,42.8,0,0,0,598.0
5,7,3,1,,,,41.6,0,0,0,740.0
5,8,3,1,,,,45.1,0,0,0,826.0
5,9,3,1,,,,52.0,0,0,0,859.0
5,10,3,1,,,,56.0,0,0,0,874.0
5,11,3,1,,,,60.0,0,0,0,876.0
5,12,3,1,,,,58.9,0,0,0,842.0
5,13,3,1,,,,62.1,0,0,0,794.0
5,14,3,1,,,,63.5,0,0,0,724.0
5,15,3,1,,,,61.3,0,0,0,698.0
5,16,3,1,,,,61.3,0,0,0,614.0
5,17,3,1,,,,59.2,0,0,0,469.0
5,18,3,1,,,,53.1,0,0,0,260.0
5,19,3,1,,,,48.5,0,0,0,13.0
5,20,3,1,,,,46.8,0,0,0,0.0
5,21,3,1,,,,49.1,0,0,0,0.0
5,22,3,1,,,,48.7,0,0,0,0.0
5,23,3,1,,,,44.8,0,0,0,0.0
5,24,3,1,,,,43.5,0,0,0,0.0
5,1,4,1,,,,42.2,0,0,0,0.0
5,2,4,1,,,,41.7,0,0,0,0.0
5,3,4,1,,,,46.0,0,0,0,0.0
5,4,4,1,,,,44.4,0,0,0,0.0
5,5,4,1,,,,43.0,0,0,0,13.0
5,6,4,1,,,,47.7,0,0,0,38.0
5,7,4,1,,,,47.7,0,0,0,74.0
5,8,4,1,,,,51.7,0,0,0,141.0
5,9,4,1,,,,59.3,0,0,0,224.0
5,10,4,1,,,,65.0,0,0,0,329.0
5,11,4,1,,,,65.3,0,0,0,447.0
5,12,4,1,,,,62.6,0,0,0,494.0
5,13,4,1,,,,58.9,0,0,0,430.0
5,14,4,1,,,,61.7,0,0,0,443.0
5,15,4,1,,,,61.2,0,0,0,406.0
5,16,4,1,,,,61.3,0,0,0,222.0
5,17,4,1,,,,58.2,0,0,0,138.0
5,18,4,1,,,,53.2,0,0,0,93.0
5,19,4,1,,,,52.3,0,0,0,5.0
5,20,4,1,,,,49.5,0,0,0,0.0
5,21,4,1,,,,52.8,0,0,0,0.0
5,22,4,1,,,,51.4,0,0,0,0.0
5,23,4,1,,,,46.1,0,0,0,0.0
5,24,4,1,,,,43.6,0,0,0,0.0
5,1,5,1,,,,45.7,0,0,0,0.0
5,2,5,1,,,,44.1,0,0,0,0.0
5,3,5,1,,,,43.3,0,0,0,0.0
5,4,5,1,,,,42.9,0,0,0,4.0
5,5,5,1,,,,42.6,0,0,0,234.0
5,6,5,1,,,,46.5,0,0,0,651.0
5,7,5,1,,,,44.9,0,0,0,785.0
5,8,5,1,,,,48.5,0,0,0,823.0
5,9,5,1,,,,57.9,0,0,0,816.0
5,10,5,1,,,,63.9,0,0,0,744.0
5,11,5,1,,,,70.0,0,0,0,717.0
5,12,5,1,,,,71.1,0,0,0,743.0
5,13,5,1,,,,65.6,0,0,0,699.0
5,14,5,1,,,,67.0,0,0,0,589.0
5,15,5,1,,,,65.8,0,0,0,256.0
5,16,5,1,,,,64.3,0,0,0,187.0
5,17,5,1,,,,60.0,0,0,0,128.0
5,18,5,1,,,,53.8,0,0,0,37.0
5,19,5,1,,,,49.2,0,0,0,0.0
5,20,5,1,,,,47.6,0,0,0,0.0
5,21,5,1,,,,49.7,0,0,0,0.0
5,22,5,1,,,,51.0,0,0,0,0.0
5,23,5,1,,,,47.0,0,0,0,0.0
5,24,5,1,,,,47.2,0,0,0,0.0
5,1,6,1,,,,47.5,0,0,0,0.0
5,2,6,1,,,,45.8,0,0,0,0.0
5,3,6,1,,,,47.4,0,0,0,0.0
5,4,6,1,,,,46.4,0,0,0,8.0
5,5,6,1,,,,47.4,0,0,0,169.0
5,6,6,1,,,,49.5,0,0,0,412.0
5,7,6,1,,,,48.1,0,0,0,633.0
5,8,6,1,,,,49.2,0,0,0,756.0
5,9,6,1,,,,57.3,0,0,0,818.0
5,10,6,1,,,,61.2,0,0,0,816.0
5,11,6,1,,,,63.7,0,0,0,795.0
5,12,6,1,,,,65.8,0,0,0,734.0
5,13,6,1,,,,67.0,0,0,0,708.0
5,14,6,1,,,,66.6,0,0,0,734.0
5,15,6,1,,,,63.9,0,0,0,706.0
5,16,6,1,,,,63.2,0,0,0,456.0
5,17,6,1,,,,56.7,0,0,0,333.0
5,18,6,1,,,,51.5,0,0,0,220.0
5,19,6,1,,,,44.6,0,0,0,22.0
5,20,6,1,,,,42.1,0,0,0,0.0
5,21,6,1,,,,45.1,0,0,0,0.0
5,22,6,1,,,,46.2,0,0,0,0.0
5,23,6,1,,,,43.0,0,0,0,0.0
5,24,6,1,,,,43.0,0,0,0,0.0
5,1,7,1,,,,44.0,0,0,0,0.0
5,2,7,1,,,,45.8,0,0,0,0.0
5,3,7,1,,,,43.8,0,0,0,0.0
5,4,7,1,,,,42.6,0,0,0,9.0
5,5,7,1,,,,42.0,0,0,0,93.0
5,6,7,1,,,,45.8,0,0,0,233.0
5,7,7,1,,,,43.1,0,0,0,442.0
5,8,7,1,,,,43.6,0,0,0,692.0
5,9,7,1,,,,45.4,0,0,0,745.0
5,10,7,1,,,,45.1,0,0,0,743.0
5,11,7,1,,,,45.6,0,0,0,461.0
5,12,7,1,,,,46.6,0,0,0,355.0
5,13,7,1,,,,45.7,0,0,0,502.0
5,14,7,1,,,,46.0,0,0,0,598.0
5,15,7,1,,,,46.0,0,0,0,453.0
5,16,7,1,,,,44.1,0,0,0,256.0
5,17,7,1,,,,42.4,0,0,0,87.0
5,18,7,1,,,,43.8,0,0,0,38.0
5,19,7,1,,,,42.6,0,0,0,3.0
5,20,7,1,,,,41.4,0,0,0,0.0
5,21,7,1,,,,42.4,0,0,0,0.0
5,22,7,1,,,,42.3,0,0,0,0.0
5,23,7,1,,,,42.6,0,0,0,0.0
5,24,7,1,,,,42.8,0,0,0,0.0
5,1,1,1,,,,43.0,0,0,0,0.0
5,2,1,1,,,,42.7,0,0,0,0.0
5,3,1,1,,,,43.3,0,0,0,0.0
5,4,1,1,,,,43.4,0,0,0,2.0
5,5,1,1,,,,42.2,0,0,0,27.0
5,6,1,1,,,,40.9,0,0,0,118.0
5,7,1,1,,,,42.0,0,0,0,416.0
5,8,1,1,,,,41.8,0,0,0,623.0
5,9,1,1,,,,44.0,0,0,0,654.0
5,10,1,1,,,,45.1,0,0,0,702.0
5,11,1,1,,,,44.5,0,0,0,552.0
5,12,1,1,,,,45.1,0,0,0,391.0
5,13,1,1,,,,41.8,0,0,0,345.0
5,14,1,1,,,,46.0,0,0,0,223.0
5,15,1,1,,,,47.3,0,0,0,116.0
5,16,1,1,,,,47.9,0,0,0,63.0
5,17,1,1,,,,47.0,0,0,0,30.0
5,18,1,1,,,,45.9,0,0,0,16.0
5,19,1,1,,,,45.8,0,0,0,2.0
5,20,1,1,,,,45.6,0,0,0,0.0
5,21,1,1,,,,45.6,0,0,0,0.0
5,22,1,1,,,,45.2,0,0,0,0.0
5,23,1,1,,,,44.9,0,0,0,0.0
5,24,1,1,,,,44.6,0,0,0,0.0
5,1,2,1,,,,44.5,0,0,0,0.0
5,2,2,1,,,,43.3,0,0,0,0.0
5,3,2,1,,,,44.0,0,0,0,0.0
5,4,2,1,,,,43.9,0,0,0,7.0
5,5,2,1,,,,44.7,0,0,0,238.0
5,6,2,1,,,,44.1,0,0,0,579.0
5,7,2,1,,,,45.0,0,0,0,509.0
5,8,2,1,,,,47.1,0,0,0,457.0
5,9,2,1,,,,55.4,0,0,0,494.0
5,10,2,1,,,,60.0,0,0,0,620.0
5,11,2,1,,,,63.6,0,0,0,731.0
5,12,2,1,,,,66.2,0,0,0,775.0
5,13,2,1,,,,63.5,0,0,0,791.0
5,14,2,1,,,,63.8,0,0,0,769.0
5,15,2,1,,,,64.8,0,0,0,644.0
5,16,2,1,,,,60.7,0,0,0,425.0
5,17,2,1,,,,61.8,0,0,0,217.0
5,18,2,1,,,,54.8,0,0,0,108.0
5,19,2,1,,,,49.4,0,0,0,12.0
5,20,2,1,,,,44.0,0,0,0,0.0
5,21,2,1,,,,42.8,0,0,0,0.0
5,22,2,1,,,,42.6,0,0,0,0.0
5,23,2,1,,,,42.0,0,0,0,0.0
5,24,2,1,,,,41.5,0,0,0,0.0
5,1,3,1,,,,41.8,0,0,0,0.0
5,2,3,1,,,,40.8,0,0,0,0.0
5,3,3,1,,,,40.6,0,0,0,0.0
5,4,3,1,,,,41.0,0,0,0,4.0
5,5,3,1,,,,39.9,0,0,0,75.0
5,6,3,1,,,,40.6,0,0,0,207.0
5,7,3,1,,,,41.3,0,0,0,377.0
5,8,3,1,,,,44.8,0,0,0,530.0
5,9,3,1,,,,56.8,0,0,0,630.0
5,10,3,1,,,,66.5,0,0,0,528.0
5,11,3,1,,,,74.8,0,0,0,367.0
5,12,3,1,,,,70.4,0,0,0,387.0
5,13,3,1,,,,68.0,0,0,0,345.0
5,14,3,1,,,,67.7,0,0,0,235.0
5,15,3,1,,,,66.0,0,0,0,151.0
5,16,3,1,,,,67.6,0,0,0,88.0
5,17,3,1,,,,64.3,0,0,0,40.0
5,18,3,1,,,,57.2,0,0,0,9.0
5,19,3,1,,,,48.9,0,0,0,0.0
5,20,3,1,,,,44.5,0,0,0,0.0
5,21,3,1,,,,45.0,0,0,0,0.0
5,22,3,1,,,,43.3,0,0,0,0.0
5,23,3,1,,,,43.8,0,0,0,0.0
5,24,3,1,,,,44.2,0,0,0,0.0
5,1,4,1,,,,42.8,0,0,0,0.0
5,2,4,1,,,,41.2,0,0,0,0.0
5,3,4,1,,,,40.2,0,0,0,0.0
5,4,4,1,,,,42.6,0,0,0,1.0
5,5,4,1,,,,42.6,0,0,0,31.0
5,6,4,1,,,,43.6,0,0,0,75.0
5,7,4,1,,,,42.2,0,0,0,143.0
5,8,4,1,,,,48.1,0,0,0,218.0
5,9,4,1,,,,60.4,0,0,0,321.0
5,10,4,1,,,,63.1,0,0,0,423.0
5,11,4,1,,,,68.2,0,0,0,536.0
5,12,4,1,,,,66.6,0,0,0,585.0
5,13,4,1,,,,67.0,0,0,0,653.0
5,14,4,1,,,,66.0,0,0,0,675.0
5,15,4,1,,,,64.8,0,0,0,609.0
5,16,4,1,,,,62.8,0,0,0,398.0
5,17,4,1,,,,61.5,0,0,0,218.0
5,18,4,1,,,,57.6,0,0,0,165.0
5,19,4,1,,,,47.9,0,0,0,28.0
5,20,4,1,,,,43.7,0,0,0,0.0
5,21,4,1,,,,46.5,0,0,0,0.0
5,22,4,1,,,,46.3,0,0,0,0.0
5,23,4,1,,,,42.2,0,0,0,0.0
5,24,4,1,,,,44.5,0,0,0,0.0
5,1,5,1,,,,42.2,0,0,0,0.0
5,2,5,1,,,,40.9,0,0,0,0.0
5,3,5,1,,,,42.6,0,0,0,0.0
5,4,5,1,,,,42.4,0,0,0,14.0
5,5,5,1,,,,40.1,0,0,0,90.0
5,6,5,1,,,,43.9,0,0,0,200.0
5,7,5,1,,,,42.4,0,0,0,500.0
5,8,5,1,,,,46.5,0,0,0,740.0
5,9,5,1,,,,55.7,0,0,0,772.0
5,10,5,1,,,,60.1,0,0,0,771.0
5,11,5,1,,,,63.0,0,0,0,755.0
5,12,5,1,,,,63.8,0,0,0,766.0
5,13,5,1,,,,61.6,0,0,0,765.0
5,14,5,1,,,,66.6,0,0,0,693.0
5,15,5,1,,,,63.3,0,0,0,586.0
5,16,5,1,,,,60.1,0,0,0,354.0
5,17,5,1,,,,61.2,0,0,0,110.0
5,18,5,1,,,,53.6,0,0,0,49.0
5,19,5,1,,,,45.6,0,0,0,8.0
5,20,5,1,,,,42.4,0,0,0,0.0
5,21,5,1,,,,40.3,0,0,0,0.0
5,22,5,1,,,,38.5,0,0,0,0.0
5,23,5,1,,,,41.6,0,0,0,0.0
5,24,5,1,,,,38.1,0,0,0,0.0
5,1,6,1,,,,38.8,0,0,0,0.0
5,2,6,1,,,,39.9,0,0,0,0.0
5,3,6,1,,,,40.9,0,0,0,0.0
5,4,6,1,,,,39.0,0,0,0,9.0
5,5,6,1,,,,38.5,0,0,0,69.0
5,6,6,1,,,,37.8,0,0,0,158.0
5,7,6,1,,,,39.0,0,0,0,274.0
5,8,6,1,,,,42.8,0,0,0,362.0
5,9,6,1,,,,49.9,0,0,0,482.0
5,10,6,1,,,,61.8,0,0,0,516.0
5,11,6,1,,,,67.3,0,0,0,565.0
5,12,6,1,,,,66.5,0,0,0,592.0
5,13,6,1,,,,65.2,0,0,0,463.0
5,14,6,1,,,,66.4,0,0,0,370.0
5,15,6,1,,,,66.4,0,0,0,193.0
5,16,6,1,,,,69.6,0,0,0,71.0
5,17,6,1,,,,60.2,0,0,0,37.0
5,18,6,1,,,,56.8,0,0,0,12.0
5,19,6,1,,,,50.5,0,0,0,0.0
5,20,6,1,,,,44.5,0,0,0,0.0
5,21,6,1,,,,43.2,0,0,0,0.0
5,22,6,1,,,,42.1,0,0,0,0.0
5,23,6,1,,,,42.4,0,0,0,0.0
5,24,6,1,,,,43.9,0,0,0,0.0
5,1,7,1,,,,44.6,0,0,0,0.0
5,2,7,1,,,,41.8,0,0,0,0.0
5,3,7,1,,,,41.9,0,0,0,0.0
5,4,7,1,,,,42.0,0,0,0,3.0
5,5,7,1,,,,42.3,0,0,0,28.0
5,6,7,1,,,,41.3,0,0,0,63.0
5,7,7,1,,,,41.0,0,0,0,128.0
5,8,7,1,,,,43.1,0,0,0,189.0
5,9,7,1,,,,44.6,0,0,0,219.0
5,10,7,1,,,,45.2,0,0,0,185.0
5,11,7,1,,,,43.8,0,0,0,146.0
5,12,7,1,,,,45.0,0,0,0,163.0
5,13,7,1,,,,41.8,0,0,0,154.0
5,14,7,1,,,,43.8,0,0,0,171.0
5,15,7,1,,,,40.8,0,0,0,223.0
5,16,7,1,,,,40.6,0,0,0,199.0
5,17,7,1,,,,41.0,0,0,0,179.0
5,18,7,1,,,,40.1,0,0,0,86.0
5,19,7,1,,,,40.7,0,0,0,14.0
5,20,7,1,,,,40.9,0,0,0,0.0
5,21,7,1,,,,42.4,0,0,0,0.0
5,22,7,1,,,,43.3,0,0,0,0.0
5,23,7,1,,,,40.9,0,0,0,0.0
5,24,7,1,,,,44.2,0,0,0,0.0
5,1,1,1,,,,42.9,0,0,0,0.0
5,2,1,1,,,,41.2,0,0,0,0.0
5,3,1,1,,,,41.4,0,0,0,0.0
5,4,1,1,,,,41.4,0,0,0,97.0
5,5,1,1,,,,40.0,0,0,0,354.0
5,6,1,1,,,,39.8,0,0,0,619.0
5,7,1,1,,,,40.0,0,0,0,737.0
5,8,1,1,,,,40.2,0,0,0,819.0
5,9,1,1,,,,43.2,0,0,0,794.0
5,10,1,1,,,,42.3,0,0,0,741.0
5,11,1,1,,,,43.5,0,0,0,726.0
5,12,1,1,,,,40.8,0,0,0,806.0
5,13,1,1,,,,41.8,0,0,0,861.0
5,14,1,1,,,,43.6,0,0,0,836.0
5,15,1,1,,,,42.1,0,0,0,801.0
5,16,1,1,,,,43.4,0,0,0,706.0
5,17,1,1,,,,42.5,0,0,0,535.0
5,18,1,1,,,,40.7,0,0,0,139.0
5,19,1,1,,,,42.8,0,0,0,11.0
5,20,1,1,,,,40.1,0,0,0,0.0
5,21,1,1,,,,39.8,0,0,0,0.0
5,22,1,1,,,,39.6,0,0,0,0.0
5,23,1,1,,,,40.8,0,0,0,0.0
5,24,1,1,,,,40.2,0,0,0,0.0
5,1,2,1,,,,39.9,0,0,0,0.0
5,2,2,1,,,,40.0,0,0,0,0.0
5,3,2,1,,,,39.6,0,0,0,0.0
5,4,2,1,,,,39.8,0,0,0,5.0
5,5,2,1,,,,39.4,0,0,0,44.0
5,6,2,1,,,,39.6,0,0,0,135.0
5,7,2,1,,,,40.1,0,0,0,264.0
5,8,2,1,,,,41.7,0,0,0,377.0
5,9,2,1,,,,48.9,0,0,0,434.0
5,10,2,1,,,,57.6,0,0,0,465.0
5,11,2,1,,,,61.4,0,0,0,463.0
5,12,2,1,,,,66.3,0,0,0,411.0
5,13,2,1,,,,65.1,0,0,0,402.0
5,14,2,1,,,,67.9,0,0,0,391.0
5,15,2,1,,,,64.0,0,0,0,413.0
5,16,2,1,,,,61.8,0,0,0,337.0
5,17,2,1,,,,60.2,0,0,0,220.0
5,18,2,1,,,,52.3,0,0,0,99.0
5,19,2,1,,,,44.6,0,0,0,15.0
5,20,2,1,,,,41.8,0,0,0,0.0
5,21,2,1,,,,42.4,0,0,0,0.0
5,22,2,1,,,,44.4,0,0,0,0.0
5,23,2,1,,,,39.9,0,0,0,0.0
5,24,2,1,,,,39.2,0,0,0,0.0
5,1,3,1,,,,42.6,0,0,0,0.0
5,2,3,1,,,,41.6,0,0,0,0.0
5,3,3,1,,,,42.0,0,0,0,0.0
5,4,3,1,,,,43.0,0,0,0,12.0
5,5,3,1,,,,39.6,0,0,0,64.0
5,6,3,1,,,,43.2,0,0,0,118.0
5,7,3,1,,,,40.8,0,0,0,156.0
5,8,3,1,,,,43.2,0,0,0,184.0
5,9,3,1,,,,54.0,0,0,0,242.0
5,10,3,1,,,,62.0,0,0,0,390.0
5,11,3,1,,,,67.6,0,0,0,500.0
5,12,3,1,,,,66.6,0,0,0,571.0
5,13,3,1,,,,67.5,0,0,0,525.0
5,14,3,1,,,,63.0,0,0,0,597.0
5,15,3,1,,,,64.5,0,0,0,466.0
5,16,3,1,,,,63.5,0,0,0,361.0
5,17,3,1,,,,58.1,0,0,0,278.0
5,18,3,1,,,,54.2,0,0,0,194.0
5,19,3,1,,,,48.3,0,0,0,27.0
5,20,3,1,,,,43.5,0,0,0,0.0
5,21,3,1,,,,47.5,0,0,0,0.0
5,22,3,1,,,,48.2,0,0,0,0.0
5,23,3,1,,,,42.5,0,0,0,0.0
5,24,3,1,,,,42.7,0,0,0,0.0
5,1,4,1,,,,42.0,0,0,0,0.0
5,2,4,1,,,,41.5,0,0,0,0.0
5,3,4,1,,,,41.5,0,0,0,0.0
5,4,4,1,,,,41.5,0,0,0,22.0
5,5,4,1,,,,41.8,0,0,0,139.0
5,6,4,1,,,,48.2,0,0,0,294.0
5,7,4,1,,,,44.4,0,0,0,337.0
5,8,4,1,,,,44.4,0,0,0,273.0
5,9,4,1,,,,56.2,0,0,0,247.0
5,10,4,1,,,,68.2,0,0,0,275.0
5,11,4,1,,,,71.9,0,0,0,399.0
5,12,4,1,,,,73.6,0,0,0,471.0
5,13,4,1,,,,70.2,0,0,0,420.0
5,14,4,1,,,,69.1,0,0,0,372.0
5,15,4,1,,,,67.2,0,0,0,316.0
5,16,4,1,,,,65.1,0,0,0,209.0
5,17,4,1,,,,64.8,0,0,0,147.0
5,18,4,1,,,,61.4,0,0,0,69.0
5,19,4,1,,,,53.7,0,0,0,22.0
5,20,4,1,,,,49.4,0,0,0,0.0
5,21,4,1,,,,51.6,0,0,0,0.0
5,22,4,1,,,,51.8,0,0,0,0.0
5,23,4,1,,,,48.4,0,0,0,0.0
5,24,4,1,,,,47.6,0,0,0,0.0
5,1,5,1,,,,45.5,0,0,0,0.0
5,2,5,1,,,,45.6,0,0,0,0.0
5,3,5,1,,,,45.6,0,0,0,0.0
5,4,5,1,,,,45.9,0,0,0,62.0
5,5,5,1,,,,45.7,0,0,0,251.0
5,6,5,1,,,,49.8,0,0,0,477.0
5,7,5,1,,,,48.6,0,0,0,622.0
5,8,5,1,,,,50.9,0,0,0,712.0
5,9,5,1,,,,56.0,0,0,0,633.0
5,10,5,1,,,,64.1,0,0,0,523.0
5,11,5,1,,,,62.8,0,0,0,402.0
5,12,5,1,,,,58.8,0,0,0,371.0
5,13,5,1,,,,60.3,0,0,0,357.0
5,14,5,1,,,,61.1,0,0,0,392.0
5,15,5,1,,,,63.6,0,0,0,382.0
5,16,5,1,,,,66.0,0,0,0,276.0
5,17,5,1,,,,61.7,0,0,0,83.0
5,18,5,1,,,,56.2,0,0,0,25.0
5,19,5,1,,,,50.1,0,0,0,2.0
5,20,5,1,,,,46.3,0,0,0,0.0
5,21,5,1,,,,47.8,0,0,0,0.0
5,22,5,1,,,,46.7,0,0,0,0.0
5,23,5,1,,,,45.4,0,0,0,0.0
5,24,5,1,,,,42.4,0,0,0,0.0
5,1,6,1,,,,41.6,0,0,0,0.0
5,2,6,1,,,,42.2,0,0,0,0.0
5,3,6,1,,,,42.4,0,0,0,0.0
5,4,6,1,,,,42.4,0,0,0,11.0
5,5,6,1,,,,41.8,0,0,0,98.0
5,6,6,1,,,,45.8,0,0,0,247.0
5,7,6,1,,,,44.0,0,0,0,263.0
5,8,6,1,,,,46.4,0,0,0,234.0
5,9,6,1,,,,51.8,0,0,0,236.0
5,10,6,1,,,,58.8,0,0,0,262.0
5,11,6,1,,,,61.2,0,0,0,282.0
5,12,6,1,,,,61.2,0,0,0,348.0
5,13,6,1,,,,59.1,0,0,0,383.0
5,14,6,1,,,,62.0,0,0,0,333.0
5,15,6,1,,,,60.6,0,0,0,251.0
5,16,6,1,,,,60.4,0,0,0,180.0
5,17,6,1,,,,56.3,0,0,0,101.0
5,18,6,1,,,,51.1,0,0,0,69.0
5,19,6,1,,,,48.0,0,0,0,21.0
5,20,6,1,,,,43.0,0,0,0,0.0
5,21,6,1,,,,45.3,0,0,0,0.0
5,22,6,1,,,,45.9,0,0,0,0.0
5,23,6,1,,,,45.6,0,0,0,0.0
5,24,6,1,,,,41.6,0,0,0,0.0
5,1,7,1,,,,41.2,0,0,0,0.0
5,2,7,1,,,,40.8,0,0,0,0.0
5,3,7,1,,,,41.1,0,0,0,0.0
5,4,7,1,,,,40.3,0,0,0,24.0
5,5,7,1,,,,40.4,0,0,0,104.0
5,6,7,1,,,,40.3,0,0,0,274.0
5,7,7,1,,,,41.3,0,0,0,725.0
5,8,7,1,,,,41.9,0,0,0,889.0
5,9,7,1,,,,42.2,0,0,0,898.0
5,10,7,1,,,,42.0,0,0,0,905.0
5,11,7,1,,,,43.5,0,0,0,922.0
5,12,7,1,,,,44.0,0,0,0,926.0
5,13,7,1,,,,42.5,0,0,0,923.0
5,14,7,1,,,,42.1,0,0,0,911.0
5,15,7,1,,,,40.0,0,0,0,887.0
5,16,7,1,,,,39.4,0,0,0,841.0
5,17,7,1,,,,42.4,0,0,0,713.0
5,18,7,1,,,,41.5,0,0,0,345.0
5,19,7,1,,,,42.4,0,0,0,66.0
5,20,7,1,,,,41.8,0,0,0,0.0
5,21,7,1,,,,42.1,0,0,0,0.0
5,22,7,1,,,,41.0,0,0,0,0.0
5,23,7,1,,,,41.6,0,0,0,0.0
5,24,7,1,,,,41.2,0,0,0,0.0
5,1,1,1,,,,41.7,0,0,0,0.0
5,2,1,1,,,,40.9,0,0,0,0.0
5,3,1,1,,,,40.4,0,0,0,0.0
5,4,1,1,,,,40.9,0,0,0,87.0
5,5,1,1,,,,40.0,0,0,0,349.0
5,6,1,1,,,,43.8,0,0,0,544.0
5,7,1,1,,,,41.7,0,0,0,684.0
5,8,1,1,,,,40.6,0,0,0,786.0
5,9,1,1,,,,39.8,0,0,0,848.0
5,10,1,1,,,,40.9,0,0,0,885.0
5,11,1,1,,,,40.1,0,0,0,902.0
5,12,1,1,,,,40.8,0,0,0,901.0
5,13,1,1,,,,38.9,0,0,0,896.0
5,14,1,1,,,,38.8,0,0,0,886.0
5,15,1,1,,,,38.8,0,0,0,858.0
5,16,1,1,,,,39.2,0,0,0,804.0
5,17,1,1,,,,39.8,0,0,0,703.0
5,18,1,1,,,,39.2,0,0,0,498.0
5,19,1,1,,,,39.5,0,0,0,167.0
5,20,1,1,,,,39.6,0,0,0,0.0
5,21,1,1,,,,38.6,0,0,0,0.0
5,22,1,1,,,,38.0,0,0,0,0.0
5,23,1,1,,,,38.6,0,0,0,0.0
5,24,1,1,,,,39.4,0,0,0,0.0
5,1,2,1,,,,39.7,0,0,0,0.0
5,2,2,1,,,,40.1,0,0,0,0.0
5,3,2,1,,,,40.8,0,0,0,0.0
5,4,2,1,,,,40.4,0,0,0,151.0
5,5,2,1,,,,39.1,0,0,0,398.0
5,6,2,1,,,,39.7,0,0,0,732.0
5,7,2,1,,,,40.6,0,0,0,845.0
5,8,2,1,,,,41.8,0,0,0,898.0
5,9,2,1,,,,47.5,0,0,0,921.0
5,10,2,1,,,,48.8,0,0,0,927.0
5,11,2,1,,,,50.4,0,0,0,926.0
5,12,2,1,,,,51.8,0,0,0,922.0
5,13,2,1,,,,44.5,0,0,0,914.0
5,14,2,1,,,,47.1,0,0,0,901.0
5,15,2,1,,,,50.2,0,0,0,877.0
5,16,2,1,,,,47.2,0,0,0,831.0
5,17,2,1,,,,44.8,0,0,0,743.0
5,18,2,1,,,,43.8,0,0,0,559.0
5,19,2,1,,,,43.3,0,0,0,212.0
5,20,2,1,,,,41.7,0,0,0,0.0
5,21,2,1,,,,42.7,0,0,0,0.0
5,22,2,1,,,,44.4,0,0,0,0.0
5,23,2,1,,,,41.2,0,0,0,0.0
5,24,2,1,,,,40.8,0,0,0,0.0
5,1,3,1,,,,41.2,0,0,0,0.0
5,2,3,1,,,,42.9,0,0,0,0.0
5,3,3,1,,,,43.3,0,0,0,0.0
5,4,3,1,,,,42.0,0,0,0,0.0
5,5,3,1,,,,42.0,0,0,0,12.0
5,6,3,1,,,,40.1,0,0,0,40.0
5,7,3,1,,,,41.1,0,0,0,84.0
5,8,3,1,,,,45.0,0,0,0,126.0
5,9,3,1,,,,56.8,0,0,0,182.0
5,10,3,1,,,,65.3,0,0,0,249.0
5,11,3,1,,,,64.4,0,0,0,267.0
5,12,3,1,,,,65.4,0,0,0,223.0
5,13,3,1,,,,62.1,0,0,0,209.0
5,14,3,1,,,,66.2,0,0,0,191.0
5,15,3,1,,,,67.0,0,0,0,113.0
5,16,3,1,,,,65.0,0,0,0,77.0
5,17,3,1,,,,63.6,0,0,0,80.0
5,18,3,1,,,,59.6,0,0,0,44.0
5,19,3,1,,,,50.5,0,0,0,4.0
5,20,3,1,,,,45.2,0,0,0,0.0
5,21,3,1,,,,46.2,0,0,0,0.0
5,22,3,1,,,,47.8,0,0,0,0.0
5,23,3,1,,,,45.0,0,0,0,0.0
5,24,3,1,,,,43.9,0,0,0,0.0
5,1,4,1,,,,45.0,0,0,0,0.0
5,2,4,1,,,,44.5,0,0,0,0.0
5,3,4,1,,,,42.6,0,0,0,0.0
5,4,4,1,,,,42.6,0,0,0,4.0
5,5,4,1,,,,42.5,0,0,0,28.0
5,6,4,1,,,,46.5,0,0,0,74.0
5,7,4,1,,,,47.6,0,0,0,133.0
5,8,4,1,,,,51.4,0,0,0,162.0
5,9,4,1,,,,57.2,0,0,0,200.0
5,10,4,1,,,,61.8,0,0,0,254.0
5,11,4,1,,,,66.3,0,0,0,305.0
5,12,4,1,,,,67.0,0,0,0,252.0
5,13,4,1,,,,66.9,0,0,0,155.0
5,14,4,1,,,,66.2,0,0,0,133.0
5,15,4,1,,,,66.6,0,0,0,110.0
5,16,4,1,,,,65.6,0,0,0,90.0
5,17,4,1,,,,66.5,0,0,0,94.0
5,18,4,1,,,,59.5,0,0,0,94.0
5,19,4,1,,,,51.2,0,0,0,37.0
5,20,4,1,,,,47.1,0,0,0,0.0
5,21,4,1,,,,47.9,0,0,0,0.0
5,22,4,1,,,,46.3,0,0,0,0.0
5,23,4,1,,,,46.9,0,0,0,0.0
5,24,4,1,,,,46.8,0,0,0,0.0
5,1,5,1,,,,44.6,0,0,0,0.0
5,2,5,1,,,,43.6,0,0,0,0.0
5,3,5,1,,,,44.8,0,0,0,0.0
5,4,5,1,,,,44.8,0,0,0,3.0
5,5,5,1,,,,44.2,0,0,0,26.0
5,6,5,1,,,,43.5,0,0,0,60.0
5,7,5,1,,,,45.1,0,0,0,90.0
5,8,5,1,,,,46.9,0,0,0,119.0
5,9,5,1,,,,52.8,0,0,0,171.0
5,10,5,1,,,,59.8,0,0,0,219.0
5,11,5,1,,,,64.0,0,0,0,346.0
5,12,5,1,,,,66.8,0,0,0,394.0
5,13,5,1,,,,64.0,0,0,0,309.0
5,14,5,1,,,,64.8,0,0,0,273.0
5,15,5,1,,,,66.4,0,0,0,224.0
5,16,5,1,,,,65.8,0,0,0,164.0
5,17,5,1,,,,62.6,0,0,0,105.0
5,18,5,1,,,,56.4,0,0,0,52.0
5,19,5,1,,,,50.1,0,0,0,10.0
5,20,5,1,,,,45.0,0,0,0,0.0
5,21,5,1,,,,43.7,0,0,0,0.0
5,22,5,1,,,,43.2,0,0,0,0.0
5,23,5,1,,,,43.1,0,0,0,0.0
5,24,5,1,,,,42.7,0,0,0,0.0
5,1,6,1,,,,42.1,0,0,0,0.0
5,2,6,1,,,,41.0,0,0,0,0.0
5,3,6,1,,,,43.8,0,0,0,0.0
5,4,6,1,,,,45.1,0,0,0,73.0
5,5,6,1,,,,44.8,0,0,0,288.0
5,6,6,1,,,,44.0,0,0,0,636.0
5,7,6,1,,,,46.7,0,0,0,786.0
5,8,6,1,,,,47.5,0,0,0,838.0
5,9,6,1,,,,56.5,0,0,0,859.0
5,10,6,1,,,,63.7,0,0,0,873.0
5,11,6,1,,,,63.9,0,0,0,877.0
5,12,6,1,,,,66.4,0,0,0,877.0
5,13,6,1,,,,62.8,0,0,0,855.0
5,14,6,1,,,,62.5,0,0,0,828.0
5,15,6,1,,,,63.2,0,0,0,765.0
5,16,6,1,,,,59.0,0,0,0,633.0
5,17,6,1,,,,57.0,0,0,0,408.0
5,18,6,1,,,,52.4,0,0,0,234.0
5,19,6,1,,,,43.8,0,0,0,69.0
5,20,6,1,,,,43.4,0,0,0,0.0
5,21,6,1,,,,43.4,0,0,0,0.0
5,22,6,1,,,,42.5,0,0,0,0.0
5,23,6,1,,,,41.2,0,0,0,0.0
5,24,6,1,,,,40.4,0,0,0,0.0
6,1,7,1,,,,40.3,0,0,0,0.0
6,2,7,1,,,,40.2,0,0,0,0.0
6,3,7,1,,,,40.1,0,0,0,0.0
6,4,7,1,,,,40.1,0,0,0,80.0
6,5,7,1,,,,39.0,0,0,0,231.0
6,6,7,1,,,,38.7,0,0,0,331.0
6,7,7,1,,,,38.3,0,0,0,326.0
6,8,7,1,,,,38.8,0,0,0,308.0
6,9,7,1,,,,40.0,0,0,0,325.0
6,10,7,1,,,,40.6,0,0,0,424.0
6,11,7,1,,,,41.2,0,0,0,577.0
6,12,7,1,,,,40.6,0,0,0,728.0
6,13,7,1,,,,37.9,0,0,0,741.0
6,14,7,1,,,,38.6,0,0,0,651.0
6,15,7,1,,,,39.1,0,0,0,514.0
6,16,7,1,,,,39.8,0,0,0,416.0
6,17,7,1,,,,39.3,0,0,0,216.0
6,18,7,1,,,,38.1,0,0,0,123.0
6,19,7,1,,,,38.1,0,0,0,39.0
6,20,7,1,,,,38.5,0,0,0,0.0
6,21,7,1,,,,37.5,0,0,0,0.0
6,22,7,1,,,,38.7,0,0,0,0.0
6,23,7,1,,,,39.6,0,0,0,0.0
6,24,7,1,,,,39.6,0,0,0,0.0
6,1,1,1,,,,40.3,0,0,0,0.0
6,2,1,1,,,,40.1,0,0,0,0.0
6,3,1,1,,,,40.1,0,0,0,0.0
6,4,1,1,,,,40.0,0,0,0,71.0
6,5,1,1,,,,38.4,0,0,0,369.0
6,6,1,1,,,,37.8,0,0,0,711.0
6,7,1,1,,,,37.6,0,0,0,823.0
6,8,1,1,,,,37.6,0,0,0,879.0
6,9,1,1,,,,37.5,0,0,0,905.0
6,10,1,1,,,,37.3,0,0,0,918.0
6,11,1,1,,,,39.6,0,0,0,921.0
6,12,1,1,,,,40.6,0,0,0,918.0
6,13,1,1,,,,36.2,0,0,0,907.0
6,14,1,1,,,,40.1,0,0,0,889.0
6,15,1,1,,,,38.0,0,0,0,846.0
6,16,1,1,,,,37.0,0,0,0,779.0
6,17,1,1,,,,36.7,0,0,0,679.0
6,18,1,1,,,,37.9,0,0,0,490.0
6,19,1,1,,,,37.4,0,0,0,195.0
6,20,1,1,,,,38.3,0,0,0,0.0
6,21,1,1,,,,37.6,0,0,0,0.0
6,22,1,1,,,,39.2,0,0,0,0.0
6,23,1,1,,,,38.9,0,0,0,0.0
6,24,1,1,,,,38.6,0,0,0,0.0
6,1,2,1,,,,38.8,0,0,0,0.0
6,2,2,1,,,,37.8,0,0,0,0.0
6,3,2,1,,,,37.5,0,0,0,0.0
6,4,2,1,,,,37.7,0,0,0,200.0
6,5,2,1,,,,36.5,0,0,0,465.0
6,6,2,1,,,,37.3,0,0,0,746.0
6,7,2,1,,,,37.6,0,0,0,835.0
6,8,2,1,,,,39.4,0,0,0,879.0
6,9,2,1,,,,51.9,0,0,0,900.0
6,10,2,1,,,,55.9,0,0,0,910.0
6,11,2,1,,,,60.0,0,0,0,912.0
6,12,2,1,,,,61.2,0,0,0,910.0
6,13,2,1,,,,52.5,0,0,0,904.0
6,14,2,1,,,,55.2,0,0,0,892.0
6,15,2,1,,,,55.6,0,0,0,868.0
6,16,2,1,,,,52.5,0,0,0,820.0
6,17,2,1,,,,49.8,0,0,0,723.0
6,18,2,1,,,,48.2,0,0,0,481.0
6,19,2,1,,,,44.6,0,0,0,172.0
6,20,2,1,,,,44.6,0,0,0,0.0
6,21,2,1,,,,43.0,0,0,0,0.0
6,22,2,1,,,,44.1,0,0,0,0.0
6,23,2,1,,,,42.6,0,0,0,0.0
6,24,2,1,,,,43.3,0,0,0,0.0
6,1,3,1,,,,41.2,0,0,0,0.0
6,2,3,1,,,,39.1,0,0,0,0.0
6,3,3,1,,,,39.2,0,0,0,0.0
6,4,3,1,,,,39.5,0,0,0,95.0
6,5,3,1,,,,39.0,0,0,0,243.0
6,6,3,1,,,,44.0,0,0,0,689.0
6,7,3,1,,,,41.5,0,0,0,839.0
6,8,3,1,,,,42.3,0,0,0,879.0
6,9,3,1,,,,50.8,0,0,0,901.0
6,10,3,1,,,,56.4,0,0,0,908.0
6,11,3,1,,,,57.6,0,0,0,909.0
6,12,3,1,,,,57.4,0,0,0,907.0
6,13,3,1,,,,53.9,0,0,0,901.0
6,14,3,1,,,,52.8,0,0,0,888.0
6,15,3,1,,,,54.7,0,0,0,863.0
6,16,3,1,,,,52.3,0,0,0,818.0
6,17,3,1,,,,50.5,0,0,0,734.0
6,18,3,1,,,,50.2,0,0,0,564.0
6,19,3,1,,,,44.4,0,0,0,238.0
6,20,3,1,,,,40.4,0,0,0,0.0
6,21,3,1,,,,43.6,0,0,0,0.0
6,22,3,1,,,,42.1,0,0,0,0.0
6,23,3,1,,,,42.2,0,0,0,0.0
6,24,3,1,,,,41.0,0,0,0,0.0
6,1,4,1,,,,42.2,0,0,0,0.0
6,2,4,1,,,,38.6,0,0,0,0.0
6,3,4,1,,,,38.0,0,0,0,0.0
6,4,4,1,,,,37.1,0,0,0,54.0
6,5,4,1,,,,37.0,0,0,0,162.0
6,6,4,1,,,,41.2,0,0,0,447.0
6,7,4,1,,,,39.4,0,0,0,650.0
6,8,4,1,,,,40.6,0,0,0,757.0
6,9,4,1,,,,51.2,0,0,0,832.0
6,10,4,1,,,,55.9,0,0,0,877.0
6,11,4,1,,,,59.3,0,0,0,880.0
6,12,4,1,,,,59.8,0,0,0,882.0
6,13,4,1,,,,56.8,0,0,0,876.0
6,14,4,1,,,,59.0,0,0,0,863.0
6,15,4,1,,,,57.4,0,0,0,815.0
6,16,4,1,,,,57.9,0,0,0,743.0
6,17,4,1,,,,55.2,0,0,0,612.0
6,18,4,1,,,,48.5,0,0,0,409.0
6,19,4,1,,,,44.6,0,0,0,166.0
6,20,4,1,,,,40.7,0,0,0,0.0
6,21,4,1,,,,38.9,0,0,0,0.0
6,22,4,1,,,,38.4,0,0,0,0.0
6,23,4,1,,,,38.6,0,0,0,0.0
6,24,4,1,,,,40.0,0,0,0,0.0
6,1,5,1,,,,40.7,0,0,0,0.0
6,2,5,1,,,,40.2,0,0,0,0.0
6,3,5,1,,,,42.5,0,0,0,0.0
6,4,5,1,,,,43.5,0,0,0,37.0
6,5,5,1,,,,42.6,0,0,0,93.0
6,6,5,1,,,,43.4,0,0,0,426.0
6,7,5,1,,,,41.6,0,0,0,784.0
6,8,5,1,,,,44.5,0,0,0,860.0
6,9,5,1,,,,52.5,0,0,0,894.0
6,10,5,1,,,,56.2,0,0,0,903.0
6,11,5,1,,,,54.0,0,0,0,904.0
6,12,5,1,,,,53.3,0,0,0,899.0
6,13,5,1,,,,50.6,0,0,0,890.0
6,14,5,1,,,,52.1,0,0,0,873.0
6,15,5,1,,,,53.8,0,0,0,843.0
6,16,5,1,,,,54.6,0,0,0,791.0
6,17,5,1,,,,53.2,0,0,0,694.0
6,18,5,1,,,,47.1,0,0,0,494.0
6,19,5,1,,,,43.1,0,0,0,183.0
6,20,5,1,,,,41.0,0,0,0,0.0
6,21,5,1,,,,39.1,0,0,0,0.0
6,22,5,1,,,,38.7,0,0,0,0.0
6,23,5,1,,,,38.0,0,0,0,0.0
6,24,5,1,,,,37.6,0,0,0,0.0
6,1,6,1,,,,37.8,0,0,0,0.0
6,2,6,1,,,,37.9,0,0,0,0.0
6,3,6,1,,,,38.8,0,0,0,0.0
6,4,6,1,,,,39.8,0,0,0,81.0
6,5,6,1,,,,38.4,0,0,0,439.0
6,6,6,1,,,,39.4,0,0,0,680.0
6,7,6,1,,,,40.9,0,0,0,784.0
6,8,6,1,,,,45.2,0,0,0,836.0
6,9,6,1,,,,54.4,0,0,0,861.0
6,10,6,1,,,,60.0,0,0,0,872.0
6,11,6,1,,,,60.3,0,0,0,877.0
6,12,6,1,,,,57.8,0,0,0,881.0
6,13,6,1,,,,56.3,0,0,0,874.0
6,14,6,1,,,,56.2,0,0,0,860.0
6,15,6,1,,,,58.0,0,0,0,830.0
6,16,6,1,,,,58.2,0,0,0,777.0
6,17,6,1,,,,57.6,0,0,0,684.0
6,18,6,1,,,,54.3,0,0,0,507.0
6,19,6,1,,,,49.8,0,0,0,200.0
6,20,6,1,,,,46.2,0,0,0,0.0
6,21,6,1,,,,45.4,0,0,0,0.0
6,22,6,1,,,,45.4,0,0,0,0.0
6,23,6,1,,,,44.2,0,0,0,0.0
6,24,6,1,,,,46.2,0,0,0,0.0
6,1,7,1,,,,48.2,0,0,0,0.0
6,2,7,1,,,,45.5,0,0,0,0.0
6,3,7,1,,,,46.0,0,0,0,0.0
6,4,7,1,,,,45.7,0,0,0,61.0
6,5,7,1,,,,45.3,0,0,0,198.0
6,6,7,1,,,,47.2,0,0,0,657.0
6,7,7,1,,,,45.0,0,0,0,808.0
6,8,7,1,,,,46.0,0,0,0,861.0
6,9,7,1,,,,47.3,0,0,0,891.0
6,10,7,1,,,,45.8,0,0,0,906.0
6,11,7,1,,,,45.3,0,0,0,910.0
6,12,7,1,,,,44.6,0,0,0,908.0
6,13,7,1,,,,41.6,0,0,0,897.0
6,14,7,1,,,,39.2,0,0,0,865.0
6,15,7,1,,,,38.0,0,0,0,826.0
6,16,7,1,,,,38.3,0,0,0,792.0
6,17,7,1,,,,38.2,0,0,0,701.0
6,18,7,1,,,,39.2,0,0,0,471.0
6,19,7,1,,,,38.9,0,0,0,92.0
6,20,7,1,,,,39.0,0,0,0,0.0
6,21,7,1,,,,39.4,0,0,0,0.0
6,22,7,1,,,,39.0,0,0,0,0.0
6,23,7,1,,,,39.0,0,0,0,0.0
6,24,7,1,,,,39.1,0,0,0,0.0
6,1,1,1,,,,40.2,0,0,0,0.0
6,2,1,1,,,,42.8,0,0,0,0.0
6,3,1,1,,,,42.7,0,0,0,0.0
6,4,1,1,,,,42.4,0,0,0,9.0
6,5,1,1,,,,39.1,0,0,0,46.0
6,6,1,1,,,,38.2,0,0,0,116.0
6,7,1,1,,,,37.1,0,0,0,215.0
6,8,1,1,,,,37.1,0,0,0,375.0
6,9,1,1,,,,37.4,0,0,0,613.0
6,10,1,1,,,,39.3,0,0,0,768.0
6,11,1,1,,,,41.2,0,0,0,806.0
6,12,1,1,,,,40.6,0,0,0,833.0
6,13,1,1,,,,39.8,0,0,0,840.0
6,14,1,1,,,,41.7,0,0,0,838.0
6,15,1,1,,,,41.0,0,0,0,816.0
6,16,1,1,,,,40.4,0,0,0,781.0
6,17,1,1,,,,41.6,0,0,0,698.0
6,18,1,1,,,,41.0,0,0,0,512.0
6,19,1,1,,,,44.1,0,0,0,195.0
6,20,1,1,,,,42.3,0,0,0,0.0
6,21,1,1,,,,42.8,0,0,0,0.0
6,22,1,1,,,,42.3,0,0,0,0.0
6,23,1,1,,,,42.6,0,0,0,0.0
6,24,1,1,,,,42.6,0,0,0,0.0
6,1,2,1,,,,42.7,0,0,0,0.0
6,2,2,1,,,,41.8,0,0,0,0.0
6,3,2,1,,,,40.4,0,0,0,0.0
6,4,2,1,,,,41.5,0,0,0,14.0
6,5,2,1,,,,40.8,0,0,0,61.0
6,6,2,1,,,,40.1,0,0,0,138.0
6,7,2,1,,,,39.0,0,0,0,216.0
6,8,2,1,,,,43.5,0,0,0,318.0
6,9,2,1,,,,54.0,0,0,0,419.0
6,10,2,1,,,,61.6,0,0,0,501.0
6,11,2,1,,,,65.2,0,0,0,567.0
6,12,2,1,,,,66.8,0,0,0,609.0
6,13,2,1,,,,64.0,0,0,0,698.0
6,14,2,1,,,,65.9,0,0,0,727.0
6,15,2,1,,,,65.0,0,0,0,752.0
6,16,2,1,,,,63.0,0,0,0,703.0
6,17,2,1,,,,58.6,0,0,0,594.0
6,18,2,1,,,,55.8,0,0,0,239.0
6,19,2,1,,,,48.5,0,0,0,74.0
6,20,2,1,,,,44.3,0,0,0,0.0
6,21,2,1,,,,41.9,0,0,0,0.0
6,22,2,1,,,,40.7,0,0,0,0.0
6,23,2,1,,,,41.4,0,0,0,0.0
6,24,2,1,,,,44.0,0,0,0,0.0
6,1,3,1,,,,44.1,0,0,0,0.0
6,2,3,1,,,,41.5,0,0,0,0.0
6,3,3,1,,,,41.0,0,0,0,0.0
6,4,3,1,,,,40.4,0,0,0,28.0
6,5,3,1,,,,41.6,0,0,0,98.0
6,6,3,1,,,,47.4,0,0,0,173.0
6,7,3,1,,,,44.8,0,0,0,236.0
6,8,3,1,,,,44.8,0,0,0,256.0
6,9,3,1,,,,56.4,0,0,0,279.0
6,10,3,1,,,,56.9,0,0,0,349.0
6,11,3,1,,,,60.8,0,0,0,445.0
6,12,3,1,,,,58.8,0,0,0,539.0
6,13,3,1,,,,56.8,0,0,0,525.0
6,14,3,1,,,,57.9,0,0,0,450.0
6,15,3,1,,,,58.3,0,0,0,310.0
6,16,3,1,,,,57.1,0,0,0,254.0
6,17,3,1,,,,54.5,0,0,0,236.0
6,18,3,1,,,,48.3,0,0,0,186.0
6,19,3,1,,,,43.5,0,0,0,81.0
6,20,3,1,,,,42.7,0,0,0,0.0
6,21,3,1,,,,41.8,0,0,0,0.0
6,22,3,1,,,,40.3,0,0,0,0.0
6,23,3,1,,,,38.6,0,0,0,0.0
6,24,3,1,,,,41.4,0,0,0,0.0
6,1,4,1,,,,41.2,0,0,0,0.0
6,2,4,1,,,,38.4,0,0,0,0.0
6,3,4,1,,,,38.9,0,0,0,0.0
6,4,4,1,,,,39.6,0,0,0,14.0
6,5,4,1,,,,38.1,0,0,0,108.0
6,6,4,1,,,,42.3,0,0,0,212.0
6,7,4,1,,,,39.8,0,0,0,311.0
6,8,4,1,,,,42.5,0,0,0,313.0
6,9,4,1,,,,50.0,0,0,0,362.0
6,10,4,1,,,,57.0,0,0,0,508.0
6,11,4,1,,,,60.8,0,0,0,620.0
6,12,4,1,,,,64.3,0,0,0,525.0
6,13,4,1,,,,59.4,0,0,0,376.0
6,14,4,1,,,,56.7,0,0,0,269.0
6,15,4,1,,,,59.9,0,0,0,176.0
6,16,4,1,,,,62.3,0,0,0,76.0
6,17,4,1,,,,57.1,0,0,0,36.0
6,18,4,1,,,,53.1,0,0,0,19.0
6,19,4,1,,,,48.2,0,0,0,2.0
6,20,4,1,,,,44.4,0,0,0,0.0
6,21,4,1,,,,44.0,0,0,0,0.0
6,22,4,1,,,,44.9,0,0,0,0.0
6,23,4,1,,,,43.6,0,0,0,0.0
6,24,4,1,,,,42.8,0,0,0,0.0
6,1,5,1,,,,42.4,0,0,0,0.0
6,2,5,1,,,,42.3,0,0,0,0.0
6,3,5,1,,,,42.8,0,0,0,0.0
6,4,5,1,,,,42.7,0,0,0,15.0
6,5,5,1,,,,41.1,0,0,0,82.0
6,6,5,1,,,,40.9,0,0,0,106.0
6,7,5,1,,,,41.6,0,0,0,102.0
6,8,5,1,,,,44.8,0,0,0,154.0
6,9,5,1,,,,50.6,0,0,0,242.0
6,10,5,1,,,,56.6,0,0,0,298.0
6,11,5,1,,,,58.3,0,0,0,362.0
6,12,5,1,,,,58.7,0,0,0,441.0
6,13,5,1,,,,56.2,0,0,0,644.0
6,14,5,1,,,,58.9,0,0,0,545.0
6,15,5,1,,,,59.6,0,0,0,199.0
6,16,5,1,,,,55.2,0,0,0,152.0
6,17,5,1,,,,54.6,0,0,0,206.0
6,18,5,1,,,,52.6,0,0,0,233.0
6,19,5,1,,,,45.7,0,0,0,111.0
6,20,5,1,,,,41.5,0,0,0,0.0
6,21,5,1,,,,39.4,0,0,0,0.0
6,22,5,1,,,,40.4,0,0,0,0.0
6,23,5,1,,,,40.5,0,0,0,0.0
6,24,5,1,,,,42.9,0,0,0,0.0
6,1,6,1,,,,43.4,0,0,0,0.0
6,2,6,1,,,,41.2,0,0,0,0.0
6,3,6,1,,,,41.5,0,0,0,0.0
6,4,6,1,,,,42.2,0,0,0,99.0
6,5,6,1,,,,39.4,0,0,0,183.0
6,6,6,1,,,,43.8,0,0,0,217.0
6,7,6,1,,,,42.8,0,0,0,299.0
6,8,6,1,,,,44.5,0,0,0,427.0
6,9,6,1,,,,49.6,0,0,0,509.0
6,10,6,1,,,,53.3,0,0,0,447.0
6,11,6,1,,,,52.6,0,0,0,408.0
6,12,6,1,,,,52.0,0,0,0,484.0
6,13,6,1,,,,52.4,0,0,0,704.0
6,14,6,1,,,,54.5,0,0,0,714.0
6,15,6,1,,,,56.3,0,0,0,701.0
6,16,6,1,,,,57.5,0,0,0,719.0
6,17,6,1,,,,52.1,0,0,0,668.0
6,18,6,1,,,,48.3,0,0,0,486.0
6,19,6,1,,,,43.5,0,0,0,165.0
6,20,6,1,,,,42.6,0,0,0,0.0
6,21,6,1,,,,40.8,0,0,0,0.0
6,22,6,1,,,,40.9,0,0,0,0.0
6,23,6,1,,,,40.3,0,0,0,0.0
6,24,6,1,,,,43.2,0,0,0,0.0
6,1,7,1,,,,42.0,0,0,0,0.0
6,2,7,1,,,,40.3,0,0,0,0.0
6,3,7,1,,,,40.1,0,0,0,0.0
6,4,7,1,,,,40.1,0,0,0,54.0
6,5,7,1,,,,39.2,0,0,0,443.0
6,6,7,1,,,,42.3,0,0,0,659.0
6,7,7,1,,,,39.4,0,0,0,638.0
6,8,7,1,,,,40.2,0,0,0,605.0
6,9,7,1,,,,41.2,0,0,0,683.0
6,10,7,1,,,,40.8,0,0,0,748.0
6,11,7,1,,,,41.3,0,0,0,741.0
6,12,7,1,,,,40.4,0,0,0,712.0
6,13,7,1,,,,36.9,0,0,0,647.0
6,14,7,1,,,,37.5,0,0,0,529.0
6,15,7,1,,,,39.6,0,0,0,412.0
6,16,7,1,,,,40.3,0,0,0,276.0
6,17,7,1,,,,39.6,0,0,0,399.0
6,18,7,1,,,,39.2,0,0,0,393.0
6,19,7,1,,,,38.6,0,0,0,152.0
6,20,7,1,,,,37.6,0,0,0,0.0
6,21,7,1,,,,38.1,0,0,0,0.0
6,22,7,1,,,,38.8,0,0,0,0.0
6,23,7,1,,,,38.4,0,0,0,0.0
6,24,7,1,,,,38.8,0,0,0,0.0
6,1,1,1,,,,38.2,0,0,0,0.0
6,2,1,1,,,,38.3,0,0,0,0.0
6,3,1,1,,,,37.0,0,0,0,0.0
6,4,1,1,,,,37.4,0,0,0,52.0
6,5,1,1,,,,38.6,0,0,0,141.0
6,6,1,1,,,,37.9,0,0,0,334.0
6,7,1,1,,,,37.1,0,0,0,509.0
6,8,1,1,,,,39.5,0,0,0,547.0
6,9,1,1,,,,40.8,0,0,0,497.0
6,10,1,1,,,,35.6,0,0,0,393.0
6,11,1,1,,,,36.2,0,0,0,319.0
6,12,1,1,,,,36.3,0,0,0,290.0
6,13,1,1,,,,37.1,0,0,0,341.0
6,14,1,1,,,,39.7,0,0,0,356.0
6,15,1,1,,,,39.8,0,0,0,476.0
6,16,1,1,,,,39.4,0,0,0,628.0
6,17,1,1,,,,39.6,0,0,0,521.0
6,18,1,1,,,,39.4,0,0,0,291.0
6,19,1,1,,,,38.8,0,0,0,75.0
6,20,1,1,,,,38.9,0,0,0,0.0
6,21,1,1,,,,38.6,0,0,0,0.0
6,22,1,1,,,,39.1,0,0,0,0.0
6,23,1,1,,,,38.9,0,0,0,0.0
6,24,1,1,,,,39.0,0,0,0,0.0
6,1,2,1,,,,38.9,0,0,0,0.0
6,2,2,1,,,,38.6,0,0,0,0.0
6,3,2,1,,,,39.0,0,0,0,0.0
6,4,2,1,,,,38.6,0,0,0,42.0
6,5,2,1,,,,37.6,0,0,0,379.0
6,6,2,1,,,,37.6,0,0,0,458.0
6,7,2,1,,,,39.4,0,0,0,123.0
6,8,2,1,,,,41.2,0,0,0,160.0
6,9,2,1,,,,47.5,0,0,0,190.0
6,10,2,1,,,,53.5,0,0,0,203.0
6,11,2,1,,,,54.8,0,0,0,217.0
6,12,2,1,,,,57.2,0,0,0,281.0
6,13,2,1,,,,55.0,0,0,0,418.0
6,14,2,1,,,,56.4,0,0,0,306.0
6,15,2,1,,,,56.8,0,0,0,153.0
6,16,2,1,,,,54.8,0,0,0,109.0
6,17,2,1,,,,54.6,0,0,0,90.0
6,18,2,1,,,,47.6,0,0,0,51.0
6,19,2,1,,,,41.8,0,0,0,8.0
6,20,2,1,,,,39.1,0,0,0,0.0
6,21,2,1,,,,37.6,0,0,0,0.0
6,22,2,1,,,,38.0,0,0,0,0.0
6,23,2,1,,,,38.2,0,0,0,0.0
6,24,2,1,,,,41.0,0,0,0,0.0
6,1,3,1,,,,40.1,0,0,0,0.0
6,2,3,1,,,,37.3,0,0,0,0.0
6,3,3,1,,,,38.1,0,0,0,0.0
6,4,3,1,,,,37.5,0,0,0,48.0
6,5,3,1,,,,36.5,0,0,0,244.0
6,6,3,1,,,,39.9,0,0,0,461.0
6,7,3,1,,,,37.2,0,0,0,540.0
6,8,3,1,,,,38.1,0,0,0,527.0
6,9,3,1,,,,44.8,0,0,0,512.0
6,10,3,1,,,,49.9,0,0,0,648.0
6,11,3,1,,,,55.5,0,0,0,712.0
6,12,3,1,,,,58.2,0,0,0,760.0
6,13,3,1,,,,56.9,0,0,0,705.0
6,14,3,1,,,,60.3,0,0,0,603.0
6,15,3,1,,,,61.0,0,0,0,345.0
6,16,3,1,,,,61.5,0,0,0,247.0
6,17,3,1,,,,60.2,0,0,0,226.0
6,18,3,1,,,,54.2,0,0,0,149.0
6,19,3,1,,,,44.4,0,0,0,40.0
6,20,3,1,,,,41.8,0,0,0,0.0
6,21,3,1,,,,39.6,0,0,0,0.0
6,22,3,1,,,,39.8,0,0,0,0.0
6,23,3,1,,,,40.0,0,0,0,0.0
6,24,3,1,,,,41.6,0,0,0,0.0
6,1,4,1,,,,41.8,0,0,0,0.0
6,2,4,1,,,,39.3,0,0,0,0.0
6,3,4,1,,,,38.8,0,0,0,0.0
6,4,4,1,,,,38.7,0,0,0,49.0
6,5,4,1,,,,38.0,0,0,0,303.0
6,6,4,1,,,,41.2,0,0,0,355.0
6,7,4,1,,,,39.1,0,0,0,413.0
6,8,4,1,,,,41.2,0,0,0,462.0
6,9,4,1,,,,49.1,0,0,0,516.0
6,10,4,1,,,,57.2,0,0,0,601.0
6,11,4,1,,,,61.4,0,0,0,652.0
6,12,4,1,,,,65.7,0,0,0,628.0
6,13,4,1,,,,57.0,0,0,0,540.0
6,14,4,1,,,,59.0,0,0,0,495.0
6,15,4,1,,,,59.1,0,0,0,424.0
6,16,4,1,,,,58.8,0,0,0,240.0
6,17,4,1,,,,59.2,0,0,0,128.0
6,18,4,1,,,,55.2,0,0,0,56.0
6,19,4,1,,,,48.5,0,0,0,14.0
6,20,4,1,,,,44.5,0,0,0,0.0
6,21,4,1,,,,43.6,0,0,0,0.0
6,22,4,1,,,,43.2,0,0,0,0.0
6,23,4,1,,,,42.5,0,0,0,0.0
6,24,4,1,,,,44.8,0,0,0,0.0
6,1,5,1,,,,44.6,0,0,0,0.0
6,2,5,1,,,,41.2,0,0,0,0.0
6,3,5,1,,,,40.9,0,0,0,0.0
6,4,5,1,,,,40.0,0,0,0,19.0
6,5,5,1,,,,39.0,0,0,0,58.0
6,6,5,1,,,,42.0,0,0,0,120.0
6,7,5,1,,,,40.0,0,0,0,191.0
6,8,5,1,,,,41.6,0,0,0,288.0
6,9,5,1,,,,49.0,0,0,0,438.0
6,10,5,1,,,,53.5,0,0,0,634.0
6,11,5,1,,,,56.0,0,0,0,735.0
6,12,5,1,,,,58.2,0,0,0,617.0
6,13,5,1,,,,58.3,0,0,0,273.0
6,14,5,1,,,,60.5,0,0,0,157.0
6,15,5,1,,,,60.0,0,0,0,150.0
6,16,5,1,,,,56.9,0,0,0,119.0
6,17,5,1,,,,57.9,0,0,0,54.0
6,18,5,1,,,,48.6,0,0,0,29.0
6,19,5,1,,,,44.8,0,0,0,8.0
6,20,5,1,,,,42.0,0,0,0,0.0
6,21,5,1,,,,40.0,0,0,0,0.0
6,22,5,1,,,,40.5,0,0,0,0.0
6,23,5,1,,,,40.0,0,0,0,0.0
6,24,5,1,,,,39.9,0,0,0,0.0
6,1,6,1,,,,39.4,0,0,0,0.0
6,2,6,1,,,,39.5,0,0,0,0.0
6,3,6,1,,,,39.4,0,0,0,0.0
6,4,6,1,,,,39.3,0,0,0,11.0
6,5,6,1,,,,38.6,0,0,0,35.0
6,6,6,1,,,,38.2,0,0,0,79.0
6,7,6,1,,,,39.0,0,0,0,133.0
6,8,6,1,,,,42.0,0,0,0,198.0
6,9,6,1,,,,49.2,0,0,0,281.0
6,10,6,1,,,,58.4,0,0,0,379.0
6,11,6,1,,,,58.7,0,0,0,415.0
6,12,6,1,,,,60.0,0,0,0,387.0
6,13,6,1,,,,58.0,0,0,0,405.0
6,14,6,1,,,,60.6,0,0,0,418.0
6,15,6,1,,,,59.7,0,0,0,465.0
6,16,6,1,,,,54.1,0,0,0,420.0
6,17,6,1,,,,51.3,0,0,0,303.0
6,18,6,1,,,,47.6,0,0,0,246.0
6,19,6,1,,,,45.6,0,0,0,86.0
6,20,6,1,,,,43.6,0,0,0,0.0
6,21,6,1,,,,42.0,0,0,0,0.0
6,22,6,1,,,,41.6,0,0,0,0.0
6,23,6,1,,,,41.4,0,0,0,0.0
6,24,6,1,,,,40.8,0,0,0,0.0
6,1,7,1,,,,39.6,0,0,0,0.0
6,2,7,1,,,,39.0,0,0,0,0.0
6,3,7,1,,,,39.4,0,0,0,0.0
6,4,7,1,,,,39.1,0,0,0,8.0
6,5,7,1,,,,38.8,0,0,0,40.0
6,6,7,1,,,,38.8,0,0,0,124.0
6,7,7,1,,,,38.4,0,0,0,256.0
6,8,7,1,,,,39.1,0,0,0,451.0
6,9,7,1,,,,39.1,0,0,0,558.0
6,10,7,1,,,,39.5,0,0,0,721.0
6,11,7,1,,,,40.0,0,0,0,601.0
6,12,7,1,,,,40.5,0,0,0,636.0
6,13,7,1,,,,38.8,0,0,0,717.0
6,14,7,1,,,,39.9,0,0,0,742.0
6,15,7,1,,,,39.9,0,0,0,672.0
6,16,7,1,,,,39.0,0,0,0,578.0
6,17,7,1,,,,39.4,0,0,0,289.0
6,18,7,1,,,,39.7,0,0,0,154.0
6,19,7,1,,,,39.1,0,0,0,57.0
6,20,7,1,,,,38.1,0,0,0,0.0
6,21,7,1,,,,37.8,0,0,0,0.0
6,22,7,1,,,,38.4,0,0,0,0.0
6,23,7,1,,,,39.2,0,0,0,0.0
6,24,7,1,,,,39.0,0,0,0,0.0
6,1,1,1,,,,39.1,0,0,0,0.0
6,2,1,1,,,,39.1,0,0,0,0.0
6,3,1,1,,,,39.2,0,0,0,0.0
6,4,1,1,,,,39.0,0,0,0,54.0
6,5,1,1,,,,37.7,0,0,0,277.0
6,6,1,1,,,,37.3,0,0,0,555.0
6,7,1,1,,,,38.4,0,0,0,754.0
6,8,1,1,,,,37.8,0,0,0,806.0
6,9,1,1,,,,38.2,0,0,0,829.0
6,10,1,1,,,,40.8,0,0,0,818.0
6,11,1,1,,,,40.6,0,0,0,785.0
6,12,1,1,,,,39.7,0,0,0,744.0
6,13,1,1,,,,39.0,0,0,0,662.0
6,14,1,1,,,,41.2,0,0,0,548.0
6,15,1,1,,,,40.7,0,0,0,398.0
6,16,1,1,,,,41.2,0,0,0,300.0
6,17,1,1,,,,41.1,0,0,0,268.0
6,18,1,1,,,,40.6,0,0,0,208.0
6,19,1,1,,,,40.6,0,0,0,55.0
6,20,1,1,,,,39.4,0,0,0,0.0
6,21,1,1,,,,39.2,0,0,0,0.0
6,22,1,1,,,,39.8,0,0,0,0.0
6,23,1,1,,,,40.1,0,0,0,0.0
6,24,1,1,,,,39.4,0,0,0,0.0
6,1,2,1,,,,39.1,0,0,0,0.0
6,2,2,1,,,,39.0,0,0,0,0.0
6,3,2,1,,,,39.1,0,0,0,0.0
6,4,2,1,,,,39.2,0,0,0,86.0
6,5,2,1,,,,38.8,0,0,0,205.0
6,6,2,1,,,,39.1,0,0,0,275.0
6,7,2,1,,,,40.4,0,0,0,357.0
6,8,2,1,,,,45.6,0,0,0,513.0
6,9,2,1,,,,50.8,0,0,0,663.0
6,10,2,1,,,,57.5,0,0,0,765.0
6,11,2,1,,,,62.6,0,0,0,778.0
6,12,2,1,,,,62.6,0,0,0,717.0
6,13,2,1,,,,58.0,0,0,0,741.0
6,14,2,1,,,,59.2,0,0,0,688.0
6,15,2,1,,,,59.6,0,0,0,511.0
6,16,2,1,,,,57.3,0,0,0,319.0
6,17,2,1,,,,56.9,0,0,0,156.0
6,18,2,1,,,,51.8,0,0,0,72.0
6,19,2,1,,,,47.2,0,0,0,26.0
6,20,2,1,,,,45.5,0,0,0,0.0
6,21,2,1,,,,43.3,0,0,0,0.0
6,22,2,1,,,,43.2,0,0,0,0.0
6,23,2,1,,,,43.4,0,0,0,0.0
6,24,2,1,,,,43.6,0,0,0,0.0
6,1,3,1,,,,42.8,0,0,0,0.0
6,2,3,1,,,,44.0,0,0,0,0.0
6,3,3,1,,,,42.9,0,0,0,0.0
6,4,3,1,,,,41.0,0,0,0,233.0
6,5,3,1,,,,42.6,0,0,0,495.0
6,6,3,1,,,,40.9,0,0,0,717.0
6,7,3,1,,,,41.2,0,0,0,822.0
6,8,3,1,,,,44.3,0,0,0,859.0
6,9,3,1,,,,50.2,0,0,0,856.0
6,10,3,1,,,,55.0,0,0,0,861.0
6,11,3,1,,,,59.4,0,0,0,858.0
6,12,3,1,,,,54.4,0,0,0,843.0
6,13,3,1,,,,54.4,0,0,0,838.0
6,14,3,1,,,,55.4,0,0,0,811.0
6,15,3,1,,,,55.0,0,0,0,811.0
6,16,3,1,,,,55.4,0,0,0,732.0
6,17,3,1,,,,55.9,0,0,0,470.0
6,18,3,1,,,,50.2,0,0,0,159.0
6,19,3,1,,,,45.1,0,0,0,48.0
6,20,3,1,,,,42.6,0,0,0,0.0
6,21,3,1,,,,40.7,0,0,0,0.0
6,22,3,1,,,,41.4,0,0,0,0.0
6,23,3,1,,,,41.7,0,0,0,0.0
6,24,3,1,,,,40.6,0,0,0,0.0
6,1,4,1,,,,40.7,0,0,0,0.0
6,2,4,1,,,,39.6,0,0,0,0.0
6,3,4,1,,,,39.5,0,0,0,0.0
6,4,4,1,,,,39.4,0,0,0,40.0
6,5,4,1,,,,39.0,0,0,0,167.0
6,6,4,1,,,,37.9,0,0,0,361.0
6,7,4,1,,,,39.0,0,0,0,582.0
6,8,4,1,,,,43.7,0,0,0,721.0
6,9,4,1,,,,52.0,0,0,0,750.0
6,10,4,1,,,,54.1,0,0,0,781.0
6,11,4,1,,,,56.1,0,0,0,792.0
6,12,4,1,,,,56.6,0,0,0,751.0
6,13,4,1,,,,55.3,0,0,0,674.0
6,14,4,1,,,,55.0,0,0,0,476.0
6,15,4,1,,,,56.6,0,0,0,292.0
6,16,4,1,,,,57.0,0,0,0,146.0
6,17,4,1,,,,51.6,0,0,0,75.0
6,18,4,1,,,,48.8,0,0,0,39.0
6,19,4,1,,,,45.7,0,0,0,11.0
6,20,4,1,,,,42.6,0,0,0,0.0
6,21,4,1,,,,40.7,0,0,0,0.0
6,22,4,1,,,,42.5,0,0,0,0.0
6,23,4,1,,,,41.9,0,0,0,0.0
6,24,4,1,,,,41.1,0,0,0,0.0
6,1,5,1,,,,39.9,0,0,0,0.0
6,2,5,1,,,,39.9,0,0,0,0.0
6,3,5,1,,,,40.1,0,0,0,0.0
6,4,5,1,,,,40.4,0,0,0,27.0
6,5,5,1,,,,39.4,0,0,0,116.0
6,6,5,1,,,,38.9,0,0,0,348.0
6,7,5,1,,,,38.8,0,0,0,564.0
6,8,5,1,,,,44.0,0,0,0,652.0
6,9,5,1,,,,50.4,0,0,0,618.0
6,10,5,1,,,,57.0,0,0,0,531.0
6,11,5,1,,,,61.5,0,0,0,508.0
6,12,5,1,,,,60.2,0,0,0,600.0
6,13,5,1,,,,57.0,0,0,0,592.0
6,14,5,1,,,,56.9,0,0,0,430.0
6,15,5,1,,,,56.4,0,0,0,256.0
6,16,5,1,,,,54.5,0,0,0,168.0
6,17,5,1,,,,52.4,0,0,0,116.0
6,18,5,1,,,,49.6,0,0,0,55.0
6,19,5,1,,,,44.8,0,0,0,10.0
6,20,5,1,,,,43.2,0,0,0,0.0
6,21,5,1,,,,42.8,0,0,0,0.0
6,22,5,1,,,,42.7,0,0,0,0.0
6,23,5,1,,,,42.0,0,0,0,0.0
6,24,5,1,,,,42.1,0,0,0,0.0
6,1,6,1,,,,40.8,0,0,0,0.0
6,2,6,1,,,,40.3,0,0,0,0.0
6,3,6,1,,,,40.9,0,0,0,0.0
6,4,6,1,,,,40.5,0,0,0,22.0
6,5,6,1,,,,39.3,0,0,0,92.0
6,6,6,1,,,,39.4,0,0,0,144.0
6,7,6,1,,,,39.2,0,0,0,158.0
6,8,6,1,,,,42.8,0,0,0,164.0
6,9,6,1,,,,48.0,0,0,0,201.0
6,10,6,1,,,,52.6,0,0,0,271.0
6,11,6,1,,,,53.7,0,0,0,293.0
6,12,6,1,,,,54.7,0,0,0,217.0
6,13,6,1,,,,52.6,0,0,0,151.0
6,14,6,1,,,,55.2,0,0,0,189.0
6,15,6,1,,,,55.8,0,0,0,132.0
6,16,6,1,,,,58.2,0,0,0,71.0
6,17,6,1,,,,56.6,0,0,0,34.0
6,18,6,1,,,,48.9,0,0,0,42.0
6,19,6,1,,,,42.6,0,0,0,25.0
6,20,6,1,,,,39.6,0,0,0,0.0
6,21,6,1,,,,39.4,0,0,0,0.0
6,22,6,1,,,,40.4,0,0,0,0.0
6,23,6,1,,,,38.8,0,0,0,0.0
6,24,6,1,,,,37.8,0,0,0,0.0
6,1,7,1,,,,37.7,0,0,0,0.0
6,2,7,1,,,,38.0,0,0,0,0.0
6,3,7,1,,,,37.6,0,0,0,0.0
6,4,7,1,,,,37.4,0,0,0,29.0
6,5,7,1,,,,36.9,0,0,0,131.0
6,6,7,1,,,,36.4,0,0,0,244.0
6,7,7,1,,,,36.1,0,0,0,521.0
6,8,7,1,,,,36.8,0,0,0,807.0
6,9,7,1,,,,37.2,0,0,0,846.0
6,10,7,1,,,,37.0,0,0,0,851.0
6,11,7,1,,,,36.9,0,0,0,842.0
6,12,7,1,,,,37.0,0,0,0,841.0
6,13,7,1,,,,35.0,0,0,0,845.0
6,14,7,1,,,,36.5,0,0,0,824.0
6,15,7,1,,,,37.2,0,0,0,596.0
6,16,7,1,,,,38.2,0,0,0,293.0
6,17,7,1,,,,38.8,0,0,0,160.0
6,18,7,1,,,,38.2,0,0,0,105.0
6,19,7,1,,,,38.5,0,0,0,40.0
6,20,7,1,,,,38.8,0,0,0,0.0
6,21,7,1,,,,38.4,0,0,0,0.0
6,22,7,1,,,,40.1,0,0,0,0.0
6,23,7,1,,,,40.2,0,0,0,0.0
6,24,7,1,,,,39.2,0,0,0,0.0
6,1,1,1,,,,38.2,0,0,0,0.0
6,2,1,1,,,,38.4,0,0,0,0.0
6,3,1,1,,,,38.0,0,0,0,0.0
6,4,1,1,,,,38.2,0,0,0,58.0
6,5,1,1,,,,37.5,0,0,0,209.0
6,6,1,1,,,,36.8,0,0,0,475.0
6,7,1,1,,,,36.9,0,0,0,655.0
6,8,1,1,,,,36.9,0,0,0,770.0
6,9,1,1,,,,36.3,0,0,0,805.0
6,10,1,1,,,,38.0,0,0,0,836.0
6,11,1,1,,,,40.0,0,0,0,839.0
6,12,1,1,,,,39.9,0,0,0,832.0
6,13,1,1,,,,39.2,0,0,0,817.0
6,14,1,1,,,,41.6,0,0,0,793.0
6,15,1,1,,,,42.1,0,0,0,755.0
6,16,1,1,,,,42.8,0,0,0,680.0
6,17,1,1,,,,42.1,0,0,0,519.0
6,18,1,1,,,,41.8,0,0,0,229.0
6,19,1,1,,,,40.6,0,0,0,49.0
6,20,1,1,,,,40.2,0,0,0,0.0
6,21,1,1,,,,39.6,0,0,0,0.0
6,22,1,1,,,,40.5,0,0,0,0.0
6,23,1,1,,,,40.2,0,0,0,0.0
6,24,1,1,,,,38.9,0,0,0,0.0
7,1,2,1,,,,38.9,0,0,0,0.0
7,2,2,1,,,,38.7,0,0,0,0.0
7,3,2,1,,,,38.3,0,0,0,0.0
7,4,2,1,,,,38.2,0,0,0,41.0
7,5,2,1,,,,37.4,0,0,0,179.0
7,6,2,1,,,,37.0,0,0,0,338.0
7,7,2,1,,,,38.7,0,0,0,610.0
7,8,2,1,,,,40.1,0,0,0,765.0
7,9,2,1,,,,47.8,0,0,0,854.0
7,10,2,1,,,,51.8,0,0,0,883.0
7,11,2,1,,,,54.6,0,0,0,765.0
7,12,2,1,,,,54.7,0,0,0,556.0
7,13,2,1,,,,54.4,0,0,0,607.0
7,14,2,1,,,,55.6,0,0,0,670.0
7,15,2,1,,,,56.4,0,0,0,633.0
7,16,2,1,,,,54.4,0,0,0,326.0
7,17,2,1,,,,51.5,0,0,0,237.0
7,18,2,1,,,,44.8,0,0,0,74.0
7,19,2,1,,,,41.1,0,0,0,12.0
7,20,2,1,,,,38.5,0,0,0,0.0
7,21,2,1,,,,37.8,0,0,0,0.0
7,22,2,1,,,,38.2,0,0,0,0.0
7,23,2,1,,,,37.8,0,0,0,0.0
7,24,2,1,,,,37.4,0,0,0,0.0
7,1,3,1,,,,37.2,0,0,0,0.0
7,2,3,1,,,,37.8,0,0,0,0.0
7,3,3,1,,,,37.3,0,0,0,0.0
7,4,3,1,,,,37.4,0,0,0,72.0
7,5,3,1,,,,37.2,0,0,0,232.0
7,6,3,1,,,,36.0,0,0,0,228.0
7,7,3,1,,,,35.9,0,0,0,197.0
7,8,3,1,,,,38.5,0,0,0,269.0
7,9,3,1,,,,47.4,0,0,0,421.0
7,10,3,1,,,,52.2,0,0,0,596.0
7,11,3,1,,,,55.6,0,0,0,649.0
7,12,3,1,,,,54.2,0,0,0,689.0
7,13,3,1,,,,53.5,0,0,0,644.0
7,14,3,1,,,,55.0,0,0,0,485.0
7,15,3,1,,,,57.7,0,0,0,297.0
7,16,3,1,,,,58.1,0,0,0,134.0
7,17,3,1,,,,56.3,0,0,0,85.0
7,18,3,1,,,,53.3,0,0,0,56.0
7,19,3,1,,,,48.9,0,0,0,9.0
7,20,3,1,,,,45.5,0,0,0,0.0
7,21,3,1,,,,45.2,0,0,0,0.0
7,22,3,1,,,,46.3,0,0,0,0.0
7,23,3,1,,,,42.5,0,0,0,0.0
7,24,3,1,,,,41.2,0,0,0,0.0
7,1,4,1,,,,41.4,0,0,0,0.0
7,2,4,1,,,,41.2,0,0,0,0.0
7,3,4,1,,,,40.4,0,0,0,0.0
7,4,4,1,,,,40.2,0,0,0,8.0
7,5,4,1,,,,39.7,0,0,0,38.0
7,6,4,1,,,,39.3,0,0,0,117.0
7,7,4,1,,,,40.4,0,0,0,216.0
7,8,4,1,,,,45.5,0,0,0,306.0
7,9,4,1,,,,51.0,0,0,0,371.0
7,10,4,1,,,,57.1,0,0,0,425.0
7,11,4,1,,,,60.8,0,0,0,520.0
7,12,4,1,,,,60.8,0,0,0,570.0
7,13,4,1,,,,60.0,0,0,0,516.0
7,14,4,1,,,,63.0,0,0,0,443.0
7,15,4,1,,,,62.8,0,0,0,316.0
7,16,4,1,,,,59.1,0,0,0,277.0
7,17,4,1,,,,53.7,0,0,0,199.0
7,18,4,1,,,,47.2,0,0,0,110.0
7,19,4,1,,,,44.3,0,0,0,33.0
7,20,4,1,,,,42.5,0,0,0,0.0
7,21,4,1,,,,41.2,0,0,0,0.0
7,22,4,1,,,,43.4,0,0,0,0.0
7,23,4,1,,,,41.5,0,0,0,0.0
7,24,4,1,,,,40.2,0,0,0,0.0
7,1,5,1,,,,40.0,0,0,0,0.0
7,2,5,1,,,,39.7,0,0,0,0.0
7,3,5,1,,,,39.5,0,0,0,0.0
7,4,5,1,,,,39.2,0,0,0,225.0
7,5,5,1,,,,38.4,0,0,0,519.0
7,6,5,1,,,,38.2,0,0,0,626.0
7,7,5,1,,,,38.6,0,0,0,533.0
7,8,5,1,,,,42.0,0,0,0,508.0
7,9,5,1,,,,51.2,0,0,0,568.0
7,10,5,1,,,,58.2,0,0,0,646.0
7,11,5,1,,,,60.6,0,0,0,721.0
7,12,5,1,,,,65.8,0,0,0,815.0
7,13,5,1,,,,60.1,0,0,0,808.0
7,14,5,1,,,,60.8,0,0,0,758.0
7,15,5,1,,,,63.6,0,0,0,676.0
7,16,5,1,,,,61.4,0,0,0,528.0
7,17,5,1,,,,55.8,0,0,0,368.0
7,18,5,1,,,,49.0,0,0,0,315.0
7,19,5,1,,,,44.4,0,0,0,117.0
7,20,5,1,,,,41.4,0,0,0,0.0
7,21,5,1,,,,40.6,0,0,0,0.0
7,22,5,1,,,,42.8,0,0,0,0.0
7,23,5,1,,,,41.0,0,0,0,0.0
7,24,5,1,,,,42.0,0,0,0,0.0
7,1,6,1,,,,42.2,0,0,0,0.0
7,2,6,1,,,,40.0,0,0,0,0.0
7,3,6,1,,,,39.4,0,0,0,0.0
7,4,6,1,,,,39.2,0,0,0,165.0
7,5,6,1,,,,42.2,0,0,0,468.0
7,6,6,1,,,,44.6,0,0,0,670.0
7,7,6,1,,,,42.1,0,0,0,769.0
7,8,6,1,,,,44.2,0,0,0,818.0
7,9,6,1,,,,49.0,0,0,0,820.0
7,10,6,1,,,,56.4,0,0,0,835.0
7,11,6,1,,,,57.9,0,0,0,839.0
7,12,6,1,,,,57.2,0,0,0,803.0
7,13,6,1,,,,54.5,0,0,0,786.0
7,14,6,1,,,,55.1,0,0,0,754.0
7,15,6,1,,,,57.8,0,0,0,733.0
7,16,6,1,,,,55.4,0,0,0,655.0
7,17,6,1,,,,53.8,0,0,0,522.0
7,18,6,1,,,,49.6,0,0,0,298.0
7,19,6,1,,,,43.0,0,0,0,80.0
7,20,6,1,,,,41.0,0,0,0,0.0
7,21,6,1,,,,39.1,0,0,0,0.0
7,22,6,1,,,,38.9,0,0,0,0.0
7,23,6,1,,,,38.4,0,0,0,0.0
7,24,6,1,,,,37.7,0,0,0,0.0
7,1,7,1,,,,37.5,0,0,0,0.0
7,2,7,1,,,,37.3,0,0,0,0.0
7,3,7,1,,,,37.7,0,0,0,0.0
7,4,7,1,,,,38.0,0,0,0,78.0
7,5,7,1,,,,36.6,0,0,0,265.0
7,6,7,1,,,,35.6,0,0,0,563.0
7,7,7,1,,,,39.5,0,0,0,709.0
7,8,7,1,,,,40.8,0,0,0,775.0
7,9,7,1,,,,40.6,0,0,0,808.0
7,10,7,1,,,,41.2,0,0,0,821.0
7,11,7,1,,,,39.0,0,0,0,824.0
7,12,7,1,,,,38.8,0,0,0,841.0
7,13,7,1,,,,37.7,0,0,0,827.0
7,14,7,1,,,,39.9,0,0,0,804.0
7,15,7,1,,,,40.2,0,0,0,752.0
7,16,7,1,,,,40.6,0,0,0,679.0
7,17,7,1,,,,40.7,0,0,0,544.0
7,18,7,1,,,,39.6,0,0,0,324.0
7,19,7,1,,,,39.0,0,0,0,87.0
7,20,7,1,,,,39.2,0,0,0,0.0
7,21,7,1,,,,37.7,0,0,0,0.0
7,22,7,1,,,,38.6,0,0,0,0.0
7,23,7,1,,,,38.4,0,0,0,0.0
7,24,7,1,,,,37.3,0,0,0,0.0
7,1,1,1,,,,37.6,0,0,0,0.0
7,2,1,1,,,,37.0,0,0,0,0.0
7,3,1,1,,,,37.1,0,0,0,0.0
7,4,1,1,,,,37.1,0,0,0,120.0
7,5,1,1,,,,35.8,0,0,0,378.0
7,6,1,1,,,,35.2,0,0,0,589.0
7,7,1,1,,,,35.3,0,0,0,707.0
7,8,1,1,,,,36.1,0,0,0,768.0
7,9,1,1,,,,37.1,0,0,0,808.0
7,10,1,1,,,,37.6,0,0,0,822.0
7,11,1,1,,,,39.8,0,0,0,825.0
7,12,1,1,,,,40.4,0,0,0,836.0
7,13,1,1,,,,38.4,0,0,0,824.0
7,14,1,1,,,,40.8,0,0,0,803.0
7,15,1,1,,,,41.4,0,0,0,764.0
7,16,1,1,,,,42.6,0,0,0,704.0
7,17,1,1,,,,42.5,0,0,0,598.0
7,18,1,1,,,,42.9,0,0,0,413.0
7,19,1,1,,,,41.5,0,0,0,134.0
7,20,1,1,,,,40.1,0,0,0,0.0
7,21,1,1,,,,39.6,0,0,0,0.0
7,22,1,1,,,,41.1,0,0,0,0.0
7,23,1,1,,,,40.8,0,0,0,0.0
7,24,1,1,,,,39.7,0,0,0,0.0
7,1,2,1,,,,39.6,0,0,0,0.0
7,2,2,1,,,,38.5,0,0,0,0.0
7,3,2,1,,,,37.8,0,0,0,0.0
7,4,2,1,,,,37.4,0,0,0,164.0
7,5,2,1,,,,36.8,0,0,0,446.0
7,6,2,1,,,,36.2,0,0,0,633.0
7,7,2,1,,,,36.4,0,0,0,737.0
7,8,2,1,,,,39.9,0,0,0,793.0
7,9,2,1,,,,47.4,0,0,0,823.0
7,10,2,1,,,,49.1,0,0,0,834.0
7,11,2,1,,,,58.4,0,0,0,836.0
7,12,2,1,,,,59.5,0,0,0,831.0
7,13,2,1,,,,57.8,0,0,0,819.0
7,14,2,1,,,,61.6,0,0,0,797.0
7,15,2,1,,,,60.0,0,0,0,758.0
7,16,2,1,,,,59.0,0,0,0,691.0
7,17,2,1,,,,56.8,0,0,0,573.0
7,18,2,1,,,,51.8,0,0,0,332.0
7,19,2,1,,,,44.2,0,0,0,93.0
7,20,2,1,,,,42.2,0,0,0,0.0
7,21,2,1,,,,41.0,0,0,0,0.0
7,22,2,1,,,,41.4,0,0,0,0.0
7,23,2,1,,,,40.8,0,0,0,0.0
7,24,2,1,,,,39.7,0,0,0,0.0
7,1,3,1,,,,39.2,0,0,0,0.0
7,2,3,1,,,,39.2,0,0,0,0.0
7,3,3,1,,,,38.8,0,0,0,0.0
7,4,3,1,,,,39.0,0,0,0,225.0
7,5,3,1,,,,37.8,0,0,0,542.0
7,6,3,1,,,,36.9,0,0,0,736.0
7,7,3,1,,,,36.9,0,0,0,820.0
7,8,3,1,,,,39.6,0,0,0,859.0
7,9,3,1,,,,49.0,0,0,0,872.0
7,10,3,1,,,,51.8,0,0,0,874.0
7,11,3,1,,,,55.0,0,0,0,869.0
7,12,3,1,,,,58.1,0,0,0,862.0
7,13,3,1,,,,55.6,0,0,0,846.0
7,14,3,1,,,,57.0,0,0,0,822.0
7,15,3,1,,,,56.9,0,0,0,779.0
7,16,3,1,,,,55.6,0,0,0,708.0
7,17,3,1,,,,52.6,0,0,0,561.0
7,18,3,1,,,,47.6,0,0,0,315.0
7,19,3,1,,,,44.0,0,0,0,90.0
7,20,3,1,,,,41.0,0,0,0,0.0
7,21,3,1,,,,40.5,0,0,0,0.0
7,22,3,1,,,,41.5,0,0,0,0.0
7,23,3,1,,,,41.4,0,0,0,0.0
7,24,3,1,,,,40.5,0,0,0,0.0
7,1,4,1,,,,39.4,0,0,0,0.0
7,2,4,1,,,,38.6,0,0,0,0.0
7,3,4,1,,,,38.5,0,0,0,0.0
7,4,4,1,,,,38.3,0,0,0,190.0
7,5,4,1,,,,37.6,0,0,0,483.0
7,6,4,1,,,,36.8,0,0,0,665.0
7,7,4,1,,,,37.2,0,0,0,759.0
7,8,4,1,,,,41.8,0,0,0,803.0
7,9,4,1,,,,50.8,0,0,0,811.0
7,10,4,1,,,,57.2,0,0,0,819.0
7,11,4,1,,,,59.2,0,0,0,757.0
7,12,4,1,,,,59.4,0,0,0,726.0
7,13,4,1,,,,58.5,0,0,0,698.0
7,14,4,1,,,,60.2,0,0,0,649.0
7,15,4,1,,,,57.7,0,0,0,634.0
7,16,4,1,,,,58.2,0,0,0,561.0
7,17,4,1,,,,53.6,0,0,0,445.0
7,18,4,1,,,,49.2,0,0,0,311.0
7,19,4,1,,,,43.7,0,0,0,113.0
7,20,4,1,,,,41.3,0,0,0,0.0
7,21,4,1,,,,40.4,0,0,0,0.0
7,22,4,1,,,,40.5,0,0,0,0.0
7,23,4,1,,,,40.4,0,0,0,0.0
7,24,4,1,,,,39.7,0,0,0,0.0
7,1,5,1,,,,39.3,0,0,0,0.0
7,2,5,1,,,,37.7,0,0,0,0.0
7,3,5,1,,,,37.9,0,0,0,0.0
7,4,5,1,,,,38.1,0,0,0,13.0
7,5,5,1,,,,37.2,0,0,0,53.0
7,6,5,1,,,,36.3,0,0,0,153.0
7,7,5,1,,,,39.0,0,0,0,463.0
7,8,5,1,,,,43.8,0,0,0,788.0
7,9,5,1,,,,51.4,0,0,0,869.0
7,10,5,1,,,,56.8,0,0,0,880.0
7,11,5,1,,,,62.6,0,0,0,879.0
7,12,5,1,,,,62.0,0,0,0,871.0
7,13,5,1,,,,58.0,0,0,0,857.0
7,14,5,1,,,,56.7,0,0,0,834.0
7,15,5,1,,,,56.8,0,0,0,797.0
7,16,5,1,,,,57.0,0,0,0,737.0
7,17,5,1,,,,52.8,0,0,0,630.0
7,18,5,1,,,,47.9,0,0,0,425.0
7,19,5,1,,,,42.6,0,0,0,126.0
7,20,5,1,,,,40.5,0,0,0,0.0
7,21,5,1,,,,39.1,0,0,0,0.0
7,22,5,1,,,,38.9,0,0,0,0.0
7,23,5,1,,,,38.6,0,0,0,0.0
7,24,5,1,,,,38.5,0,0,0,0.0
7,1,6,1,,,,38.4,0,0,0,0.0
7,2,6,1,,,,37.0,0,0,0,0.0
7,3,6,1,,,,38.7,0,0,0,0.0
7,4,6,1,,,,42.3,0,0,0,86.0
7,5,6,1,,,,40.2,0,0,0,303.0
7,6,6,1,,,,39.8,0,0,0,487.0
7,7,6,1,,,,40.4,0,0,0,563.0
7,8,6,1,,,,42.2,0,0,0,674.0
7,9,6,1,,,,49.2,0,0,0,764.0
7,10,6,1,,,,55.1,0,0,0,808.0
7,11,6,1,,,,58.8,0,0,0,820.0
7,12,6,1,,,,56.8,0,0,0,781.0
7,13,6,1,,,,59.2,0,0,0,706.0
7,14,6,1,,,,60.5,0,0,0,625.0
7,15,6,1,,,,58.9,0,0,0,500.0
7,16,6,1,,,,58.8,0,0,0,333.0
7,17,6,1,,,,54.1,0,0,0,182.0
7,18,6,1,,,,48.5,0,0,0,86.0
7,19,6,1,,,,44.9,0,0,0,25.0
7,20,6,1,,,,43.4,0,0,0,0.0
7,21,6,1,,,,42.0,0,0,0,0.0
7,22,6,1,,,,41.6,0,0,0,0.0
7,23,6,1,,,,40.5,0,0,0,0.0
7,24,6,1,,,,40.2,0,0,0,0.0
7,1,7,1,,,,40.1,0,0,0,0.0
7,2,7,1,,,,39.1,0,0,0,0.0
7,3,7,1,,,,40.4,0,0,0,0.0
7,4,7,1,,,,39.2,0,0,0,109.0
7,5,7,1,,,,39.2,0,0,0,367.0
7,6,7,1,,,,37.8,0,0,0,571.0
7,7,7,1,,,,38.0,0,0,0,697.0
7,8,7,1,,,,38.5,0,0,0,763.0
7,9,7,1,,,,39.6,0,0,0,794.0
7,10,7,1,,,,41.0,0,0,0,810.0
7,11,7,1,,,,41.2,0,0,0,797.0
7,12,7,1,,,,46.4,0,0,0,784.0
7,13,7,1,,,,43.6,0,0,0,764.0
7,14,7,1,,,,43.1,0,0,0,739.0
7,15,7,1,,,,42.5,0,0,0,671.0
7,16,7,1,,,,48.2,0,0,0,585.0
7,17,7,1,,,,47.9,0,0,0,449.0
7,18,7,1,,,,49.0,0,0,0,267.0
7,19,7,1,,,,49.0,0,0,0,56.0
7,20,7,1,,,,45.0,0,0,0,0.0
7,21,7,1,,,,44.2,0,0,0,0.0
7,22,7,1,,,,43.7,0,0,0,0.0
7,23,7,1,,,,42.6,0,0,0,0.0
7,24,7,1,,,,40.9,0,0,0,0.0
7,1,1,1,,,,40.9,0,0,0,0.0
7,2,1,1,,,,39.0,0,0,0,0.0
7,3,1,1,,,,39.5,0,0,0,0.0
7,4,1,1,,,,39.7,0,0,0,25.0
7,5,1,1,,,,38.9,0,0,0,168.0
7,6,1,1,,,,38.0,0,0,0,468.0
7,7,1,1,,,,37.2,0,0,0,666.0
7,8,1,1,,,,37.9,0,0,0,739.0
7,9,1,1,,,,37.8,0,0,0,781.0
7,10,1,1,,,,41.5,0,0,0,798.0
7,11,1,1,,,,45.1,0,0,0,807.0
7,12,1,1,,,,43.1,0,0,0,798.0
7,13,1,1,,,,39.6,0,0,0,774.0
7,14,1,1,,,,41.4,0,0,0,715.0
7,15,1,1,,,,44.8,0,0,0,541.0
7,16,1,1,,,,46.9,0,0,0,405.0
7,17,1,1,,,,48.8,0,0,0,298.0
7,18,1,1,,,,47.2,0,0,0,199.0
7,19,1,1,,,,47.1,0,0,0,64.0
7,20,1,1,,,,47.6,0,0,0,0.0
7,21,1,1,,,,43.7,0,0,0,0.0
7,22,1,1,,,,43.2,0,0,0,0.0
7,23,1,1,,,,42.3,0,0,0,0.0
7,24,1,1,,,,43.1,0,0,0,0.0
7,1,2,1,,,,41.2,0,0,0,0.0
7,2,2,1,,,,42.2,0,0,0,0.0
7,3,2,1,,,,41.4,0,0,0,0.0
7,4,2,1,,,,41.4,0,0,0,214.0
7,5,2,1,,,,39.5,0,0,0,544.0
7,6,2,1,,,,38.1,0,0,0,743.0
7,7,2,1,,,,40.2,0,0,0,822.0
7,8,2,1,,,,41.8,0,0,0,859.0
7,9,2,1,,,,50.1,0,0,0,874.0
7,10,2,1,,,,58.1,0,0,0,876.0
7,11,2,1,,,,62.8,0,0,0,872.0
7,12,2,1,,,,58.9,0,0,0,861.0
7,13,2,1,,,,61.5,0,0,0,840.0
7,14,2,1,,,,67.5,0,0,0,782.0
7,15,2,1,,,,65.6,0,0,0,704.0
7,16,2,1,,,,65.2,0,0,0,633.0
7,17,2,1,,,,59.4,0,0,0,574.0
7,18,2,1,,,,54.9,0,0,0,435.0
7,19,2,1,,,,47.7,0,0,0,146.0
7,20,2,1,,,,47.2,0,0,0,0.0
7,21,2,1,,,,45.5,0,0,0,0.0
7,22,2,1,,,,43.0,0,0,0,0.0
7,23,2,1,,,,42.2,0,0,0,0.0
7,24,2,1,,,,41.3,0,0,0,0.0
7,1,3,1,,,,40.3,0,0,0,0.0
7,2,3,1,,,,41.2,0,0,0,0.0
7,3,3,1,,,,41.5,0,0,0,0.0
7,4,3,1,,,,40.0,0,0,0,25.0
7,5,3,1,,,,40.2,0,0,0,50.0
7,6,3,1,,,,39.7,0,0,0,91.0
7,7,3,1,,,,39.2,0,0,0,149.0
7,8,3,1,,,,41.1,0,0,0,244.0
7,9,3,1,,,,48.6,0,0,0,375.0
7,10,3,1,,,,57.8,0,0,0,517.0
7,11,3,1,,,,64.5,0,0,0,615.0
7,12,3,1,,,,58.8,0,0,0,635.0
7,13,3,1,,,,59.3,0,0,0,627.0
7,14,3,1,,,,64.2,0,0,0,562.0
7,15,3,1,,,,64.6,0,0,0,450.0
7,16,3,1,,,,63.4,0,0,0,312.0
7,17,3,1,,,,62.3,0,0,0,181.0
7,18,3,1,,,,58.8,0,0,0,80.0
7,19,3,1,,,,51.1,0,0,0,17.0
7,20,3,1,,,,45.7,0,0,0,0.0
7,21,3,1,,,,46.1,0,0,0,0.0
7,22,3,1,,,,46.5,0,0,0,0.0
7,23,3,1,,,,45.1,0,0,0,0.0
7,24,3,1,,,,44.2,0,0,0,0.0
7,1,4,1,,,,44.0,0,0,0,0.0
7,2,4,1,,,,43.5,0,0,0,0.0
7,3,4,1,,,,43.4,0,0,0,0.0
7,4,4,1,,,,41.8,0,0,0,44.0
7,5,4,1,,,,41.1,0,0,0,161.0
7,6,4,1,,,,40.4,0,0,0,357.0
7,7,4,1,,,,39.8,0,0,0,541.0
7,8,4,1,,,,45.0,0,0,0,661.0
7,9,4,1,,,,54.9,0,0,0,742.0
7,10,4,1,,,,60.6,0,0,0,780.0
7,11,4,1,,,,64.7,0,0,0,798.0
7,12,4,1,,,,69.0,0,0,0,780.0
7,13,4,1,,,,66.0,0,0,0,770.0
7,14,4,1,,,,65.3,0,0,0,742.0
7,15,4,1,,,,70.8,0,0,0,678.0
7,16,4,1,,,,73.5,0,0,0,521.0
7,17,4,1,,,,72.7,0,0,0,381.0
7,18,4,1,,,,65.4,0,0,0,230.0
7,19,4,1,,,,59.2,0,0,0,55.0
7,20,4,1,,,,52.1,0,0,0,0.0
7,21,4,1,,,,49.8,0,0,0,0.0
7,22,4,1,,,,48.0,0,0,0,0.0
7,23,4,1,,,,48.5,0,0,0,0.0
7,24,4,1,,,,46.1,0,0,0,0.0
7,1,5,1,,,,43.9,0,0,0,0.0
7,2,5,1,,,,42.9,0,0,0,0.0
7,3,5,1,,,,43.2,0,0,0,0.0
7,4,5,1,,,,42.2,0,0,0,115.0
7,5,5,1,,,,41.3,0,0,0,352.0
7,6,5,1,,,,40.8,0,0,0,552.0
7,7,5,1,,,,41.2,0,0,0,677.0
7,8,5,1,,,,45.2,0,0,0,753.0
7,9,5,1,,,,54.0,0,0,0,794.0
7,10,5,1,,,,58.8,0,0,0,809.0
7,11,5,1,,,,64.1,0,0,0,816.0
7,12,5,1,,,,60.8,0,0,0,821.0
7,13,5,1,,,,50.3,0,0,0,816.0
7,14,5,1,,,,57.5,0,0,0,800.0
7,15,5,1,,,,64.9,0,0,0,769.0
7,16,5,1,,,,66.6,0,0,0,714.0
7,17,5,1,,,,64.1,0,0,0,612.0
7,18,5,1,,,,61.4,0,0,0,413.0
7,19,5,1,,,,55.5,0,0,0,114.0
7,20,5,1,,,,48.4,0,0,0,0.0
7,21,5,1,,,,47.1,0,0,0,0.0
7,22,5,1,,,,45.2,0,0,0,0.0
7,23,5,1,,,,43.7,0,0,0,0.0
7,24,5,1,,,,42.7,0,0,0,0.0
7,1,6,1,,,,42.5,0,0,0,0.0
7,2,6,1,,,,41.4,0,0,0,0.0
7,3,6,1,,,,41.0,0,0,0,0.0
7,4,6,1,,,,40.9,0,0,0,247.0
7,5,6,1,,,,39.3,0,0,0,537.0
7,6,6,1,,,,38.6,0,0,0,709.0
7,7,6,1,,,,39.7,0,0,0,789.0
7,8,6,1,,,,43.0,0,0,0,828.0
7,9,6,1,,,,50.0,0,0,0,838.0
7,10,6,1,,,,60.0,0,0,0,845.0
7,11,6,1,,,,65.0,0,0,0,846.0
7,12,6,1,,,,65.8,0,0,0,841.0
7,13,6,1,,,,63.1,0,0,0,831.0
7,14,6,1,,,,64.9,0,0,0,813.0
7,15,6,1,,,,68.6,0,0,0,781.0
7,16,6,1,,,,66.0,0,0,0,727.0
7,17,6,1,,,,63.4,0,0,0,630.0
7,18,6,1,,,,58.2,0,0,0,440.0
7,19,6,1,,,,51.4,0,0,0,148.0
7,20,6,1,,,,45.8,0,0,0,0.0
7,21,6,1,,,,44.1,0,0,0,0.0
7,22,6,1,,,,44.1,0,0,0,0.0
7,23,6,1,,,,43.4,0,0,0,0.0
7,24,6,1,,,,42.0,0,0,0,0.0
7,1,7,1,,,,42.6,0,0,0,0.0
7,2,7,1,,,,41.4,0,0,0,0.0
7,3,7,1,,,,41.8,0,0,0,0.0
7,4,7,1,,,,41.6,0,0,0,207.0
7,5,7,1,,,,40.6,0,0,0,504.0
7,6,7,1,,,,39.1,0,0,0,686.0
7,7,7,1,,,,39.6,0,0,0,773.0
7,8,7,1,,,,39.6,0,0,0,814.0
7,9,7,1,,,,39.9,0,0,0,791.0
7,10,7,1,,,,39.5,0,0,0,693.0
7,11,7,1,,,,41.3,0,0,0,656.0
7,12,7,1,,,,43.9,0,0,0,659.0
7,13,7,1,,,,42.5,0,0,0,669.0
7,14,7,1,,,,45.0,0,0,0,678.0
7,15,7,1,,,,45.4,0,0,0,607.0
7,16,7,1,,,,46.5,0,0,0,457.0
7,17,7,1,,,,45.7,0,0,0,340.0
7,18,7,1,,,,44.2,0,0,0,172.0
7,19,7,1,,,,40.4,0,0,0,45.0
7,20,7,1,,,,40.8,0,0,0,0.0
7,21,7,1,,,,39.8,0,0,0,0.0
7,22,7,1,,,,42.1,0,0,0,0.0
7,23,7,1,,,,43.0,0,0,0,0.0
7,24,7,1,,,,41.9,0,0,0,0.0
7,1,1,1,,,,41.9,0,0,0,0.0
7,2,1,1,,,,42.2,0,0,0,0.0
7,3,1,1,,,,41.4,0,0,0,0.0
7,4,1,1,,,,40.9,0,0,0,29.0
7,5,1,1,,,,41.6,0,0,0,134.0
7,6,1,1,,,,40.4,0,0,0,315.0
7,7,1,1,,,,39.6,0,0,0,483.0
7,8,1,1,,,,40.0,0,0,0,555.0
7,9,1,1,,,,42.4,0,0,0,660.0
7,10,1,1,,,,44.0,0,0,0,733.0
7,11,1,1,,,,43.2,0,0,0,794.0
7,12,1,1,,,,43.2,0,0,0,775.0
7,13,1,1,,,,40.2,0,0,0,730.0
7,14,1,1,,,,42.5,0,0,0,672.0
7,15,1,1,,,,43.6,0,0,0,580.0
7,16,1,1,,,,43.8,0,0,0,429.0
7,17,1,1,,,,48.4,0,0,0,232.0
7,18,1,1,,,,46.8,0,0,0,81.0
7,19,1,1,,,,42.0,0,0,0,14.0
7,20,1,1,,,,41.8,0,0,0,0.0
7,21,1,1,,,,40.9,0,0,0,0.0
7,22,1,1,,,,41.8,0,0,0,0.0
7,23,1,1,,,,41.2,0,0,0,0.0
7,24,1,1,,,,40.8,0,0,0,0.0
7,1,2,1,,,,41.0,0,0,0,0.0
7,2,2,1,,,,39.7,0,0,0,0.0
7,3,2,1,,,,40.2,0,0,0,0.0
7,4,2,1,,,,44.6,0,0,0,108.0
7,5,2,1,,,,43.9,0,0,0,373.0
7,6,2,1,,,,42.8,0,0,0,591.0
7,7,2,1,,,,43.5,0,0,0,700.0
7,8,2,1,,,,44.8,0,0,0,715.0
7,9,2,1,,,,49.4,0,0,0,750.0
7,10,2,1,,,,56.7,0,0,0,775.0
7,11,2,1,,,,59.4,0,0,0,784.0
7,12,2,1,,,,62.4,0,0,0,734.0
7,13,2,1,,,,60.4,0,0,0,652.0
7,14,2,1,,,,62.8,0,0,0,546.0
7,15,2,1,,,,61.4,0,0,0,471.0
7,16,2,1,,,,65.8,0,0,0,449.0
7,17,2,1,,,,59.8,0,0,0,366.0
7,18,2,1,,,,56.0,0,0,0,190.0
7,19,2,1,,,,47.8,0,0,0,38.0
7,20,2,1,,,,43.4,0,0,0,0.0
7,21,2,1,,,,42.7,0,0,0,0.0
7,22,2,1,,,,45.2,0,0,0,0.0
7,23,2,1,,,,43.1,0,0,0,0.0
7,24,2,1,,,,43.0,0,0,0,0.0
7,1,3,1,,,,42.8,0,0,0,0.0
7,2,3,1,,,,39.7,0,0,0,0.0
7,3,3,1,,,,40.1,0,0,0,0.0
7,4,3,1,,,,39.4,0,0,0,0.0
7,5,3,1,,,,38.9,0,0,0,9.0
7,6,3,1,,,,41.6,0,0,0,37.0
7,7,3,1,,,,39.1,0,0,0,84.0
7,8,3,1,,,,39.2,0,0,0,203.0
7,9,3,1,,,,50.5,0,0,0,270.0
7,10,3,1,,,,57.5,0,0,0,344.0
7,11,3,1,,,,58.3,0,0,0,415.0
7,12,3,1,,,,63.3,0,0,0,469.0
7,13,3,1,,,,65.6,0,0,0,449.0
7,14,3,1,,,,64.5,0,0,0,392.0
7,15,3,1,,,,67.6,0,0,0,336.0
7,16,3,1,,,,67.8,0,0,0,192.0
7,17,3,1,,,,63.6,0,0,0,72.0
7,18,3,1,,,,56.2,0,0,0,23.0
7,19,3,1,,,,50.2,0,0,0,2.0
7,20,3,1,,,,44.3,0,0,0,0.0
7,21,3,1,,,,43.2,0,0,0,0.0
7,22,3,1,,,,44.2,0,0,0,0.0
7,23,3,1,,,,41.4,0,0,0,0.0
7,24,3,1,,,,41.3,0,0,0,0.0
7,1,4,1,,,,40.8,0,0,0,0.0
7,2,4,1,,,,38.0,0,0,0,0.0
7,3,4,1,,,,39.0,0,0,0,0.0
7,4,4,1,,,,38.6,0,0,0,105.0
7,5,4,1,,,,37.2,0,0,0,350.0
7,6,4,1,,,,38.4,0,0,0,488.0
7,7,4,1,,,,36.4,0,0,0,493.0
7,8,4,1,,,,44.3,0,0,0,438.0
7,9,4,1,,,,53.8,0,0,0,451.0
7,10,4,1,,,,56.9,0,0,0,548.0
7,11,4,1,,,,62.2,0,0,0,706.0
7,12,4,1,,,,64.8,0,0,0,801.0
7,13,4,1,,,,65.7,0,0,0,822.0
7,14,4,1,,,,65.2,0,0,0,807.0
7,15,4,1,,,,65.7,0,0,0,764.0
7,16,4,1,,,,63.7,0,0,0,606.0
7,17,4,1,,,,60.2,0,0,0,427.0
7,18,4,1,,,,58.4,0,0,0,159.0
7,19,4,1,,,,46.2,0,0,0,24.0
7,20,4,1,,,,43.3,0,0,0,0.0
7,21,4,1,,,,42.8,0,0,0,0.0
7,22,4,1,,,,40.9,0,0,0,0.0
7,23,4,1,,,,40.1,0,0,0,0.0
7,24,4,1,,,,39.9,0,0,0,0.0
7,1,5,1,,,,39.2,0,0,0,0.0
7,2,5,1,,,,38.1,0,0,0,0.0
7,3,5,1,,,,38.1,0,0,0,0.0
7,4,5,1,,,,37.8,0,0,0,84.0
7,5,5,1,,,,37.7,0,0,0,252.0
7,6,5,1,,,,36.5,0,0,0,357.0
7,7,5,1,,,,36.2,0,0,0,328.0
7,8,5,1,,,,38.7,0,0,0,354.0
7,9,5,1,,,,45.6,0,0,0,540.0
7,10,5,1,,,,52.6,0,0,0,738.0
7,11,5,1,,,,58.8,0,0,0,786.0
7,12,5,1,,,,64.0,0,0,0,799.0
7,13,5,1,,,,66.0,0,0,0,803.0
7,14,5,1,,,,66.1,0,0,0,778.0
7,15,5,1,,,,63.5,0,0,0,688.0
7,16,5,1,,,,68.0,0,0,0,415.0
7,17,5,1,,,,63.5,0,0,0,256.0
7,18,5,1,,,,58.3,0,0,0,198.0
7,19,5,1,,,,48.1,0,0,0,53.0
7,20,5,1,,,,45.2,0,0,0,0.0
7,21,5,1,,,,42.4,0,0,0,0.0
7,22,5,1,,,,42.2,0,0,0,0.0
7,23,5,1,,,,41.5,0,0,0,0.0
7,24,5,1,,,,41.7,0,0,0,0.0
7,1,6,1,,,,40.4,0,0,0,0.0
7,2,6,1,,,,39.8,0,0,0,0.0
7,3,6,1,,,,40.0,0,0,0,0.0
7,4,6,1,,,,39.2,0,0,0,46.0
7,5,6,1,,,,39.1,0,0,0,262.0
7,6,6,1,,,,37.7,0,0,0,569.0
7,7,6,1,,,,37.4,0,0,0,714.0
7,8,6,1,,,,41.6,0,0,0,676.0
7,9,6,1,,,,49.6,0,0,0,731.0
7,10,6,1,,,,58.8,0,0,0,739.0
7,11,6,1,,,,63.1,0,0,0,656.0
7,12,6,1,,,,61.4,0,0,0,567.0
7,13,6,1,,,,63.5,0,0,0,490.0
7,14,6,1,,,,63.0,0,0,0,402.0
7,15,6,1,,,,61.4,0,0,0,284.0
7,16,6,1,,,,58.9,0,0,0,305.0
7,17,6,1,,,,51.2,0,0,0,281.0
7,18,6,1,,,,48.9,0,0,0,97.0
7,19,6,1,,,,46.2,0,0,0,23.0
7,20,6,1,,,,42.4,0,0,0,0.0
7,21,6,1,,,,38.6,0,0,0,0.0
7,22,6,1,,,,38.4,0,0,0,0.0
7,23,6,1,,,,37.7,0,0,0,0.0
7,24,6,1,,,,37.5,0,0,0,0.0
7,1,7,1,,,,36.6,0,0,0,0.0
7,2,7,1,,,,36.3,0,0,0,0.0
7,3,7,1,,,,36.2,0,0,0,0.0
7,4,7,1,,,,36.2,0,0,0,6.0
7,5,7,1,,,,35.8,0,0,0,29.0
7,6,7,1,,,,34.4,0,0,0,87.0
7,7,7,1,,,,34.7,0,0,0,184.0
7,8,7,1,,,,34.7,0,0,0,392.0
7,9,7,1,,,,35.0,0,0,0,525.0
7,10,7,1,,,,35.3,0,0,0,507.0
7,11,7,1,,,,38.0,0,0,0,513.0
7,12,7,1,,,,41.1,0,0,0,409.0
7,13,7,1,,,,41.1,0,0,0,277.0
7,14,7,1,,,,42.5,0,0,0,218.0
7,15,7,1,,,,42.4,0,0,0,182.0
7,16,7,1,,,,41.8,0,0,0,130.0
7,17,7,1,,,,40.8,0,0,0,68.0
7,18,7,1,,,,40.7,0,0,0,15.0
7,19,7,1,,,,40.6,0,0,0,0.0
7,20,7,1,,,,40.7,0,0,0,0.0
7,21,7,1,,,,40.5,0,0,0,0.0
7,22,7,1,,,,39.4,0,0,0,0.0
7,23,7,1,,,,38.9,0,0,0,0.0
7,24,7,1,,,,38.9,0,0,0,0.0
7,1,1,1,,,,38.4,0,0,0,0.0
7,2,1,1,,,,37.9,0,0,0,0.0
7,3,1,1,,,,37.7,0,0,0,0.0
7,4,1,1,,,,37.3,0,0,0,64.0
7,5,1,1,,,,37.4,0,0,0,376.0
7,6,1,1,,,,36.2,0,0,0,672.0
7,7,1,1,,,,36.1,0,0,0,787.0
7,8,1,1,,,,36.5,0,0,0,829.0
7,9,1,1,,,,36.9,0,0,0,842.0
7,10,1,1,,,,40.2,0,0,0,834.0
7,11,1,1,,,,39.6,0,0,0,811.0
7,12,1,1,,,,40.6,0,0,0,787.0
7,13,1,1,,,,40.2,0,0,0,766.0
7,14,1,1,,,,43.0,0,0,0,731.0
7,15,1,1,,,,44.0,0,0,0,648.0
7,16,1,1,,,,43.2,0,0,0,493.0
7,17,1,1,,,,42.1,0,0,0,330.0
7,18,1,1,,,,42.5,0,0,0,189.0
7,19,1,1,,,,40.0,0,0,0,33.0
7,20,1,1,,,,38.5,0,0,0,0.0
7,21,1,1,,,,36.8,0,0,0,0.0
7,22,1,1,,,,38.0,0,0,0,0.0
7,23,1,1,,,,37.8,0,0,0,0.0
7,24,1,1,,,,37.4,0,0,0,0.0
7,1,2,1,,,,37.2,0,0,0,0.0
7,2,2,1,,,,36.8,0,0,0,0.0
7,3,2,1,,,,36.9,0,0,0,0.0
7,4,2,1,,,,36.8,0,0,0,59.0
7,5,2,1,,,,36.8,0,0,0,296.0
7,6,2,1,,,,34.9,0,0,0,421.0
7,7,2,1,,,,35.8,0,0,0,652.0
7,8,2,1,,,,38.4,0,0,0,787.0
7,9,2,1,,,,46.2,0,0,0,786.0
7,10,2,1,,,,49.3,0,0,0,739.0
7,11,2,1,,,,53.0,0,0,0,671.0
7,12,2,1,,,,55.2,0,0,0,616.0
7,13,2,1,,,,54.2,0,0,0,564.0
7,14,2,1,,,,54.5,0,0,0,503.0
7,15,2,1,,,,50.8,0,0,0,472.0
7,16,2,1,,,,48.7,0,0,0,422.0
7,17,2,1,,,,46.9,0,0,0,295.0
7,18,2,1,,,,45.3,0,0,0,169.0
7,19,2,1,,,,40.4,0,0,0,38.0
7,20,2,1,,,,38.8,0,0,0,0.0
7,21,2,1,,,,37.8,0,0,0,0.0
7,22,2,1,,,,39.9,0,0,0,0.0
7,23,2,1,,,,37.2,0,0,0,0.0
7,24,2,1,,,,37.8,0,0,0,0.0
7,1,3,1,,,,37.5,0,0,0,0.0
7,2,3,1,,,,35.6,0,0,0,0.0
7,3,3,1,,,,34.9,0,0,0,0.0
7,4,3,1,,,,35.5,0,0,0,6.0
7,5,3,1,,,,35.2,0,0,0,78.0
7,6,3,1,,,,37.2,0,0,0,381.0
7,7,3,1,,,,35.1,0,0,0,678.0
7,8,3,1,,,,35.9,0,0,0,725.0
7,9,3,1,,,,45.4,0,0,0,630.0
7,10,3,1,,,,52.9,0,0,0,625.0
7,11,3,1,,,,55.1,0,0,0,593.0
7,12,3,1,,,,56.5,0,0,0,435.0
7,13,3,1,,,,54.6,0,0,0,419.0
7,14,3,1,,,,55.4,0,0,0,317.0
7,15,3,1,,,,59.6,0,0,0,291.0
7,16,3,1,,,,60.3,0,0,0,280.0
7,17,3,1,,,,58.3,0,0,0,322.0
7,18,3,1,,,,52.4,0,0,0,206.0
7,19,3,1,,,,47.4,0,0,0,25.0
7,20,3,1,,,,43.9,0,0,0,0.0
7,21,3,1,,,,42.6,0,0,0,0.0
7,22,3,1,,,,43.5,0,0,0,0.0
7,23,3,1,,,,41.5,0,0,0,0.0
7,24,3,1,,,,43.2,0,0,0,0.0
7,1,4,1,,,,43.4,0,0,0,0.0
7,2,4,1,,,,41.8,0,0,0,0.0
7,3,4,1,,,,40.8,0,0,0,0.0
7,4,4,1,,,,40.7,0,0,0,19.0
7,5,4,1,,,,40.0,0,0,0,171.0
7,6,4,1,,,,42.0,0,0,0,408.0
7,7,4,1,,,,39.8,0,0,0,413.0
7,8,4,1,,,,42.2,0,0,0,431.0
7,9,4,1,,,,47.5,0,0,0,445.0
7,10,4,1,,,,51.8,0,0,0,424.0
7,11,4,1,,,,55.4,0,0,0,441.0
7,12,4,1,,,,57.9,0,0,0,448.0
7,13,4,1,,,,56.7,0,0,0,433.0
7,14,4,1,,,,60.2,0,0,0,373.0
7,15,4,1,,,,61.5,0,0,0,321.0
7,16,4,1,,,,63.9,0,0,0,311.0
7,17,4,1,,,,59.6,0,0,0,184.0
7,18,4,1,,,,54.4,0,0,0,67.0
7,19,4,1,,,,50.5,0,0,0,15.0
7,20,4,1,,,,48.6,0,0,0,0.0
7,21,4,1,,,,45.9,0,0,0,0.0
7,22,4,1,,,,46.2,0,0,0,0.0
7,23,4,1,,,,43.8,0,0,0,0.0
7,24,4,1,,,,45.0,0,0,0,0.0
8,1,5,1,,,,45.7,0,0,0,0.0
8,2,5,1,,,,43.9,0,0,0,0.0
8,3,5,1,,,,44.5,0,0,0,0.0
8,4,5,1,,,,43.3,0,0,0,43.0
8,5,5,1,,,,42.0,0,0,0,294.0
8,6,5,1,,,,43.5,0,0,0,583.0
8,7,5,1,,,,41.2,0,0,0,746.0
8,8,5,1,,,,43.2,0,0,0,803.0
8,9,5,1,,,,50.8,0,0,0,823.0
8,10,5,1,,,,56.1,0,0,0,827.0
8,11,5,1,,,,60.3,0,0,0,824.0
8,12,5,1,,,,62.2,0,0,0,817.0
8,13,5,1,,,,65.2,0,0,0,805.0
8,14,5,1,,,,68.5,0,0,0,783.0
8,15,5,1,,,,70.8,0,0,0,742.0
8,16,5,1,,,,64.5,0,0,0,653.0
8,17,5,1,,,,60.5,0,0,0,470.0
8,18,5,1,,,,57.2,0,0,0,200.0
8,19,5,1,,,,52.6,0,0,0,24.0
8,20,5,1,,,,50.2,0,0,0,0.0
8,21,5,1,,,,49.7,0,0,0,0.0
8,22,5,1,,,,51.1,0,0,0,0.0
8,23,5,1,,,,49.7,0,0,0,0.0
8,24,5,1,,,,49.6,0,0,0,0.0
8,1,6,1,,,,48.1,0,0,0,0.0
8,2,6,1,,,,47.6,0,0,0,0.0
8,3,6,1,,,,43.9,0,0,0,0.0
8,4,6,1,,,,43.5,0,0,0,70.0
8,5,6,1,,,,43.6,0,0,0,467.0
8,6,6,1,,,,44.0,0,0,0,656.0
8,7,6,1,,,,42.5,0,0,0,728.0
8,8,6,1,,,,44.0,0,0,0,440.0
8,9,6,1,,,,51.5,0,0,0,266.0
8,10,6,1,,,,55.4,0,0,0,330.0
8,11,6,1,,,,57.7,0,0,0,397.0
8,12,6,1,,,,58.5,0,0,0,444.0
8,13,6,1,,,,59.1,0,0,0,527.0
8,14,6,1,,,,60.3,0,0,0,679.0
8,15,6,1,,,,60.1,0,0,0,733.0
8,16,6,1,,,,61.8,0,0,0,674.0
8,17,6,1,,,,60.7,0,0,0,516.0
8,18,6,1,,,,52.4,0,0,0,282.0
8,19,6,1,,,,48.9,0,0,0,33.0
8,20,6,1,,,,46.5,0,0,0,0.0
8,21,6,1,,,,43.3,0,0,0,0.0
8,22,6,1,,,,43.3,0,0,0,0.0
8,23,6,1,,,,42.3,0,0,0,0.0
8,24,6,1,,,,43.9,0,0,0,0.0
8,1,7,1,,,,42.6,0,0,0,0.0
8,2,7,1,,,,42.1,0,0,0,0.0
8,3,7,1,,,,40.4,0,0,0,0.0
8,4,7,1,,,,41.4,0,0,0,32.0
8,5,7,1,,,,40.9,0,0,0,373.0
8,6,7,1,,,,39.4,0,0,0,616.0
8,7,7,1,,,,39.7,0,0,0,731.0
8,8,7,1,,,,40.4,0,0,0,781.0
8,9,7,1,,,,39.8,0,0,0,796.0
8,10,7,1,,,,40.9,0,0,0,803.0
8,11,7,1,,,,41.6,0,0,0,808.0
8,12,7,1,,,,41.0,0,0,0,805.0
8,13,7,1,,,,41.1,0,0,0,798.0
8,14,7,1,,,,44.6,0,0,0,778.0
8,15,7,1,,,,44.4,0,0,0,725.0
8,16,7,1,,,,44.1,0,0,0,658.0
8,17,7,1,,,,42.4,0,0,0,499.0
8,18,7,1,,,,41.4,0,0,0,228.0
8,19,7,1,,,,41.9,0,0,0,13.0
8,20,7,1,,,,40.4,0,0,0,0.0
8,21,7,1,,,,40.6,0,0,0,0.0
8,22,7,1,,,,41.0,0,0,0,0.0
8,23,7,1,,,,39.5,0,0,0,0.0
8,24,7,1,,,,39.9,0,0,0,0.0
8,1,1,1,,,,39.5,0,0,0,0.0
8,2,1,1,,,,38.7,0,0,0,0.0
8,3,1,1,,,,38.9,0,0,0,0.0
8,4,1,1,,,,39.2,0,0,0,28.0
8,5,1,1,,,,37.5,0,0,0,261.0
8,6,1,1,,,,39.7,0,0,0,386.0
8,7,1,1,,,,36.6,0,0,0,488.0
8,8,1,1,,,,37.2,0,0,0,658.0
8,9,1,1,,,,39.1,0,0,0,775.0
8,10,1,1,,,,40.0,0,0,0,802.0
8,11,1,1,,,,40.9,0,0,0,805.0
8,12,1,1,,,,42.0,0,0,0,784.0
8,13,1,1,,,,40.1,0,0,0,722.0
8,14,1,1,,,,40.9,0,0,0,630.0
8,15,1,1,,,,41.6,0,0,0,577.0
8,16,1,1,,,,42.7,0,0,0,376.0
8,17,1,1,,,,40.8,0,0,0,100.0
8,18,1,1,,,,42.1,0,0,0,25.0
8,19,1,1,,,,41.2,0,0,0,1.0
8,20,1,1,,,,39.7,0,0,0,0.0
8,21,1,1,,,,40.6,0,0,0,0.0
8,22,1,1,,,,40.6,0,0,0,0.0
8,23,1,1,,,,40.7,0,0,0,0.0
8,24,1,1,,,,40.0,0,0,0,0.0
8,1,2,1,,,,39.9,0,0,0,0.0
8,2,2,1,,,,40.0,0,0,0,0.0
8,3,2,1,,,,38.7,0,0,0,0.0
8,4,2,1,,,,39.2,0,0,0,0.0
8,5,2,1,,,,39.6,0,0,0,23.0
8,6,2,1,,,,38.0,0,0,0,54.0
8,7,2,1,,,,39.6,0,0,0,112.0
8,8,2,1,,,,42.4,0,0,0,212.0
8,9,2,1,,,,54.0,0,0,0,298.0
8,10,2,1,,,,59.1,0,0,0,275.0
8,11,2,1,,,,62.8,0,0,0,355.0
8,12,2,1,,,,63.5,0,0,0,582.0
8,13,2,1,,,,60.4,0,0,0,740.0
8,14,2,1,,,,63.8,0,0,0,697.0
8,15,2,1,,,,63.8,0,0,0,578.0
8,16,2,1,,,,62.1,0,0,0,353.0
8,17,2,1,,,,57.9,0,0,0,228.0
8,18,2,1,,,,53.1,0,0,0,120.0
8,19,2,1,,,,44.9,0,0,0,5.0
8,20,2,1,,,,44.8,0,0,0,0.0
8,21,2,1,,,,43.2,0,0,0,0.0
8,22,2,1,,,,42.9,0,0,0,0.0
8,23,2,1,,,,40.6,0,0,0,0.0
8,24,2,1,,,,40.3,0,0,0,0.0
8,1,3,1,,,,40.3,0,0,0,0.0
8,2,3,1,,,,39.8,0,0,0,0.0
8,3,3,1,,,,39.1,0,0,0,0.0
8,4,3,1,,,,39.9,0,0,0,30.0
8,5,3,1,,,,41.1,0,0,0,433.0
8,6,3,1,,,,40.6,0,0,0,705.0
8,7,3,1,,,,42.1,0,0,0,814.0
8,8,3,1,,,,46.3,0,0,0,860.0
8,9,3,1,,,,52.2,0,0,0,870.0
8,10,3,1,,,,59.8,0,0,0,866.0
8,11,3,1,,,,61.9,0,0,0,867.0
8,12,3,1,,,,64.0,0,0,0,856.0
8,13,3,1,,,,56.0,0,0,0,824.0
8,14,3,1,,,,58.2,0,0,0,755.0
8,15,3,1,,,,57.8,0,0,0,608.0
8,16,3,1,,,,54.6,0,0,0,381.0
8,17,3,1,,,,56.8,0,0,0,199.0
8,18,3,1,,,,50.8,0,0,0,70.0
8,19,3,1,,,,45.4,0,0,0,2.0
8,20,3,1,,,,44.8,0,0,0,0.0
8,21,3,1,,,,43.9,0,0,0,0.0
8,22,3,1,,,,43.6,0,0,0,0.0
8,23,3,1,,,,42.8,0,0,0,0.0
8,24,3,1,,,,42.6,0,0,0,0.0
8,1,4,1,,,,41.3,0,0,0,0.0
8,2,4,1,,,,41.2,0,0,0,0.0
8,3,4,1,,,,39.8,0,0,0,0.0
8,4,4,1,,,,41.7,0,0,0,3.0
8,5,4,1,,,,40.5,0,0,0,54.0
8,6,4,1,,,,44.4,0,0,0,165.0
8,7,4,1,,,,42.8,0,0,0,397.0
8,8,4,1,,,,45.2,0,0,0,440.0
8,9,4,1,,,,53.8,0,0,0,352.0
8,10,4,1,,,,58.8,0,0,0,275.0
8,11,4,1,,,,60.5,0,0,0,246.0
8,12,4,1,,,,61.2,0,0,0,260.0
8,13,4,1,,,,56.4,0,0,0,312.0
8,14,4,1,,,,56.6,0,0,0,357.0
8,15,4,1,,,,55.9,0,0,0,324.0
8,16,4,1,,,,57.3,0,0,0,292.0
8,17,4,1,,,,52.4,0,0,0,222.0
8,18,4,1,,,,49.6,0,0,0,93.0
8,19,4,1,,,,44.2,0,0,0,4.0
8,20,4,1,,,,42.4,0,0,0,0.0
8,21,4,1,,,,46.7,0,0,0,0.0
8,22,4,1,,,,45.6,0,0,0,0.0
8,23,4,1,,,,42.4,0,0,0,0.0
8,24,4,1,,,,42.7,0,0,0,0.0
8,1,5,1,,,,41.4,0,0,0,0.0
8,2,5,1,,,,41.0,0,0,0,0.0
8,3,5,1,,,,40.6,0,0,0,0.0
8,4,5,1,,,,39.0,0,0,0,19.0
8,5,5,1,,,,40.6,0,0,0,397.0
8,6,5,1,,,,43.4,0,0,0,659.0
8,7,5,1,,,,42.8,0,0,0,782.0
8,8,5,1,,,,44.1,0,0,0,838.0
8,9,5,1,,,,51.2,0,0,0,848.0
8,10,5,1,,,,57.1,0,0,0,742.0
8,11,5,1,,,,56.4,0,0,0,607.0
8,12,5,1,,,,56.2,0,0,0,553.0
8,13,5,1,,,,55.4,0,0,0,580.0
8,14,5,1,,,,57.9,0,0,0,685.0
8,15,5,1,,,,61.6,0,0,0,704.0
8,16,5,1,,,,62.2,0,0,0,531.0
8,17,5,1,,,,59.1,0,0,0,226.0
8,18,5,1,,,,52.4,0,0,0,52.0
8,19,5,1,,,,45.6,0,0,0,0.0
8,20,5,1,,,,42.6,0,0,0,0.0
8,21,5,1,,,,42.5,0,0,0,0.0
8,22,5,1,,,,42.9,0,0,0,0.0
8,23,5,1,,,,41.0,0,0,0,0.0
8,24,5,1,,,,40.8,0,0,0,0.0
8,1,6,1,,,,40.5,0,0,0,0.0
8,2,6,1,,,,40.2,0,0,0,0.0
8,3,6,1,,,,40.2,0,0,0,0.0
8,4,6,1,,,,40.2,0,0,0,0.0
8,5,6,1,,,,40.6,0,0,0,35.0
8,6,6,1,,,,38.8,0,0,0,152.0
8,7,6,1,,,,41.0,0,0,0,351.0
8,8,6,1,,,,41.0,0,0,0,607.0
8,9,6,1,,,,45.8,0,0,0,772.0
8,10,6,1,,,,51.2,0,0,0,792.0
8,11,6,1,,,,56.6,0,0,0,803.0
8,12,6,1,,,,58.4,0,0,0,810.0
8,13,6,1,,,,58.0,0,0,0,802.0
8,14,6,1,,,,59.8,0,0,0,760.0
8,15,6,1,,,,57.0,0,0,0,642.0
8,16,6,1,,,,56.1,0,0,0,371.0
8,17,6,1,,,,56.0,0,0,0,183.0
8,18,6,1,,,,52.3,0,0,0,104.0
8,19,6,1,,,,46.0,0,0,0,0.0
8,20,6,1,,,,43.2,0,0,0,0.0
8,21,6,1,,,,43.6,0,0,0,0.0
8,22,6,1,,,,42.9,0,0,0,0.0
8,23,6,1,,,,41.6,0,0,0,0.0
8,24,6,1,,,,41.0,0,0,0,0.0
8,1,7,1,,,,39.6,0,0,0,0.0
8,2,7,1,,,,39.4,0,0,0,0.0
8,3,7,1,,,,40.0,0,0,0,0.0
8,4,7,1,,,,39.6,0,0,0,7.0
8,5,7,1,,,,40.2,0,0,0,253.0
8,6,7,1,,,,39.0,0,0,0,460.0
8,7,7,1,,,,38.4,0,0,0,571.0
8,8,7,1,,,,38.4,0,0,0,691.0
8,9,7,1,,,,39.7,0,0,0,774.0
8,10,7,1,,,,43.2,0,0,0,779.0
8,11,7,1,,,,39.8,0,0,0,763.0
8,12,7,1,,,,39.8,0,0,0,736.0
8,13,7,1,,,,37.8,0,0,0,709.0
8,14,7,1,,,,39.9,0,0,0,755.0
8,15,7,1,,,,39.2,0,0,0,680.0
8,16,7,1,,,,39.6,0,0,0,449.0
8,17,7,1,,,,40.3,0,0,0,211.0
8,18,7,1,,,,40.1,0,0,0,84.0
8,19,7,1,,,,39.3,0,0,0,0.0
8,20,7,1,,,,39.6,0,0,0,0.0
8,21,7,1,,,,39.2,0,0,0,0.0
8,22,7,1,,,,40.0,0,0,0,0.0
8,23,7,1,,,,39.9,0,0,0,0.0
8,24,7,1,,,,38.6,0,0,0,0.0
8,1,1,1,,,,40.0,0,0,0,0.0
8,2,1,1,,,,41.3,0,0,0,0.0
8,3,1,1,,,,41.4,0,0,0,0.0
8,4,1,1,,,,41.2,0,0,0,7.0
8,5,1,1,,,,41.8,0,0,0,240.0
8,6,1,1,,,,41.2,0,0,0,364.0
8,7,1,1,,,,40.2,0,0,0,498.0
8,8,1,1,,,,40.6,0,0,0,783.0
8,9,1,1,,,,41.2,0,0,0,843.0
8,10,1,1,,,,41.0,0,0,0,862.0
8,11,1,1,,,,40.6,0,0,0,858.0
8,12,1,1,,,,37.8,0,0,0,853.0
8,13,1,1,,,,36.7,0,0,0,827.0
8,14,1,1,,,,38.0,0,0,0,793.0
8,15,1,1,,,,39.3,0,0,0,716.0
8,16,1,1,,,,39.4,0,0,0,469.0
8,17,1,1,,,,38.8,0,0,0,221.0
8,18,1,1,,,,39.1,0,0,0,85.0
8,19,1,1,,,,38.8,0,0,0,0.0
8,20,1,1,,,,38.4,0,0,0,0.0
8,21,1,1,,,,39.0,0,0,0,0.0
8,22,1,1,,,,39.0,0,0,0,0.0
8,23,1,1,,,,38.6,0,0,0,0.0
8,24,1,1,,,,37.8,0,0,0,0.0
8,1,2,1,,,,38.1,0,0,0,0.0
8,2,2,1,,,,40.4,0,0,0,0.0
8,3,2,1,,,,40.9,0,0,0,0.0
8,4,2,1,,,,41.0,0,0,0,0.0
8,5,2,1,,,,40.7,0,0,0,40.0
8,6,2,1,,,,40.2,0,0,0,73.0
8,7,2,1,,,,40.0,0,0,0,232.0
8,8,2,1,,,,40.3,0,0,0,622.0
8,9,2,1,,,,47.8,0,0,0,815.0
8,10,2,1,,,,49.1,0,0,0,834.0
8,11,2,1,,,,50.8,0,0,0,834.0
8,12,2,1,,,,53.2,0,0,0,825.0
8,13,2,1,,,,50.7,0,0,0,809.0
8,14,2,1,,,,56.2,0,0,0,761.0
8,15,2,1,,,,55.4,0,0,0,679.0
8,16,2,1,,,,51.4,0,0,0,419.0
8,17,2,1,,,,50.1,0,0,0,219.0
8,18,2,1,,,,47.2,0,0,0,104.0
8,19,2,1,,,,43.6,0,0,0,0.0
8,20,2,1,,,,41.0,0,0,0,0.0
8,21,2,1,,,,41.8,0,0,0,0.0
8,22,2,1,,,,41.0,0,0,0,0.0
8,23,2,1,,,,39.3,0,0,0,0.0
8,24,2,1,,,,40.1,0,0,0,0.0
8,1,3,1,,,,39.8,0,0,0,0.0
8,2,3,1,,,,39.3,0,0,0,0.0
8,3,3,1,,,,38.6,0,0,0,0.0
8,4,3,1,,,,38.4,0,0,0,3.0
8,5,3,1,,,,38.6,0,0,0,232.0
8,6,3,1,,,,38.4,0,0,0,557.0
8,7,3,1,,,,41.1,0,0,0,708.0
8,8,3,1,,,,43.1,0,0,0,757.0
8,9,3,1,,,,51.4,0,0,0,642.0
8,10,3,1,,,,55.0,0,0,0,547.0
8,11,3,1,,,,54.8,0,0,0,506.0
8,12,3,1,,,,53.8,0,0,0,432.0
8,13,3,1,,,,53.4,0,0,0,426.0
8,14,3,1,,,,53.9,0,0,0,433.0
8,15,3,1,,,,57.0,0,0,0,418.0
8,16,3,1,,,,57.2,0,0,0,306.0
8,17,3,1,,,,55.2,0,0,0,161.0
8,18,3,1,,,,48.8,0,0,0,53.0
8,19,3,1,,,,43.8,0,0,0,0.0
8,20,3,1,,,,42.6,0,0,0,0.0
8,21,3,1,,,,42.1,0,0,0,0.0
8,22,3,1,,,,41.9,0,0,0,0.0
8,23,3,1,,,,40.7,0,0,0,0.0
8,24,3,1,,,,38.8,0,0,0,0.0
8,1,4,1,,,,38.6,0,0,0,0.0
8,2,4,1,,,,38.2,0,0,0,0.0
8,3,4,1,,,,38.8,0,0,0,0.0
8,4,4,1,,,,37.8,0,0,0,2.0
8,5,4,1,,,,37.8,0,0,0,279.0
8,6,4,1,,,,36.8,0,0,0,433.0
8,7,4,1,,,,40.0,0,0,0,624.0
8,8,4,1,,,,41.6,0,0,0,798.0
8,9,4,1,,,,51.8,0,0,0,844.0
8,10,4,1,,,,55.2,0,0,0,857.0
8,11,4,1,,,,58.0,0,0,0,857.0
8,12,4,1,,,,56.2,0,0,0,846.0
8,13,4,1,,,,56.3,0,0,0,756.0
8,14,4,1,,,,54.9,0,0,0,491.0
8,15,4,1,,,,55.9,0,0,0,222.0
8,16,4,1,,,,57.2,0,0,0,107.0
8,17,4,1,,,,56.1,0,0,0,53.0
8,18,4,1,,,,49.9,0,0,0,16.0
8,19,4,1,,,,46.4,0,0,0,0.0
8,20,4,1,,,,45.4,0,0,0,0.0
8,21,4,1,,,,43.3,0,0,0,0.0
8,22,4,1,,,,42.8,0,0,0,0.0
8,23,4,1,,,,41.6,0,0,0,0.0
8,24,4,1,,,,40.2,0,0,0,0.0
8,1,5,1,,,,39.4,0,0,0,0.0
8,2,5,1,,,,39.3,0,0,0,0.0
8,3,5,1,,,,39.9,0,0,0,0.0
8,4,5,1,,,,40.6,0,0,0,0.0
8,5,5,1,,,,38.6,0,0,0,19.0
8,6,5,1,,,,38.8,0,0,0,56.0
8,7,5,1,,,,39.0,0,0,0,310.0
8,8,5,1,,,,40.4,0,0,0,646.0
8,9,5,1,,,,44.0,0,0,0,788.0
8,10,5,1,,,,49.4,0,0,0,807.0
8,11,5,1,,,,50.3,0,0,0,802.0
8,12,5,1,,,,54.8,0,0,0,796.0
8,13,5,1,,,,53.0,0,0,0,684.0
8,14,5,1,,,,56.6,0,0,0,589.0
8,15,5,1,,,,58.0,0,0,0,548.0
8,16,5,1,,,,58.0,0,0,0,413.0
8,17,5,1,,,,54.6,0,0,0,261.0
8,18,5,1,,,,50.4,0,0,0,58.0
8,19,5,1,,,,44.2,0,0,0,0.0
8,20,5,1,,,,42.3,0,0,0,0.0
8,21,5,1,,,,42.9,0,0,0,0.0
8,22,5,1,,,,42.2,0,0,0,0.0
8,23,5,1,,,,41.2,0,0,0,0.0
8,24,5,1,,,,41.0,0,0,0,0.0
8,1,6,1,,,,40.5,0,0,0,0.0
8,2,6,1,,,,40.1,0,0,0,0.0
8,3,6,1,,,,39.6,0,0,0,0.0
8,4,6,1,,,,39.4,0,0,0,0.0
8,5,6,1,,,,39.3,0,0,0,8.0
8,6,6,1,,,,37.9,0,0,0,49.0
8,7,6,1,,,,39.1,0,0,0,134.0
8,8,6,1,,,,40.2,0,0,0,209.0
8,9,6,1,,,,45.6,0,0,0,228.0
8,10,6,1,,,,50.9,0,0,0,272.0
8,11,6,1,,,,55.5,0,0,0,339.0
8,12,6,1,,,,56.2,0,0,0,386.0
8,13,6,1,,,,54.5,0,0,0,356.0
8,14,6,1,,,,55.8,0,0,0,312.0
8,15,6,1,,,,58.1,0,0,0,264.0
8,16,6,1,,,,57.8,0,0,0,168.0
8,17,6,1,,,,54.3,0,0,0,121.0
8,18,6,1,,,,48.2,0,0,0,66.0
8,19,6,1,,,,41.9,0,0,0,0.0
8,20,6,1,,,,40.4,0,0,0,0.0
8,21,6,1,,,,40.0,0,0,0,0.0
8,22,6,1,,,,39.4,0,0,0,0.0
8,23,6,1,,,,39.5,0,0,0,0.0
8,24,6,1,,,,39.0,0,0,0,0.0
8,1,7,1,,,,38.1,0,0,0,0.0
8,2,7,1,,,,38.4,0,0,0,0.0
8,3,7,1,,,,38.5,0,0,0,0.0
8,4,7,1,,,,38.8,0,0,0,0.0
8,5,7,1,,,,38.2,0,0,0,228.0
8,6,7,1,,,,37.4,0,0,0,483.0
8,7,7,1,,,,37.2,0,0,0,581.0
8,8,7,1,,,,41.6,0,0,0,590.0
8,9,7,1,,,,41.4,0,0,0,524.0
8,10,7,1,,,,41.4,0,0,0,409.0
8,11,7,1,,,,42.9,0,0,0,490.0
8,12,7,1,,,,42.8,0,0,0,248.0
8,13,7,1,,,,41.3,0,0,0,173.0
8,14,7,1,,,,42.8,0,0,0,165.0
8,15,7,1,,,,43.8,0,0,0,101.0
8,16,7,1,,,,41.0,0,0,0,47.0
8,17,7,1,,,,40.3,0,0,0,33.0
8,18,7,1,,,,38.8,0,0,0,8.0
8,19,7,1,,,,38.9,0,0,0,0.0
8,20,7,1,,,,38.4,0,0,0,0.0
8,21,7,1,,,,39.9,0,0,0,0.0
8,22,7,1,,,,39.5,0,0,0,0.0
8,23,7,1,,,,40.0,0,0,0,0.0
8,24,7,1,,,,39.1,0,0,0,0.0
8,1,1,1,,,,39.6,0,0,0,0.0
8,2,1,1,,,,39.5,0,0,0,0.0
8,3,1,1,,,,38.5,0,0,0,0.0
8,4,1,1,,,,38.1,0,0,0,0.0
8,5,1,1,,,,38.0,0,0,0,250.0
8,6,1,1,,,,37.4,0,0,0,568.0
8,7,1,1,,,,36.9,0,0,0,711.0
8,8,1,1,,,,37.4,0,0,0,781.0
8,9,1,1,,,,37.1,0,0,0,817.0
8,10,1,1,,,,38.4,0,0,0,827.0
8,11,1,1,,,,38.5,0,0,0,831.0
8,12,1,1,,,,39.3,0,0,0,825.0
8,13,1,1,,,,38.0,0,0,0,784.0
8,14,1,1,,,,41.6,0,0,0,702.0
8,15,1,1,,,,42.4,0,0,0,578.0
8,16,1,1,,,,42.3,0,0,0,308.0
8,17,1,1,,,,41.3,0,0,0,115.0
8,18,1,1,,,,41.8,0,0,0,16.0
8,19,1,1,,,,40.0,0,0,0,0.0
8,20,1,1,,,,39.8,0,0,0,0.0
8,21,1,1,,,,40.0,0,0,0,0.0
8,22,1,1,,,,40.6,0,0,0,0.0
8,23,1,1,,,,39.0,0,0,0,0.0
8,24,1,1,,,,38.6,0,0,0,0.0
8,1,2,1,,,,38.3,0,0,0,0.0
8,2,2,1,,,,38.2,0,0,0,0.0
8,3,2,1,,,,37.4,0,0,0,0.0
8,4,2,1,,,,38.3,0,0,0,0.0
8,5,2,1,,,,37.8,0,0,0,232.0
8,6,2,1,,,,37.0,0,0,0,555.0
8,7,2,1,,,,36.6,0,0,0,717.0
8,8,2,1,,,,39.1,0,0,0,780.0
8,9,2,1,,,,49.9,0,0,0,815.0
8,10,2,1,,,,52.6,0,0,0,820.0
8,11,2,1,,,,54.9,0,0,0,784.0
8,12,2,1,,,,56.8,0,0,0,807.0
8,13,2,1,,,,54.3,0,0,0,800.0
8,14,2,1,,,,54.1,0,0,0,730.0
8,15,2,1,,,,54.6,0,0,0,630.0
8,16,2,1,,,,55.0,0,0,0,411.0
8,17,2,1,,,,52.9,0,0,0,208.0
8,18,2,1,,,,47.4,0,0,0,60.0
8,19,2,1,,,,43.7,0,0,0,0.0
8,20,2,1,,,,42.0,0,0,0,0.0
8,21,2,1,,,,41.2,0,0,0,0.0
8,22,2,1,,,,41.0,0,0,0,0.0
8,23,2,1,,,,41.2,0,0,0,0.0
8,24,2,1,,,,40.7,0,0,0,0.0
8,1,3,1,,,,38.4,0,0,0,0.0
8,2,3,1,,,,37.9,0,0,0,0.0
8,3,3,1,,,,38.4,0,0,0,0.0
8,4,3,1,,,,38.1,0,0,0,0.0
8,5,3,1,,,,37.5,0,0,0,96.0
8,6,3,1,,,,36.3,0,0,0,308.0
8,7,3,1,,,,37.0,0,0,0,661.0
8,8,3,1,,,,39.2,0,0,0,802.0
8,9,3,1,,,,45.5,0,0,0,827.0
8,10,3,1,,,,48.2,0,0,0,793.0
8,11,3,1,,,,55.0,0,0,0,766.0
8,12,3,1,,,,56.4,0,0,0,804.0
8,13,3,1,,,,54.1,0,0,0,808.0
8,14,3,1,,,,55.3,0,0,0,742.0
8,15,3,1,,,,54.3,0,0,0,621.0
8,16,3,1,,,,52.8,0,0,0,321.0
8,17,3,1,,,,49.8,0,0,0,157.0
8,18,3,1,,,,48.6,0,0,0,53.0
8,19,3,1,,,,44.6,0,0,0,0.0
8,20,3,1,,,,43.2,0,0,0,0.0
8,21,3,1,,,,42.7,0,0,0,0.0
8,22,3,1,,,,41.0,0,0,0,0.0
8,23,3,1,,,,39.8,0,0,0,0.0
8,24,3,1,,,,39.3,0,0,0,0.0
8,1,4,1,,,,39.2,0,0,0,0.0
8,2,4,1,,,,39.0,0,0,0,0.0
8,3,4,1,,,,38.6,0,0,0,0.0
8,4,4,1,,,,37.7,0,0,0,0.0
8,5,4,1,,,,38.0,0,0,0,88.0
8,6,4,1,,,,36.9,0,0,0,252.0
8,7,4,1,,,,38.9,0,0,0,240.0
8,8,4,1,,,,42.2,0,0,0,231.0
8,9,4,1,,,,50.9,0,0,0,262.0
8,10,4,1,,,,54.9,0,0,0,348.0
8,11,4,1,,,,56.5,0,0,0,666.0
8,12,4,1,,,,58.2,0,0,0,822.0
8,13,4,1,,,,56.3,0,0,0,798.0
8,14,4,1,,,,59.8,0,0,0,700.0
8,15,4,1,,,,58.0,0,0,0,365.0
8,16,4,1,,,,55.4,0,0,0,99.0
8,17,4,1,,,,57.6,0,0,0,25.0
8,18,4,1,,,,50.2,0,0,0,3.0
8,19,4,1,,,,44.6,0,0,0,0.0
8,20,4,1,,,,46.4,0,0,0,0.0
8,21,4,1,,,,46.0,0,0,0,0.0
8,22,4,1,,,,44.5,0,0,0,0.0
8,23,4,1,,,,44.5,0,0,0,0.0
8,24,4,1,,,,42.0,0,0,0,0.0
8,1,5,1,,,,41.3,0,0,0,0.0
8,2,5,1,,,,41.1,0,0,0,0.0
8,3,5,1,,,,40.3,0,0,0,0.0
8,4,5,1,,,,40.4,0,0,0,0.0
8,5,5,1,,,,39.8,0,0,0,3.0
8,6,5,1,,,,39.8,0,0,0,34.0
8,7,5,1,,,,38.4,0,0,0,98.0
8,8,5,1,,,,40.7,0,0,0,198.0
8,9,5,1,,,,50.0,0,0,0,331.0
8,10,5,1,,,,58.1,0,0,0,489.0
8,11,5,1,,,,58.4,0,0,0,634.0
8,12,5,1,,,,58.3,0,0,0,689.0
8,13,5,1,,,,56.4,0,0,0,652.0
8,14,5,1,,,,57.2,0,0,0,560.0
8,15,5,1,,,,62.6,0,0,0,420.0
8,16,5,1,,,,62.5,0,0,0,215.0
8,17,5,1,,,,58.8,0,0,0,135.0
8,18,5,1,,,,53.2,0,0,0,39.0
8,19,5,1,,,,48.7,0,0,0,0.0
8,20,5,1,,,,48.2,0,0,0,0.0
8,21,5,1,,,,45.4,0,0,0,0.0
8,22,5,1,,,,44.1,0,0,0,0.0
8,23,5,1,,,,43.0,0,0,0,0.0
8,24,5,1,,,,42.2,0,0,0,0.0
8,1,6,1,,,,42.1,0,0,0,0.0
8,2,6,1,,,,41.5,0,0,0,0.0
8,3,6,1,,,,42.0,0,0,0,0.0
8,4,6,1,,,,41.9,0,0,0,0.0
8,5,6,1,,,,42.2,0,0,0,17.0
8,6,6,1,,,,41.3,0,0,0,105.0
8,7,6,1,,,,41.5,0,0,0,324.0
8,8,6,1,,,,44.2,0,0,0,607.0
8,9,6,1,,,,49.8,0,0,0,737.0
8,10,6,1,,,,54.6,0,0,0,776.0
8,11,6,1,,,,61.2,0,0,0,747.0
8,12,6,1,,,,63.3,0,0,0,722.0
8,13,6,1,,,,58.1,0,0,0,571.0
8,14,6,1,,,,60.0,0,0,0,356.0
8,15,6,1,,,,57.4,0,0,0,195.0
8,16,6,1,,,,57.6,0,0,0,92.0
8,17,6,1,,,,54.4,0,0,0,29.0
8,18,6,1,,,,50.1,0,0,0,2.0
8,19,6,1,,,,43.0,0,0,0,0.0
8,20,6,1,,,,41.2,0,0,0,0.0
8,21,6,1,,,,41.4,0,0,0,0.0
8,22,6,1,,,,40.7,0,0,0,0.0
8,23,6,1,,,,40.7,0,0,0,0.0
8,24,6,1,,,,40.4,0,0,0,0.0
8,1,7,1,,,,40.4,0,0,0,0.0
8,2,7,1,,,,39.9,0,0,0,0.0
8,3,7,1,,,,40.2,0,0,0,0.0
8,4,7,1,,,,39.8,0,0,0,0.0
8,5,7,1,,,,40.6,0,0,0,1.0
8,6,7,1,,,,38.7,0,0,0,15.0
8,7,7,1,,,,38.2,0,0,0,39.0
8,8,7,1,,,,38.9,0,0,0,80.0
8,9,7,1,,,,38.5,0,0,0,153.0
8,10,7,1,,,,37.6,0,0,0,190.0
8,11,7,1,,,,38.2,0,0,0,202.0
8,12,7,1,,,,38.2,0,0,0,208.0
8,13,7,1,,,,36.9,0,0,0,274.0
8,14,7,1,,,,39.2,0,0,0,270.0
8,15,7,1,,,,40.8,0,0,0,140.0
8,16,7,1,,,,38.8,0,0,0,55.0
8,17,7,1,,,,39.0,0,0,0,15.0
8,18,7,1,,,,38.9,0,0,0,0.0
8,19,7,1,,,,39.1,0,0,0,0.0
8,20,7,1,,,,39.7,0,0,0,0.0
8,21,7,1,,,,40.3,0,0,0,0.0
8,22,7,1,,,,40.0,0,0,0,0.0
8,23,7,1,,,,37.9,0,0,0,0.0
8,24,7,1,,,,37.4,0,0,0,0.0
8,1,1,1,,,,37.0,0,0,0,0.0
8,2,1,1,,,,37.1,0,0,0,0.0
8,3,1,1,,,,37.8,0,0,0,0.0
8,4,1,1,,,,37.5,0,0,0,0.0
8,5,1,1,,,,37.0,0,0,0,5.0
8,6,1,1,,,,37.2,0,0,0,69.0
8,7,1,1,,,,35.9,0,0,0,231.0
8,8,1,1,,,,35.8,0,0,0,552.0
8,9,1,1,,,,36.4,0,0,0,727.0
8,10,1,1,,,,36.5,0,0,0,785.0
8,11,1,1,,,,36.0,0,0,0,809.0
8,12,1,1,,,,37.7,0,0,0,803.0
8,13,1,1,,,,35.8,0,0,0,790.0
8,14,1,1,,,,39.8,0,0,0,754.0
8,15,1,1,,,,38.2,0,0,0,684.0
8,16,1,1,,,,39.6,0,0,0,557.0
8,17,1,1,,,,39.5,0,0,0,311.0
8,18,1,1,,,,38.9,0,0,0,80.0
8,19,1,1,,,,38.0,0,0,0,0.0
8,20,1,1,,,,38.6,0,0,0,0.0
8,21,1,1,,,,38.9,0,0,0,0.0
8,22,1,1,,,,37.7,0,0,0,0.0
8,23,1,1,,,,37.2,0,0,0,0.0
8,24,1,1,,,,38.2,0,0,0,0.0
8,1,2,1,,,,37.6,0,0,0,0.0
8,2,2,1,,,,37.3,0,0,0,0.0
8,3,2,1,,,,37.6,0,0,0,0.0
8,4,2,1,,,,38.0,0,0,0,0.0
8,5,2,1,,,,37.5,0,0,0,183.0
8,6,2,1,,,,36.6,0,0,0,490.0
8,7,2,1,,,,36.2,0,0,0,690.0
8,8,2,1,,,,36.4,0,0,0,783.0
8,9,2,1,,,,37.8,0,0,0,821.0
8,10,2,1,,,,40.1,0,0,0,846.0
8,11,2,1,,,,41.5,0,0,0,852.0
8,12,2,1,,,,43.0,0,0,0,848.0
8,13,2,1,,,,41.0,0,0,0,840.0
8,14,2,1,,,,42.4,0,0,0,821.0
8,15,2,1,,,,47.1,0,0,0,781.0
8,16,2,1,,,,43.3,0,0,0,702.0
8,17,2,1,,,,43.7,0,0,0,531.0
8,18,2,1,,,,43.2,0,0,0,224.0
8,19,2,1,,,,42.5,0,0,0,0.0
8,20,2,1,,,,41.1,0,0,0,0.0
8,21,2,1,,,,44.6,0,0,0,0.0
8,22,2,1,,,,43.6,0,0,0,0.0
8,23,2,1,,,,41.9,0,0,0,0.0
8,24,2,1,,,,38.9,0,0,0,0.0
8,1,3,1,,,,39.5,0,0,0,0.0
8,2,3,1,,,,38.6,0,0,0,0.0
8,3,3,1,,,,37.9,0,0,0,0.0
8,4,3,1,,,,38.1,0,0,0,0.0
8,5,3,1,,,,38.7,0,0,0,308.0
8,6,3,1,,,,38.6,0,0,0,635.0
8,7,3,1,,,,37.2,0,0,0,786.0
8,8,3,1,,,,41.1,0,0,0,851.0
8,9,3,1,,,,50.0,0,0,0,874.0
8,10,3,1,,,,54.1,0,0,0,886.0
8,11,3,1,,,,52.8,0,0,0,887.0
8,12,3,1,,,,54.0,0,0,0,880.0
8,13,3,1,,,,54.8,0,0,0,866.0
8,14,3,1,,,,55.6,0,0,0,841.0
8,15,3,1,,,,55.4,0,0,0,794.0
8,16,3,1,,,,57.6,0,0,0,697.0
8,17,3,1,,,,56.5,0,0,0,516.0
8,18,3,1,,,,50.2,0,0,0,204.0
8,19,3,1,,,,45.9,0,0,0,0.0
8,20,3,1,,,,45.2,0,0,0,0.0
8,21,3,1,,,,45.0,0,0,0,0.0
8,22,3,1,,,,44.5,0,0,0,0.0
8,23,3,1,,,,41.8,0,0,0,0.0
8,24,3,1,,,,43.5,0,0,0,0.0
8,1,4,1,,,,42.3,0,0,0,0.0
8,2,4,1,,,,41.3,0,0,0,0.0
8,3,4,1,,,,40.8,0,0,0,0.0
8,4,4,1,,,,41.4,0,0,0,0.0
8,5,4,1,,,,40.9,0,0,0,244.0
8,6,4,1,,,,39.9,0,0,0,591.0
8,7,4,1,,,,39.1,0,0,0,760.0
8,8,4,1,,,,42.0,0,0,0,830.0
8,9,4,1,,,,48.9,0,0,0,862.0
8,10,4,1,,,,55.9,0,0,0,875.0
8,11,4,1,,,,58.2,0,0,0,875.0
8,12,4,1,,,,59.5,0,0,0,861.0
8,13,4,1,,,,55.3,0,0,0,849.0
8,14,4,1,,,,64.1,0,0,0,808.0
8,15,4,1,,,,58.0,0,0,0,702.0
8,16,4,1,,,,60.1,0,0,0,516.0
8,17,4,1,,,,56.9,0,0,0,248.0
8,18,4,1,,,,52.8,0,0,0,48.0
8,19,4,1,,,,48.6,0,0,0,0.0
8,20,4,1,,,,46.8,0,0,0,0.0
8,21,4,1,,,,46.5,0,0,0,0.0
8,22,4,1,,,,45.5,0,0,0,0.0
8,23,4,1,,,,46.8,0,0,0,0.0
8,24,4,1,,,,49.0,0,0,0,0.0
8,1,5,1,,,,47.2,0,0,0,0.0
8,2,5,1,,,,47.8,0,0,0,0.0
8,3,5,1,,,,47.6,0,0,0,0.0
8,4,5,1,,,,47.8,0,0,0,0.0
8,5,5,1,,,,46.0,0,0,0,54.0
8,6,5,1,,,,45.8,0,0,0,321.0
8,7,5,1,,,,44.6,0,0,0,599.0
8,8,5,1,,,,46.4,0,0,0,695.0
8,9,5,1,,,,52.9,0,0,0,695.0
8,10,5,1,,,,56.8,0,0,0,730.0
8,11,5,1,,,,57.5,0,0,0,780.0
8,12,5,1,,,,59.9,0,0,0,822.0
8,13,5,1,,,,58.0,0,0,0,835.0
8,14,5,1,,,,59.8,0,0,0,807.0
8,15,5,1,,,,60.6,0,0,0,689.0
8,16,5,1,,,,61.0,0,0,0,444.0
8,17,5,1,,,,57.6,0,0,0,188.0
8,18,5,1,,,,53.0,0,0,0,31.0
8,19,5,1,,,,48.6,0,0,0,0.0
8,20,5,1,,,,46.3,0,0,0,0.0
8,21,5,1,,,,45.5,0,0,0,0.0
8,22,5,1,,,,44.2,0,0,0,0.0
8,23,5,1,,,,44.8,0,0,0,0.0
8,24,5,1,,,,44.7,0,0,0,0.0
8,1,6,1,,,,44.9,0,0,0,0.0
8,2,6,1,,,,44.2,0,0,0,0.0
8,3,6,1,,,,41.8,0,0,0,0.0
8,4,6,1,,,,41.4,0,0,0,0.0
8,5,6,1,,,,41.4,0,0,0,89.0
8,6,6,1,,,,41.0,0,0,0,350.0
8,7,6,1,,,,39.5,0,0,0,629.0
8,8,6,1,,,,41.4,0,0,0,736.0
8,9,6,1,,,,49.3,0,0,0,788.0
8,10,6,1,,,,52.8,0,0,0,817.0
8,11,6,1,,,,58.0,0,0,0,831.0
8,12,6,1,,,,59.1,0,0,0,837.0
8,13,6,1,,,,57.6,0,0,0,825.0
8,14,6,1,,,,62.2,0,0,0,798.0
8,15,6,1,,,,65.1,0,0,0,724.0
8,16,6,1,,,,64.0,0,0,0,416.0
8,17,6,1,,,,60.6,0,0,0,127.0
8,18,6,1,,,,55.1,0,0,0,32.0
8,19,6,1,,,,45.1,0,0,0,0.0
8,20,6,1,,,,43.2,0,0,0,0.0
8,21,6,1,,,,43.6,0,0,0,0.0
8,22,6,1,,,,43.8,0,0,0,0.0
8,23,6,1,,,,42.8,0,0,0,0.0
8,24,6,1,,,,43.4,0,0,0,0.0
8,1,7,1,,,,44.2,0,0,0,0.0
8,2,7,1,,,,43.5,0,0,0,0.0
8,3,7,1,,,,42.8,0,0,0,0.0
8,4,7,1,,,,42.2,0,0,0,0.0
8,5,7,1,,,,42.2,0,0,0,194.0
8,6,7,1,,,,39.8,0,0,0,623.0
8,7,7,1,,,,38.3,0,0,0,798.0
8,8,7,1,,,,38.6,0,0,0,867.0
8,9,7,1,,,,39.4,0,0,0,897.0
8,10,7,1,,,,39.2,0,0,0,907.0
8,11,7,1,,,,41.6,0,0,0,907.0
8,12,7,1,,,,42.5,0,0,0,900.0
8,13,7,1,,,,40.8,0,0,0,885.0
8,14,7,1,,,,42.4,0,0,0,859.0
8,15,7,1,,,,42.0,0,0,0,812.0
8,16,7,1,,,,41.1,0,0,0,716.0
8,17,7,1,,,,41.2,0,0,0,322.0
8,18,7,1,,,,39.8,0,0,0,14.0
8,19,7,1,,,,39.5,0,0,0,0.0
8,20,7,1,,,,39.6,0,0,0,0.0
8,21,7,1,,,,41.2,0,0,0,0.0
8,22,7,1,,,,40.5,0,0,0,0.0
8,23,7,1,,,,40.4,0,0,0,0.0
8,24,7,1,,,,40.1,0,0,0,0.0
9,1,1,1,,,,39.7,0,0,0,0.0
9,2,1,1,,,,39.3,0,0,0,0.0
9,3,1,1,,,,42.2,0,0,0,0.0
9,4,1,1,,,,41.7,0,0,0,0.0
9,5,1,1,,,,41.5,0,0,0,2.0
9,6,1,1,,,,40.9,0,0,0,29.0
9,7,1,1,,,,38.2,0,0,0,93.0
9,8,1,1,,,,36.5,0,0,0,222.0
9,9,1,1,,,,36.5,0,0,0,421.0
9,10,1,1,,,,37.6,0,0,0,456.0
9,11,1,1,,,,38.2,0,0,0,463.0
9,12,1,1,,,,38.5,0,0,0,626.0
9,13,1,1,,,,38.2,0,0,0,776.0
9,14,1,1,,,,40.2,0,0,0,770.0
9,15,1,1,,,,41.8,0,0,0,721.0
9,16,1,1,,,,40.8,0,0,0,581.0
9,17,1,1,,,,40.9,0,0,0,329.0
9,18,1,1,,,,41.3,0,0,0,35.0
9,19,1,1,,,,40.3,0,0,0,0.0
9,20,1,1,,,,40.6,0,0,0,0.0
9,21,1,1,,,,41.3,0,0,0,0.0
9,22,1,1,,,,40.1,0,0,0,0.0
9,23,1,1,,,,39.2,0,0,0,0.0
9,24,1,1,,,,39.1,0,0,0,0.0
9,1,2,1,,,,38.5,0,0,0,0.0
9,2,2,1,,,,39.0,0,0,0,0.0
9,3,2,1,,,,37.7,0,0,0,0.0
9,4,2,1,,,,38.2,0,0,0,0.0
9,5,2,1,,,,38.5,0,0,0,95.0
9,6,2,1,,,,40.2,0,0,0,418.0
9,7,2,1,,,,40.7,0,0,0,617.0
9,8,2,1,,,,41.6,0,0,0,735.0
9,9,2,1,,,,49.9,0,0,0,813.0
9,10,2,1,,,,55.2,0,0,0,826.0
9,11,2,1,,,,58.8,0,0,0,823.0
9,12,2,1,,,,62.2,0,0,0,822.0
9,13,2,1,,,,57.6,0,0,0,795.0
9,14,2,1,,,,59.8,0,0,0,716.0
9,15,2,1,,,,62.0,0,0,0,640.0
9,16,2,1,,,,62.3,0,0,0,402.0
9,17,2,1,,,,60.2,0,0,0,252.0
9,18,2,1,,,,54.1,0,0,0,50.0
9,19,2,1,,,,47.8,0,0,0,0.0
9,20,2,1,,,,46.8,0,0,0,0.0
9,21,2,1,,,,47.8,0,0,0,0.0
9,22,2,1,,,,48.2,0,0,0,0.0
9,23,2,1,,,,47.8,0,0,0,0.0
9,24,2,1,,,,47.6,0,0,0,0.0
9,1,3,1,,,,47.9,0,0,0,0.0
9,2,3,1,,,,47.6,0,0,0,0.0
9,3,3,1,,,,46.6,0,0,0,0.0
9,4,3,1,,,,46.1,0,0,0,0.0
9,5,3,1,,,,45.9,0,0,0,64.0
9,6,3,1,,,,45.8,0,0,0,383.0
9,7,3,1,,,,45.9,0,0,0,631.0
9,8,3,1,,,,48.8,0,0,0,732.0
9,9,3,1,,,,54.9,0,0,0,712.0
9,10,3,1,,,,55.4,0,0,0,612.0
9,11,3,1,,,,58.2,0,0,0,563.0
9,12,3,1,,,,59.4,0,0,0,523.0
9,13,3,1,,,,58.8,0,0,0,399.0
9,14,3,1,,,,60.5,0,0,0,324.0
9,15,3,1,,,,58.9,0,0,0,226.0
9,16,3,1,,,,58.2,0,0,0,160.0
9,17,3,1,,,,56.4,0,0,0,115.0
9,18,3,1,,,,52.0,0,0,0,21.0
9,19,3,1,,,,46.8,0,0,0,0.0
9,20,3,1,,,,47.1,0,0,0,0.0
9,21,3,1,,,,49.0,0,0,0,0.0
9,22,3,1,,,,48.2,0,0,0,0.0
9,23,3,1,,,,47.0,0,0,0,0.0
9,24,3,1,,,,46.0,0,0,0,0.0
9,1,4,1,,,,45.4,0,0,0,0.0
9,2,4,1,,,,46.8,0,0,0,0.0
9,3,4,1,,,,46.4,0,0,0,0.0
9,4,4,1,,,,46.6,0,0,0,0.0
9,5,4,1,,,,44.9,0,0,0,72.0
9,6,4,1,,,,45.7,0,0,0,451.0
9,7,4,1,,,,44.9,0,0,0,660.0
9,8,4,1,,,,48.8,0,0,0,764.0
9,9,4,1,,,,55.8,0,0,0,809.0
9,10,4,1,,,,60.0,0,0,0,837.0
9,11,4,1,,,,62.8,0,0,0,841.0
9,12,4,1,,,,66.8,0,0,0,781.0
9,13,4,1,,,,62.2,0,0,0,731.0
9,14,4,1,,,,64.1,0,0,0,631.0
9,15,4,1,,,,64.8,0,0,0,534.0
9,16,4,1,,,,63.8,0,0,0,496.0
9,17,4,1,,,,60.3,0,0,0,330.0
9,18,4,1,,,,57.4,0,0,0,43.0
9,19,4,1,,,,49.0,0,0,0,0.0
9,20,4,1,,,,45.8,0,0,0,0.0
9,21,4,1,,,,45.8,0,0,0,0.0
9,22,4,1,,,,45.0,0,0,0,0.0
9,23,4,1,,,,45.0,0,0,0,0.0
9,24,4,1,,,,44.6,0,0,0,0.0
9,1,5,1,,,,43.6,0,0,0,0.0
9,2,5,1,,,,42.7,0,0,0,0.0
9,3,5,1,,,,43.1,0,0,0,0.0
9,4,5,1,,,,43.6,0,0,0,0.0
9,5,5,1,,,,42.5,0,0,0,43.0
9,6,5,1,,,,41.5,0,0,0,380.0
9,7,5,1,,,,41.2,0,0,0,614.0
9,8,5,1,,,,44.9,0,0,0,726.0
9,9,5,1,,,,52.2,0,0,0,766.0
9,10,5,1,,,,57.2,0,0,0,795.0
9,11,5,1,,,,57.6,0,0,0,806.0
9,12,5,1,,,,59.4,0,0,0,801.0
9,13,5,1,,,,59.2,0,0,0,782.0
9,14,5,1,,,,60.4,0,0,0,740.0
9,15,5,1,,,,61.2,0,0,0,682.0
9,16,5,1,,,,62.9,0,0,0,552.0
9,17,5,1,,,,60.5,0,0,0,277.0
9,18,5,1,,,,54.4,0,0,0,22.0
9,19,5,1,,,,49.2,0,0,0,0.0
9,20,5,1,,,,47.6,0,0,0,0.0
9,21,5,1,,,,45.8,0,0,0,0.0
9,22,5,1,,,,43.0,0,0,0,0.0
9,23,5,1,,,,42.8,0,0,0,0.0
9,24,5,1,,,,42.4,0,0,0,0.0
9,1,6,1,,,,43.0,0,0,0,0.0
9,2,6,1,,,,41.9,0,0,0,0.0
9,3,6,1,,,,42.6,0,0,0,0.0
9,4,6,1,,,,42.1,0,0,0,0.0
9,5,6,1,,,,42.2,0,0,0,4.0
9,6,6,1,,,,41.4,0,0,0,103.0
9,7,6,1,,,,43.2,0,0,0,245.0
9,8,6,1,,,,43.7,0,0,0,249.0
9,9,6,1,,,,54.0,0,0,0,204.0
9,10,6,1,,,,61.2,0,0,0,243.0
9,11,6,1,,,,62.8,0,0,0,334.0
9,12,6,1,,,,63.9,0,0,0,454.0
9,13,6,1,,,,62.0,0,0,0,471.0
9,14,6,1,,,,60.8,0,0,0,396.0
9,15,6,1,,,,61.2,0,0,0,247.0
9,16,6,1,,,,58.8,0,0,0,143.0
9,17,6,1,,,,57.6,0,0,0,75.0
9,18,6,1,,,,52.1,0,0,0,2.0
9,19,6,1,,,,46.2,0,0,0,0.0
9,20,6,1,,,,42.5,0,0,0,0.0
9,21,6,1,,,,40.9,0,0,0,0.0
9,22,6,1,,,,42.7,0,0,0,0.0
9,23,6,1,,,,42.7,0,0,0,0.0
9,24,6,1,,,,43.6,0,0,0,0.0
9,1,7,1,,,,43.7,0,0,0,0.0
9,2,7,1,,,,43.1,0,0,0,0.0
9,3,7,1,,,,43.2,0,0,0,0.0
9,4,7,1,,,,42.4,0,0,0,0.0
9,5,7,1,,,,42.1,0,0,0,12.0
9,6,7,1,,,,42.1,0,0,0,174.0
9,7,7,1,,,,40.8,0,0,0,357.0
9,8,7,1,,,,44.0,0,0,0,632.0
9,9,7,1,,,,44.6,0,0,0,789.0
9,10,7,1,,,,44.5,0,0,0,803.0
9,11,7,1,,,,44.6,0,0,0,755.0
9,12,7,1,,,,44.2,0,0,0,726.0
9,13,7,1,,,,42.4,0,0,0,688.0
9,14,7,1,,,,44.0,0,0,0,652.0
9,15,7,1,,,,45.5,0,0,0,540.0
9,16,7,1,,,,45.5,0,0,0,510.0
9,17,7,1,,,,46.0,0,0,0,244.0
9,18,7,1,,,,45.2,0,0,0,12.0
9,19,7,1,,,,44.4,0,0,0,0.0
9,20,7,1,,,,45.2,0,0,0,0.0
9,21,7,1,,,,44.6,0,0,0,0.0
9,22,7,1,,,,43.8,0,0,0,0.0
9,23,7,1,,,,42.6,0,0,0,0.0
9,24,7,1,,,,41.9,0,0,0,0.0
9,1,1,1,,,,41.3,0,0,0,0.0
9,2,1,1,,,,40.8,0,0,0,0.0
9,3,1,1,,,,40.6,0,0,0,0.0
9,4,1,1,,,,40.6,0,0,0,0.0
9,5,1,1,,,,40.4,0,0,0,23.0
9,6,1,1,,,,40.2,0,0,0,365.0
9,7,1,1,,,,38.9,0,0,0,668.0
9,8,1,1,,,,39.2,0,0,0,780.0
9,9,1,1,,,,40.1,0,0,0,817.0
9,10,1,1,,,,41.2,0,0,0,803.0
9,11,1,1,,,,40.8,0,0,0,720.0
9,12,1,1,,,,41.3,0,0,0,558.0
9,13,1,1,,,,40.8,0,0,0,396.0
9,14,1,1,,,,42.9,0,0,0,308.0
9,15,1,1,,,,42.8,0,0,0,172.0
9,16,1,1,,,,42.5,0,0,0,76.0
9,17,1,1,,,,43.8,0,0,0,20.0
9,18,1,1,,,,42.8,0,0,0,0.0
9,19,1,1,,,,42.2,0,0,0,0.0
9,20,1,1,,,,41.8,0,0,0,0.0
9,21,1,1,,,,40.8,0,0,0,0.0
9,22,1,1,,,,40.5,0,0,0,0.0
9,23,1,1,,,,40.8,0,0,0,0.0
9,24,1,1,,,,40.4,0,0,0,0.0
9,1,2,1,,,,40.2,0,0,0,0.0
9,2,2,1,,,,40.1,0,0,0,0.0
9,3,2,1,,,,39.9,0,0,0,0.0
9,4,2,1,,,,40.7,0,0,0,0.0
9,5,2,1,,,,40.5,0,0,0,7.0
9,6,2,1,,,,41.2,0,0,0,100.0
9,7,2,1,,,,37.5,0,0,0,190.0
9,8,2,1,,,,39.0,0,0,0,265.0
9,9,2,1,,,,48.8,0,0,0,299.0
9,10,2,1,,,,58.0,0,0,0,344.0
9,11,2,1,,,,59.8,0,0,0,229.0
9,12,2,1,,,,62.2,0,0,0,180.0
9,13,2,1,,,,61.8,0,0,0,223.0
9,14,2,1,,,,63.5,0,0,0,169.0
9,15,2,1,,,,61.9,0,0,0,153.0
9,16,2,1,,,,59.8,0,0,0,152.0
9,17,2,1,,,,55.5,0,0,0,91.0
9,18,2,1,,,,52.0,0,0,0,2.0
9,19,2,1,,,,47.3,0,0,0,0.0
9,20,2,1,,,,45.9,0,0,0,0.0
9,21,2,1,,,,43.8,0,0,0,0.0
9,22,2,1,,,,43.2,0,0,0,0.0
9,23,2,1,,,,41.5,0,0,0,0.0
9,24,2,1,,,,42.1,0,0,0,0.0
9,1,3,1,,,,40.9,0,0,0,0.0
9,2,3,1,,,,40.6,0,0,0,0.0
9,3,3,1,,,,40.0,0,0,0,0.0
9,4,3,1,,,,40.7,0,0,0,0.0
9,5,3,1,,,,41.6,0,0,0,0.0
9,6,3,1,,,,41.2,0,0,0,86.0
9,7,3,1,,,,39.6,0,0,0,359.0
9,8,3,1,,,,44.3,0,0,0,283.0
9,9,3,1,,,,51.8,0,0,0,265.0
9,10,3,1,,,,56.5,0,0,0,379.0
9,11,3,1,,,,57.1,0,0,0,274.0
9,12,3,1,,,,59.0,0,0,0,206.0
9,13,3,1,,,,59.7,0,0,0,168.0
9,14,3,1,,,,62.1,0,0,0,125.0
9,15,3,1,,,,63.8,0,0,0,92.0
9,16,3,1,,,,66.2,0,0,0,43.0
9,17,3,1,,,,63.7,0,0,0,3.0
9,18,3,1,,,,53.2,0,0,0,0.0
9,19,3,1,,,,44.7,0,0,0,0.0
9,20,3,1,,,,44.4,0,0,0,0.0
9,21,3,1,,,,42.6,0,0,0,0.0
9,22,3,1,,,,41.4,0,0,0,0.0
9,23,3,1,,,,41.1,0,0,0,0.0
9,24,3,1,,,,43.8,0,0,0,0.0
9,1,4,1,,,,43.2,0,0,0,0.0
9,2,4,1,,,,44.0,0,0,0,0.0
9,3,4,1,,,,43.7,0,0,0,0.0
9,4,4,1,,,,42.4,0,0,0,0.0
9,5,4,1,,,,41.5,0,0,0,1.0
9,6,4,1,,,,39.2,0,0,0,95.0
9,7,4,1,,,,39.3,0,0,0,214.0
9,8,4,1,,,,45.5,0,0,0,296.0
9,9,4,1,,,,53.3,0,0,0,476.0
9,10,4,1,,,,59.0,0,0,0,503.0
9,11,4,1,,,,59.7,0,0,0,467.0
9,12,4,1,,,,61.4,0,0,0,426.0
9,13,4,1,,,,58.7,0,0,0,359.0
9,14,4,1,,,,60.5,0,0,0,249.0
9,15,4,1,,,,61.6,0,0,0,113.0
9,16,4,1,,,,62.5,0,0,0,32.0
9,17,4,1,,,,59.1,0,0,0,8.0
9,18,4,1,,,,53.6,0,0,0,0.0
9,19,4,1,,,,50.2,0,0,0,0.0
9,20,4,1,,,,50.0,0,0,0,0.0
9,21,4,1,,,,49.7,0,0,0,0.0
9,22,4,1,,,,46.2,0,0,0,0.0
9,23,4,1,,,,46.6,0,0,0,0.0
9,24,4,1,,,,46.2,0,0,0,0.0
9,1,5,1,,,,46.0,0,0,0,0.0
9,2,5,1,,,,45.7,0,0,0,0.0
9,3,5,1,,,,46.3,0,0,0,0.0
9,4,5,1,,,,45.2,0,0,0,0.0
9,5,5,1,,,,45.5,0,0,0,0.0
9,6,5,1,,,,44.8,0,0,0,19.0
9,7,5,1,,,,46.1,0,0,0,66.0
9,8,5,1,,,,47.1,0,0,0,137.0
9,9,5,1,,,,54.6,0,0,0,250.0
9,10,5,1,,,,63.9,0,0,0,306.0
9,11,5,1,,,,58.2,0,0,0,455.0
9,12,5,1,,,,61.2,0,0,0,408.0
9,13,5,1,,,,62.2,0,0,0,444.0
9,14,5,1,,,,64.9,0,0,0,455.0
9,15,5,1,,,,65.0,0,0,0,445.0
9,16,5,1,,,,64.1,0,0,0,400.0
9,17,5,1,,,,62.1,0,0,0,120.0
9,18,5,1,,,,52.9,0,0,0,0.0
9,19,5,1,,,,48.6,0,0,0,0.0
9,20,5,1,,,,46.2,0,0,0,0.0
9,21,5,1,,,,47.4,0,0,0,0.0
9,22,5,1,,,,47.1,0,0,0,0.0
9,23,5,1,,,,47.7,0,0,0,0.0
9,24,5,1,,,,46.4,0,0,0,0.0
9,1,6,1,,,,46.2,0,0,0,0.0
9,2,6,1,,,,45.4,0,0,0,0.0
9,3,6,1,,,,46.0,0,0,0,0.0
9,4,6,1,,,,44.2,0,0,0,0.0
9,5,6,1,,,,41.5,0,0,0,0.0
9,6,6,1,,,,41.4,0,0,0,89.0
9,7,6,1,,,,41.5,0,0,0,292.0
9,8,6,1,,,,42.5,0,0,0,461.0
9,9,6,1,,,,50.2,0,0,0,515.0
9,10,6,1,,,,54.5,0,0,0,427.0
9,11,6,1,,,,56.2,0,0,0,443.0
9,12,6,1,,,,60.4,0,0,0,544.0
9,13,6,1,,,,58.4,0,0,0,627.0
9,14,6,1,,,,60.0,0,0,0,519.0
9,15,6,1,,,,60.6,0,0,0,225.0
9,16,6,1,,,,59.6,0,0,0,74.0
9,17,6,1,,,,56.2,0,0,0,7.0
9,18,6,1,,,,52.6,0,0,0,0.0
9,19,6,1,,,,48.2,0,0,0,0.0
9,20,6,1,,,,49.6,0,0,0,0.0
9,21,6,1,,,,46.9,0,0,0,0.0
9,22,6,1,,,,46.4,0,0,0,0.0
9,23,6,1,,,,43.2,0,0,0,0.0
9,24,6,1,,,,43.1,0,0,0,0.0
9,1,7,1,,,,41.9,0,0,0,0.0
9,2,7,1,,,,41.6,0,0,0,0.0
9,3,7,1,,,,41.8,0,0,0,0.0
9,4,7,1,,,,41.6,0,0,0,0.0
9,5,7,1,,,,42.7,0,0,0,0.0
9,6,7,1,,,,42.6,0,0,0,64.0
9,7,7,1,,,,42.0,0,0,0,132.0
9,8,7,1,,,,43.2,0,0,0,231.0
9,9,7,1,,,,46.4,0,0,0,348.0
9,10,7,1,,,,45.2,0,0,0,470.0
9,11,7,1,,,,44.8,0,0,0,578.0
9,12,7,1,,,,43.9,0,0,0,628.0
9,13,7,1,,,,41.9,0,0,0,673.0
9,14,7,1,,,,44.0,0,0,0,661.0
9,15,7,1,,,,44.6,0,0,0,558.0
9,16,7,1,,,,41.9,0,0,0,326.0
9,17,7,1,,,,41.9,0,0,0,103.0
9,18,7,1,,,,43.4,0,0,0,0.0
9,19,7,1,,,,41.8,0,0,0,0.0
9,20,7,1,,,,42.2,0,0,0,0.0
9,21,7,1,,,,41.8,0,0,0,0.0
9,22,7,1,,,,41.8,0,0,0,0.0
9,23,7,1,,,,41.5,0,0,0,0.0
9,24,7,1,,,,41.0,0,0,0,0.0
9,1,1,1,,,,37.2,0,0,0,0.0
9,2,1,1,,,,40.2,0,0,0,0.0
9,3,1,1,,,,39.3,0,0,0,0.0
9,4,1,1,,,,40.2,0,0,0,0.0
9,5,1,1,,,,39.4,0,0,0,0.0
9,6,1,1,,,,38.4,0,0,0,30.0
9,7,1,1,,,,38.6,0,0,0,204.0
9,8,1,1,,,,39.6,0,0,0,420.0
9,9,1,1,,,,39.4,0,0,0,277.0
9,10,1,1,,,,39.3,0,0,0,183.0
9,11,1,1,,,,39.5,0,0,0,132.0
9,12,1,1,,,,38.9,0,0,0,123.0
9,13,1,1,,,,39.0,0,0,0,114.0
9,14,1,1,,,,41.1,0,0,0,104.0
9,15,1,1,,,,41.5,0,0,0,61.0
9,16,1,1,,,,41.9,0,0,0,39.0
9,17,1,1,,,,43.2,0,0,0,20.0
9,18,1,1,,,,43.2,0,0,0,0.0
9,19,1,1,,,,42.1,0,0,0,0.0
9,20,1,1,,,,44.8,0,0,0,0.0
9,21,1,1,,,,43.1,0,0,0,0.0
9,22,1,1,,,,41.9,0,0,0,0.0
9,23,1,1,,,,42.5,0,0,0,0.0
9,24,1,1,,,,42.8,0,0,0,0.0
9,1,2,1,,,,41.4,0,0,0,0.0
9,2,2,1,,,,41.3,0,0,0,0.0
9,3,2,1,,,,41.2,0,0,0,0.0
9,4,2,1,,,,40.1,0,0,0,0.0
9,5,2,1,,,,40.2,0,0,0,0.0
9,6,2,1,,,,39.6,0,0,0,160.0
9,7,2,1,,,,40.6,0,0,0,420.0
9,8,2,1,,,,43.9,0,0,0,525.0
9,9,2,1,,,,52.2,0,0,0,610.0
9,10,2,1,,,,58.6,0,0,0,694.0
9,11,2,1,,,,64.4,0,0,0,648.0
9,12,2,1,,,,64.8,0,0,0,416.0
9,13,2,1,,,,66.7,0,0,0,320.0
9,14,2,1,,,,69.2,0,0,0,317.0
9,15,2,1,,,,68.2,0,0,0,303.0
9,16,2,1,,,,66.0,0,0,0,244.0
9,17,2,1,,,,66.1,0,0,0,135.0
9,18,2,1,,,,57.9,0,0,0,0.0
9,19,2,1,,,,54.2,0,0,0,0.0
9,20,2,1,,,,50.6,0,0,0,0.0
9,21,2,1,,,,48.0,0,0,0,0.0
9,22,2,1,,,,46.3,0,0,0,0.0
9,23,2,1,,,,45.2,0,0,0,0.0
9,24,2,1,,,,45.1,0,0,0,0.0
9,1,3,1,,,,42.8,0,0,0,0.0
9,2,3,1,,,,44.2,0,0,0,0.0
9,3,3,1,,,,42.2,0,0,0,0.0
9,4,3,1,,,,42.7,0,0,0,0.0
9,5,3,1,,,,45.5,0,0,0,0.0
9,6,3,1,,,,46.1,0,0,0,110.0
9,7,3,1,,,,43.2,0,0,0,411.0
9,8,3,1,,,,48.2,0,0,0,338.0
9,9,3,1,,,,58.5,0,0,0,389.0
9,10,3,1,,,,61.3,0,0,0,279.0
9,11,3,1,,,,69.1,0,0,0,194.0
9,12,3,1,,,,69.6,0,0,0,180.0
9,13,3,1,,,,68.7,0,0,0,224.0
9,14,3,1,,,,73.7,0,0,0,246.0
9,15,3,1,,,,75.4,0,0,0,154.0
9,16,3,1,,,,74.3,0,0,0,63.0
9,17,3,1,,,,70.1,0,0,0,13.0
9,18,3,1,,,,60.4,0,0,0,0.0
9,19,3,1,,,,54.7,0,0,0,0.0
9,20,3,1,,,,52.4,0,0,0,0.0
9,21,3,1,,,,52.5,0,0,0,0.0
9,22,3,1,,,,51.5,0,0,0,0.0
9,23,3,1,,,,50.4,0,0,0,0.0
9,24,3,1,,,,48.4,0,0,0,0.0
9,1,4,1,,,,48.6,0,0,0,0.0
9,2,4,1,,,,48.4,0,0,0,0.0
9,3,4,1,,,,48.2,0,0,0,0.0
9,4,4,1,,,,48.8,0,0,0,0.0
9,5,4,1,,,,50.1,0,0,0,0.0
9,6,4,1,,,,50.6,0,0,0,118.0
9,7,4,1,,,,49.8,0,0,0,373.0
9,8,4,1,,,,54.1,0,0,0,709.0
9,9,4,1,,,,59.0,0,0,0,807.0
9,10,4,1,,,,68.7,0,0,0,821.0
9,11,4,1,,,,72.3,0,0,0,828.0
9,12,4,1,,,,68.5,0,0,0,807.0
9,13,4,1,,,,68.2,0,0,0,709.0
9,14,4,1,,,,67.5,0,0,0,670.0
9,15,4,1,,,,68.2,0,0,0,601.0
9,16,4,1,,,,66.2,0,0,0,464.0
9,17,4,1,,,,64.1,0,0,0,244.0
9,18,4,1,,,,63.5,0,0,0,0.0
9,19,4,1,,,,56.6,0,0,0,0.0
9,20,4,1,,,,53.7,0,0,0,0.0
9,21,4,1,,,,51.8,0,0,0,0.0
9,22,4,1,,,,51.1,0,0,0,0.0
9,23,4,1,,,,50.8,0,0,0,0.0
9,24,4,1,,,,50.5,0,0,0,0.0
9,1,5,1,,,,48.5,0,0,0,0.0
9,2,5,1,,,,49.0,0,0,0,0.0
9,3,5,1,,,,49.0,0,0,0,0.0
9,4,5,1,,,,49.1,0,0,0,0.0
9,5,5,1,,,,48.8,0,0,0,0.0
9,6,5,1,,,,51.4,0,0,0,29.0
9,7,5,1,,,,50.8,0,0,0,51.0
9,8,5,1,,,,53.1,0,0,0,107.0
9,9,5,1,,,,60.7,0,0,0,155.0
9,10,5,1,,,,66.8,0,0,0,289.0
9,11,5,1,,,,67.5,0,0,0,405.0
9,12,5,1,,,,67.2,0,0,0,283.0
9,13,5,1,,,,67.6,0,0,0,134.0
9,14,5,1,,,,69.5,0,0,0,142.0
9,15,5,1,,,,69.2,0,0,0,195.0
9,16,5,1,,,,70.4,0,0,0,203.0
9,17,5,1,,,,66.1,0,0,0,109.0
9,18,5,1,,,,61.9,0,0,0,0.0
9,19,5,1,,,,55.8,0,0,0,0.0
9,20,5,1,,,,53.4,0,0,0,0.0
9,21,5,1,,,,49.6,0,0,0,0.0
9,22,5,1,,,,47.9,0,0,0,0.0
9,23,5,1,,,,47.3,0,0,0,0.0
9,24,5,1,,,,47.2,0,0,0,0.0
9,1,6,1,,,,46.8,0,0,0,0.0
9,2,6,1,,,,46.7,0,0,0,0.0
9,3,6,1,,,,46.4,0,0,0,0.0
9,4,6,1,,,,45.7,0,0,0,0.0
9,5,6,1,,,,46.9,0,0,0,0.0
9,6,6,1,,,,47.7,0,0,0,140.0
9,7,6,1,,,,49.0,0,0,0,342.0
9,8,6,1,,,,52.0,0,0,0,524.0
9,9,6,1,,,,58.8,0,0,0,694.0
9,10,6,1,,,,64.6,0,0,0,810.0
9,11,6,1,,,,67.7,0,0,0,861.0
9,12,6,1,,,,67.2,0,0,0,861.0
9,13,6,1,,,,65.6,0,0,0,855.0
9,14,6,1,,,,65.4,0,0,0,826.0
9,15,6,1,,,,64.5,0,0,0,764.0
9,16,6,1,,,,65.1,0,0,0,592.0
9,17,6,1,,,,62.8,0,0,0,235.0
9,18,6,1,,,,52.8,0,0,0,0.0
9,19,6,1,,,,51.2,0,0,0,0.0
9,20,6,1,,,,51.2,0,0,0,0.0
9,21,6,1,,,,49.7,0,0,0,0.0
9,22,6,1,,,,49.6,0,0,0,0.0
9,23,6,1,,,,47.0,0,0,0,0.0
9,24,6,1,,,,46.4,0,0,0,0.0
9,1,7,1,,,,46.2,0,0,0,0.0
9,2,7,1,,,,46.1,0,0,0,0.0
9,3,7,1,,,,46.1,0,0,0,0.0
9,4,7,1,,,,45.8,0,0,0,0.0
9,5,7,1,,,,45.8,0,0,0,0.0
9,6,7,1,,,,46.1,0,0,0,124.0
9,7,7,1,,,,45.8,0,0,0,315.0
9,8,7,1,,,,46.7,0,0,0,317.0
9,9,7,1,,,,47.2,0,0,0,249.0
9,10,7,1,,,,48.1,0,0,0,217.0
9,11,7,1,,,,48.2,0,0,0,201.0
9,12,7,1,,,,49.5,0,0,0,299.0
9,13,7,1,,,,45.0,0,0,0,395.0
9,14,7,1,,,,43.0,0,0,0,356.0
9,15,7,1,,,,41.6,0,0,0,322.0
9,16,7,1,,,,42.4,0,0,0,250.0
9,17,7,1,,,,43.6,0,0,0,86.0
9,18,7,1,,,,41.5,0,0,0,0.0
9,19,7,1,,,,37.2,0,0,0,0.0
9,20,7,1,,,,37.0,0,0,0,0.0
9,21,7,1,,,,36.1,0,0,0,0.0
9,22,7,1,,,,36.1,0,0,0,0.0
9,23,7,1,,,,37.9,0,0,0,0.0
9,24,7,1,,,,38.3,0,0,0,0.0
9,1,1,1,,,,37.4,0,0,0,0.0
9,2,1,1,,,,38.4,0,0,0,0.0
9,3,1,1,,,,34.8,0,0,0,0.0
9,4,1,1,,,,33.5,0,0,0,0.0
9,5,1,1,,,,33.1,0,0,0,0.0
9,6,1,1,,,,32.8,0,0,0,236.0
9,7,1,1,,,,32.3,0,0,0,563.0
9,8,1,1,,,,32.1,0,0,0,716.0
9,9,1,1,,,,32.0,0,0,0,786.0
9,10,1,1,,,,33.0,0,0,0,806.0
9,11,1,1,,,,33.5,0,0,0,836.0
9,12,1,1,,,,33.5,0,0,0,840.0
9,13,1,1,,,,31.5,0,0,0,833.0
9,14,1,1,,,,34.6,0,0,0,806.0
9,15,1,1,,,,35.5,0,0,0,747.0
9,16,1,1,,,,35.5,0,0,0,617.0
9,17,1,1,,,,36.4,0,0,0,354.0
9,18,1,1,,,,35.5,0,0,0,0.0
9,19,1,1,,,,35.1,0,0,0,0.0
9,20,1,1,,,,37.0,0,0,0,0.0
9,21,1,1,,,,36.4,0,0,0,0.0
9,22,1,1,,,,35.7,0,0,0,0.0
9,23,1,1,,,,34.9,0,0,0,0.0
9,24,1,1,,,,33.5,0,0,0,0.0
9,1,2,1,,,,34.4,0,0,0,0.0
9,2,2,1,,,,37.0,0,0,0,0.0
9,3,2,1,,,,37.1,0,0,0,0.0
9,4,2,1,,,,37.3,0,0,0,0.0
9,5,2,1,,,,37.4,0,0,0,0.0
9,6,2,1,,,,39.3,0,0,0,186.0
9,7,2,1,,,,39.1,0,0,0,472.0
9,8,2,1,,,,41.2,0,0,0,619.0
9,9,2,1,,,,49.3,0,0,0,698.0
9,10,2,1,,,,52.2,0,0,0,754.0
9,11,2,1,,,,62.5,0,0,0,809.0
9,12,2,1,,,,66.9,0,0,0,809.0
9,13,2,1,,,,64.4,0,0,0,797.0
9,14,2,1,,,,65.2,0,0,0,763.0
9,15,2,1,,,,65.9,0,0,0,687.0
9,16,2,1,,,,63.7,0,0,0,525.0
9,17,2,1,,,,62.5,0,0,0,229.0
9,18,2,1,,,,51.6,0,0,0,0.0
9,19,2,1,,,,44.9,0,0,0,0.0
9,20,2,1,,,,40.8,0,0,0,0.0
9,21,2,1,,,,39.1,0,0,0,0.0
9,22,2,1,,,,37.9,0,0,0,0.0
9,23,2,1,,,,34.8,0,0,0,0.0
9,24,2,1,,,,38.4,0,0,0,0.0
9,1,3,1,,,,38.5,0,0,0,0.0
9,2,3,1,,,,38.6,0,0,0,0.0
9,3,3,1,,,,37.9,0,0,0,0.0
9,4,3,1,,,,38.4,0,0,0,0.0
9,5,3,1,,,,37.6,0,0,0,0.0
9,6,3,1,,,,39.0,0,0,0,87.0
9,7,3,1,,,,39.6,0,0,0,280.0
9,8,3,1,,,,41.5,0,0,0,475.0
9,9,3,1,,,,47.9,0,0,0,600.0
9,10,3,1,,,,51.4,0,0,0,675.0
9,11,3,1,,,,53.3,0,0,0,741.0
9,12,3,1,,,,54.0,0,0,0,782.0
9,13,3,1,,,,52.5,0,0,0,788.0
9,14,3,1,,,,54.0,0,0,0,739.0
9,15,3,1,,,,55.9,0,0,0,605.0
9,16,3,1,,,,54.7,0,0,0,315.0
9,17,3,1,,,,56.3,0,0,0,81.0
9,18,3,1,,,,50.5,0,0,0,0.0
9,19,3,1,,,,42.9,0,0,0,0.0
9,20,3,1,,,,40.3,0,0,0,0.0
9,21,3,1,,,,37.9,0,0,0,0.0
9,22,3,1,,,,37.1,0,0,0,0.0
9,23,3,1,,,,36.9,0,0,0,0.0
9,24,3,1,,,,34.8,0,0,0,0.0
9,1,4,1,,,,34.8,0,0,0,0.0
9,2,4,1,,,,34.9,0,0,0,0.0
9,3,4,1,,,,34.4,0,0,0,0.0
9,4,4,1,,,,34.4,0,0,0,0.0
9,5,4,1,,,,34.5,0,0,0,0.0
9,6,4,1,,,,35.1,0,0,0,13.0
9,7,4,1,,,,37.6,0,0,0,70.0
9,8,4,1,,,,43.5,0,0,0,154.0
9,9,4,1,,,,53.9,0,0,0,237.0
9,10,4,1,,,,57.4,0,0,0,355.0
9,11,4,1,,,,58.1,0,0,0,457.0
9,12,4,1,,,,57.0,0,0,0,489.0
9,13,4,1,,,,54.2,0,0,0,459.0
9,14,4,1,,,,55.4,0,0,0,368.0
9,15,4,1,,,,54.8,0,0,0,264.0
9,16,4,1,,,,54.6,0,0,0,139.0
9,17,4,1,,,,53.7,0,0,0,28.0
9,18,4,1,,,,48.8,0,0,0,0.0
9,19,4,1,,,,46.0,0,0,0,0.0
9,20,4,1,,,,47.8,0,0,0,0.0
9,21,4,1,,,,42.5,0,0,0,0.0
9,22,4,1,,,,39.7,0,0,0,0.0
9,23,4,1,,,,38.6,0,0,0,0.0
9,24,4,1,,,,37.1,0,0,0,0.0
9,1,5,1,,,,35.5,0,0,0,0.0
9,2,5,1,,,,35.4,0,0,0,0.0
9,3,5,1,,,,35.9,0,0,0,0.0
9,4,5,1,,,,39.8,0,0,0,0.0
9,5,5,1,,,,39.0,0,0,0,0.0
9,6,5,1,,,,39.5,0,0,0,119.0
9,7,5,1,,,,40.0,0,0,0,373.0
9,8,5,1,,,,41.9,0,0,0,599.0
9,9,5,1,,,,50.0,0,0,0,737.0
9,10,5,1,,,,54.5,0,0,0,811.0
9,11,5,1,,,,56.5,0,0,0,835.0
9,12,5,1,,,,56.2,0,0,0,846.0
9,13,5,1,,,,53.6,0,0,0,829.0
9,14,5,1,,,,55.1,0,0,0,763.0
9,15,5,1,,,,55.8,0,0,0,573.0
9,16,5,1,,,,55.6,0,0,0,267.0
9,17,5,1,,,,57.0,0,0,0,52.0
9,18,5,1,,,,51.1,0,0,0,0.0
9,19,5,1,,,,47.1,0,0,0,0.0
9,20,5,1,,,,46.4,0,0,0,0.0
9,21,5,1,,,,45.2,0,0,0,0.0
9,22,5,1,,,,45.8,0,0,0,0.0
9,23,5,1,,,,44.9,0,0,0,0.0
9,24,5,1,,,,46.0,0,0,0,0.0
9,1,6,1,,,,43.5,0,0,0,0.0
9,2,6,1,,,,42.3,0,0,0,0.0
9,3,6,1,,,,42.1,0,0,0,0.0
9,4,6,1,,,,43.2,0,0,0,0.0
9,5,6,1,,,,42.5,0,0,0,0.0
9,6,6,1,,,,43.8,0,0,0,109.0
9,7,6,1,,,,44.8,0,0,0,375.0
9,8,6,1,,,,44.4,0,0,0,602.0
9,9,6,1,,,,51.2,0,0,0,758.0
9,10,6,1,,,,54.8,0,0,0,826.0
9,11,6,1,,,,54.7,0,0,0,847.0
9,12,6,1,,,,55.9,0,0,0,841.0
9,13,6,1,,,,54.8,0,0,0,814.0
9,14,6,1,,,,55.9,0,0,0,713.0
9,15,6,1,,,,55.9,0,0,0,504.0
9,16,6,1,,,,57.6,0,0,0,245.0
9,17,6,1,,,,53.7,0,0,0,68.0
9,18,6,1,,,,51.6,0,0,0,0.0
9,19,6,1,,,,48.1,0,0,0,0.0
9,20,6,1,,,,44.9,0,0,0,0.0
9,21,6,1,,,,45.2,0,0,0,0.0
9,22,6,1,,,,44.1,0,0,0,0.0
9,23,6,1,,,,43.0,0,0,0,0.0
9,24,6,1,,,,41.4,0,0,0,0.0
9,1,7,1,,,,40.4,0,0,0,0.0
9,2,7,1,,,,39.8,0,0,0,0.0
9,3,7,1,,,,40.0,0,0,0,0.0
9,4,7,1,,,,40.6,0,0,0,0.0
9,5,7,1,,,,40.5,0,0,0,0.0
9,6,7,1,,,,41.1,0,0,0,87.0
9,7,7,1,,,,40.2,0,0,0,292.0
9,8,7,1,,,,40.1,0,0,0,476.0
9,9,7,1,,,,41.2,0,0,0,597.0
9,10,7,1,,,,41.9,0,0,0,702.0
9,11,7,1,,,,42.2,0,0,0,769.0
9,12,7,1,,,,40.8,0,0,0,797.0
9,13,7,1,,,,39.5,0,0,0,806.0
9,14,7,1,,,,41.4,0,0,0,778.0
9,15,7,1,,,,40.8,0,0,0,704.0
9,16,7,1,,,,40.5,0,0,0,527.0
9,17,7,1,,,,40.0,0,0,0,147.0
9,18,7,1,,,,41.2,0,0,0,0.0
9,19,7,1,,,,41.8,0,0,0,0.0
9,20,7,1,,,,42.7,0,0,0,0.0
9,21,7,1,,,,43.0,0,0,0,0.0
9,22,7,1,,,,43.4,0,0,0,0.0
9,23,7,1,,,,43.2,0,0,0,0.0
9,24,7,1,,,,42.3,0,0,0,0.0
9,1,1,1,,,,41.8,0,0,0,0.0
9,2,1,1,,,,40.9,0,0,0,0.0
9,3,1,1,,,,38.1,0,0,0,0.0
9,4,1,1,,,,38.7,0,0,0,0.0
9,5,1,1,,,,38.0,0,0,0,0.0
9,6,1,1,,,,41.0,0,0,0,142.0
9,7,1,1,,,,40.8,0,0,0,475.0
9,8,1,1,,,,39.5,0,0,0,682.0
9,9,1,1,,,,40.3,0,0,0,781.0
9,10,1,1,,,,39.2,0,0,0,831.0
9,11,1,1,,,,41.2,0,0,0,852.0
9,12,1,1,,,,40.0,0,0,0,855.0
9,13,1,1,,,,37.5,0,0,0,843.0
9,14,1,1,,,,39.0,0,0,0,805.0
9,15,1,1,,,,38.0,0,0,0,706.0
9,16,1,1,,,,38.4,0,0,0,484.0
9,17,1,1,,,,38.0,0,0,0,95.0
9,18,1,1,,,,37.2,0,0,0,0.0
9,19,1,1,,,,38.5,0,0,0,0.0
9,20,1,1,,,,38.6,0,0,0,0.0
9,21,1,1,,,,38.8,0,0,0,0.0
9,22,1,1,,,,38.7,0,0,0,0.0
9,23,1,1,,,,41.4,0,0,0,0.0
9,24,1,1,,,,41.8,0,0,0,0.0
9,1,2,1,,,,41.0,0,0,0,0.0
9,2,2,1,,,,40.8,0,0,0,0.0
9,3,2,1,,,,41.3,0,0,0,0.0
9,4,2,1,,,,41.6,0,0,0,0.0
9,5,2,1,,,,41.2,0,0,0,0.0
9,6,2,1,,,,42.7,0,0,0,47.0
9,7,2,1,,,,43.9,0,0,0,261.0
9,8,2,1,,,,48.0,0,0,0,530.0
9,9,2,1,,,,53.8,0,0,0,676.0
9,10,2,1,,,,59.1,0,0,0,763.0
9,11,2,1,,,,58.9,0,0,0,804.0
9,12,2,1,,,,54.2,0,0,0,808.0
9,13,2,1,,,,51.2,0,0,0,795.0
9,14,2,1,,,,54.2,0,0,0,738.0
9,15,2,1,,,,56.6,0,0,0,607.0
9,16,2,1,,,,57.8,0,0,0,384.0
9,17,2,1,,,,53.4,0,0,0,73.0
9,18,2,1,,,,51.0,0,0,0,0.0
9,19,2,1,,,,49.6,0,0,0,0.0
9,20,2,1,,,,46.3,0,0,0,0.0
9,21,2,1,,,,44.2,0,0,0,0.0
9,22,2,1,,,,43.0,0,0,0,0.0
9,23,2,1,,,,42.5,0,0,0,0.0
9,24,2,1,,,,42.1,0,0,0,0.0
10,1,3,1,,,,38.2,0,0,0,0.0
10,2,3,1,,,,38.4,0,0,0,0.0
10,3,3,1,,,,42.0,0,0,0,0.0
10,4,3,1,,,,42.8,0,0,0,0.0
10,5,3,1,,,,40.6,0,0,0,0.0
10,6,3,1,,,,42.9,0,0,0,47.0
10,7,3,1,,,,42.6,0,0,0,205.0
10,8,3,1,,,,44.4,0,0,0,355.0
10,9,3,1,,,,52.5,0,0,0,453.0
10,10,3,1,,,,57.6,0,0,0,574.0
10,11,3,1,,,,60.8,0,0,0,705.0
10,12,3,1,,,,62.0,0,0,0,689.0
10,13,3,1,,,,56.8,0,0,0,513.0
10,14,3,1,,,,58.9,0,0,0,408.0
10,15,3,1,,,,64.0,0,0,0,260.0
10,16,3,1,,,,58.9,0,0,0,94.0
10,17,3,1,,,,52.8,0,0,0,8.0
10,18,3,1,,,,46.5,0,0,0,0.0
10,19,3,1,,,,44.8,0,0,0,0.0
10,20,3,1,,,,42.9,0,0,0,0.0
10,21,3,1,,,,41.8,0,0,0,0.0
10,22,3,1,,,,38.9,0,0,0,0.0
10,23,3,1,,,,37.5,0,0,0,0.0
10,24,3,1,,,,41.2,0,0,0,0.0
10,1,4,1,,,,41.0,0,0,0,0.0
10,2,4,1,,,,40.7,0,0,0,0.0
10,3,4,1,,,,40.0,0,0,0,0.0
10,4,4,1,,,,41.5,0,0,0,0.0
10,5,4,1,,,,41.2,0,0,0,0.0
10,6,4,1,,,,41.6,0,0,0,0.0
10,7,4,1,,,,42.1,0,0,0,9.0
10,8,4,1,,,,45.5,0,0,0,27.0
10,9,4,1,,,,52.2,0,0,0,66.0
10,10,4,1,,,,58.8,0,0,0,133.0
10,11,4,1,,,,64.0,0,0,0,175.0
10,12,4,1,,,,64.0,0,0,0,188.0
10,13,4,1,,,,60.9,0,0,0,179.0
10,14,4,1,,,,62.3,0,0,0,188.0
10,15,4,1,,,,62.2,0,0,0,164.0
10,16,4,1,,,,66.5,0,0,0,79.0
10,17,4,1,,,,57.7,0,0,0,7.0
10,18,4,1,,,,52.0,0,0,0,0.0
10,19,4,1,,,,45.6,0,0,0,0.0
10,20,4,1,,,,40.6,0,0,0,0.0
10,21,4,1,,,,40.1,0,0,0,0.0
10,22,4,1,,,,38.6,0,0,0,0.0
10,23,4,1,,,,38.6,0,0,0,0.0
10,24,4,1,,,,40.0,0,0,0,0.0
10,1,5,1,,,,39.8,0,0,0,0.0
10,2,5,1,,,,39.6,0,0,0,0.0
10,3,5,1,,,,39.4,0,0,0,0.0
10,4,5,1,,,,43.5,0,0,0,0.0
10,5,5,1,,,,42.8,0,0,0,0.0
10,6,5,1,,,,43.1,0,0,0,5.0
10,7,5,1,,,,46.2,0,0,0,54.0
10,8,5,1,,,,49.9,0,0,0,200.0
10,9,5,1,,,,50.8,0,0,0,426.0
10,10,5,1,,,,55.6,0,0,0,442.0
10,11,5,1,,,,60.4,0,0,0,299.0
10,12,5,1,,,,65.7,0,0,0,218.0
10,13,5,1,,,,63.4,0,0,0,112.0
10,14,5,1,,,,67.2,0,0,0,52.0
10,15,5,1,,,,68.4,0,0,0,49.0
10,16,5,1,,,,66.0,0,0,0,62.0
10,17,5,1,,,,62.0,0,0,0,13.0
10,18,5,1,,,,55.2,0,0,0,0.0
10,19,5,1,,,,52.2,0,0,0,0.0
10,20,5,1,,,,48.5,0,0,0,0.0
10,21,5,1,,,,47.8,0,0,0,0.0
10,22,5,1,,,,48.8,0,0,0,0.0
10,23,5,1,,,,47.6,0,0,0,0.0
10,24,5,1,,,,49.4,0,0,0,0.0
10,1,6,1,,,,51.4,0,0,0,0.0
10,2,6,1,,,,51.0,0,0,0,0.0
10,3,6,1,,,,49.5,0,0,0,0.0
10,4,6,1,,,,49.2,0,0,0,0.0
10,5,6,1,,,,49.5,0,0,0,0.0
10,6,6,1,,,,50.0,0,0,0,22.0
10,7,6,1,,,,50.6,0,0,0,139.0
10,8,6,1,,,,52.6,0,0,0,317.0
10,9,6,1,,,,60.6,0,0,0,560.0
10,10,6,1,,,,66.9,0,0,0,706.0
10,11,6,1,,,,66.6,0,0,0,754.0
10,12,6,1,,,,64.2,0,0,0,753.0
10,13,6,1,,,,61.1,0,0,0,736.0
10,14,6,1,,,,62.0,0,0,0,678.0
10,15,6,1,,,,62.1,0,0,0,348.0
10,16,6,1,,,,60.9,0,0,0,118.0
10,17,6,1,,,,57.9,0,0,0,7.0
10,18,6,1,,,,54.8,0,0,0,0.0
10,19,6,1,,,,49.9,0,0,0,0.0
10,20,6,1,,,,47.4,0,0,0,0.0
10,21,6,1,,,,45.1,0,0,0,0.0
10,22,6,1,,,,43.5,0,0,0,0.0
10,23,6,1,,,,42.9,0,0,0,0.0
10,24,6,1,,,,44.8,0,0,0,0.0
10,1,7,1,,,,45.0,0,0,0,0.0
10,2,7,1,,,,45.5,0,0,0,0.0
10,3,7,1,,,,45.4,0,0,0,0.0
10,4,7,1,,,,45.6,0,0,0,0.0
10,5,7,1,,,,44.8,0,0,0,0.0
10,6,7,1,,,,44.4,0,0,0,50.0
10,7,7,1,,,,44.1,0,0,0,264.0
10,8,7,1,,,,43.4,0,0,0,373.0
10,9,7,1,,,,42.8,0,0,0,472.0
10,10,7,1,,,,42.6,0,0,0,517.0
10,11,7,1,,,,42.5,0,0,0,533.0
10,12,7,1,,,,41.2,0,0,0,541.0
10,13,7,1,,,,41.1,0,0,0,614.0
10,14,7,1,,,,43.6,0,0,0,571.0
10,15,7,1,,,,43.6,0,0,0,435.0
10,16,7,1,,,,43.6,0,0,0,269.0
10,17,7,1,,,,43.8,0,0,0,29.0
10,18,7,1,,,,42.6,0,0,0,0.0
10,19,7,1,,,,42.7,0,0,0,0.0
10,20,7,1,,,,41.8,0,0,0,0.0
10,21,7,1,,,,41.2,0,0,0,0.0
10,22,7,1,,,,40.4,0,0,0,0.0
10,23,7,1,,,,43.9,0,0,0,0.0
10,24,7,1,,,,43.7,0,0,0,0.0
10,1,1,1,,,,44.0,0,0,0,0.0
10,2,1,1,,,,44.6,0,0,0,0.0
10,3,1,1,,,,44.6,0,0,0,0.0
10,4,1,1,,,,44.1,0,0,0,0.0
10,5,1,1,,,,44.3,0,0,0,0.0
10,6,1,1,,,,44.8,0,0,0,46.0
10,7,1,1,,,,44.0,0,0,0,367.0
10,8,1,1,,,,43.6,0,0,0,616.0
10,9,1,1,,,,44.6,0,0,0,745.0
10,10,1,1,,,,45.8,0,0,0,794.0
10,11,1,1,,,,47.6,0,0,0,810.0
10,12,1,1,,,,45.2,0,0,0,817.0
10,13,1,1,,,,43.4,0,0,0,806.0
10,14,1,1,,,,45.3,0,0,0,753.0
10,15,1,1,,,,42.5,0,0,0,588.0
10,16,1,1,,,,41.1,0,0,0,295.0
10,17,1,1,,,,40.8,0,0,0,21.0
10,18,1,1,,,,40.4,0,0,0,0.0
10,19,1,1,,,,41.5,0,0,0,0.0
10,20,1,1,,,,41.7,0,0,0,0.0
10,21,1,1,,,,42.2,0,0,0,0.0
10,22,1,1,,,,42.0,0,0,0,0.0
10,23,1,1,,,,41.6,0,0,0,0.0
10,24,1,1,,,,42.0,0,0,0,0.0
10,1,2,1,,,,41.0,0,0,0,0.0
10,2,2,1,,,,40.9,0,0,0,0.0
10,3,2,1,,,,40.5,0,0,0,0.0
10,4,2,1,,,,42.4,0,0,0,0.0
10,5,2,1,,,,43.7,0,0,0,0.0
10,6,2,1,,,,45.5,0,0,0,23.0
10,7,2,1,,,,46.4,0,0,0,203.0
10,8,2,1,,,,47.8,0,0,0,436.0
10,9,2,1,,,,58.9,0,0,0,623.0
10,10,2,1,,,,63.2,0,0,0,717.0
10,11,2,1,,,,67.9,0,0,0,688.0
10,12,2,1,,,,67.3,0,0,0,721.0
10,13,2,1,,,,71.6,0,0,0,721.0
10,14,2,1,,,,70.9,0,0,0,704.0
10,15,2,1,,,,64.9,0,0,0,566.0
10,16,2,1,,,,58.8,0,0,0,355.0
10,17,2,1,,,,55.0,0,0,0,26.0
10,18,2,1,,,,52.2,0,0,0,0.0
10,19,2,1,,,,48.1,0,0,0,0.0
10,20,2,1,,,,46.5,0,0,0,0.0
10,21,2,1,,,,42.1,0,0,0,0.0
10,22,2,1,,,,41.0,0,0,0,0.0
10,23,2,1,,,,40.0,0,0,0,0.0
10,24,2,1,,,,46.4,0,0,0,0.0
10,1,3,1,,,,46.9,0,0,0,0.0
10,2,3,1,,,,46.5,0,0,0,0.0
10,3,3,1,,,,46.6,0,0,0,0.0
10,4,3,1,,,,49.2,0,0,0,0.0
10,5,3,1,,,,47.5,0,0,0,0.0
10,6,3,1,,,,47.9,0,0,0,28.0
10,7,3,1,,,,50.0,0,0,0,350.0
10,8,3,1,,,,48.0,0,0,0,578.0
10,9,3,1,,,,55.0,0,0,0,653.0
10,10,3,1,,,,57.2,0,0,0,605.0
10,11,3,1,,,,58.8,0,0,0,600.0
10,12,3,1,,,,61.3,0,0,0,558.0
10,13,3,1,,,,57.4,0,0,0,544.0
10,14,3,1,,,,55.7,0,0,0,430.0
10,15,3,1,,,,57.6,0,0,0,248.0
10,16,3,1,,,,58.0,0,0,0,143.0
10,17,3,1,,,,58.2,0,0,0,5.0
10,18,3,1,,,,54.1,0,0,0,0.0
10,19,3,1,,,,49.6,0,0,0,0.0
10,20,3,1,,,,47.2,0,0,0,0.0
10,21,3,1,,,,45.7,0,0,0,0.0
10,22,3,1,,,,43.6,0,0,0,0.0
10,23,3,1,,,,42.2,0,0,0,0.0
10,24,3,1,,,,41.8,0,0,0,0.0
10,1,4,1,,,,42.1,0,0,0,0.0
10,2,4,1,,,,41.5,0,0,0,0.0
10,3,4,1,,,,41.4,0,0,0,0.0
10,4,4,1,,,,42.0,0,0,0,0.0
10,5,4,1,,,,41.3,0,0,0,0.0
10,6,4,1,,,,43.0,0,0,0,1.0
10,7,4,1,,,,45.0,0,0,0,36.0
10,8,4,1,,,,50.2,0,0,0,108.0
10,9,4,1,,,,55.8,0,0,0,503.0
10,10,4,1,,,,63.0,0,0,0,616.0
10,11,4,1,,,,68.6,0,0,0,296.0
10,12,4,1,,,,67.5,0,0,0,207.0
10,13,4,1,,,,69.3,0,0,0,329.0
10,14,4,1,,,,69.0,0,0,0,440.0
10,15,4,1,,,,67.4,0,0,0,350.0
10,16,4,1,,,,66.0,0,0,0,76.0
10,17,4,1,,,,65.2,0,0,0,4.0
10,18,4,1,,,,57.3,0,0,0,0.0
10,19,4,1,,,,54.3,0,0,0,0.0
10,20,4,1,,,,48.4,0,0,0,0.0
10,21,4,1,,,,46.2,0,0,0,0.0
10,22,4,1,,,,44.6,0,0,0,0.0
10,23,4,1,,,,42.1,0,0,0,0.0
10,24,4,1,,,,46.5,0,0,0,0.0
10,1,5,1,,,,46.6,0,0,0,0.0
10,2,5,1,,,,45.9,0,0,0,0.0
10,3,5,1,,,,46.4,0,0,0,0.0
10,4,5,1,,,,46.0,0,0,0,0.0
10,5,5,1,,,,46.0,0,0,0,0.0
10,6,5,1,,,,46.9,0,0,0,1.0
10,7,5,1,,,,48.0,0,0,0,106.0
10,8,5,1,,,,50.5,0,0,0,329.0
10,9,5,1,,,,56.5,0,0,0,561.0
10,10,5,1,,,,64.0,0,0,0,660.0
10,11,5,1,,,,65.3,0,0,0,527.0
10,12,5,1,,,,62.4,0,0,0,591.0
10,13,5,1,,,,66.4,0,0,0,597.0
10,14,5,1,,,,68.0,0,0,0,395.0
10,15,5,1,,,,67.7,0,0,0,251.0
10,16,5,1,,,,71.4,0,0,0,108.0
10,17,5,1,,,,67.9,0,0,0,1.0
10,18,5,1,,,,60.0,0,0,0,0.0
10,19,5,1,,,,52.7,0,0,0,0.0
10,20,5,1,,,,45.8,0,0,0,0.0
10,21,5,1,,,,47.4,0,0,0,0.0
10,22,5,1,,,,45.4,0,0,0,0.0
10,23,5,1,,,,45.2,0,0,0,0.0
10,24,5,1,,,,44.5,0,0,0,0.0
10,1,6,1,,,,42.8,0,0,0,0.0
10,2,6,1,,,,43.2,0,0,0,0.0
10,3,6,1,,,,43.1,0,0,0,0.0
10,4,6,1,,,,43.5,0,0,0,0.0
10,5,6,1,,,,44.4,0,0,0,0.0
10,6,6,1,,,,44.1,0,0,0,5.0
10,7,6,1,,,,45.1,0,0,0,225.0
10,8,6,1,,,,47.1,0,0,0,482.0
10,9,6,1,,,,55.4,0,0,0,480.0
10,10,6,1,,,,61.2,0,0,0,331.0
10,11,6,1,,,,70.2,0,0,0,175.0
10,12,6,1,,,,71.2,0,0,0,82.0
10,13,6,1,,,,75.0,0,0,0,74.0
10,14,6,1,,,,71.8,0,0,0,53.0
10,15,6,1,,,,74.5,0,0,0,28.0
10,16,6,1,,,,70.8,0,0,0,6.0
10,17,6,1,,,,69.0,0,0,0,0.0
10,18,6,1,,,,64.0,0,0,0,0.0
10,19,6,1,,,,56.4,0,0,0,0.0
10,20,6,1,,,,51.6,0,0,0,0.0
10,21,6,1,,,,49.7,0,0,0,0.0
10,22,6,1,,,,47.4,0,0,0,0.0
10,23,6,1,,,,44.8,0,0,0,0.0
10,24,6,1,,,,45.8,0,0,0,0.0
10,1,7,1,,,,46.5,0,0,0,0.0
10,2,7,1,,,,43.7,0,0,0,0.0
10,3,7,1,,,,44.2,0,0,0,0.0
10,4,7,1,,,,43.8,0,0,0,0.0
10,5,7,1,,,,44.4,0,0,0,0.0
10,6,7,1,,,,44.3,0,0,0,0.0
10,7,7,1,,,,44.5,0,0,0,138.0
10,8,7,1,,,,44.2,0,0,0,451.0
10,9,7,1,,,,45.9,0,0,0,681.0
10,10,7,1,,,,45.8,0,0,0,764.0
10,11,7,1,,,,47.0,0,0,0,695.0
10,12,7,1,,,,46.4,0,0,0,450.0
10,13,7,1,,,,48.1,0,0,0,251.0
10,14,7,1,,,,47.5,0,0,0,108.0
10,15,7,1,,,,46.3,0,0,0,38.0
10,16,7,1,,,,46.7,0,0,0,7.0
10,17,7,1,,,,46.8,0,0,0,0.0
10,18,7,1,,,,46.3,0,0,0,0.0
10,19,7,1,,,,44.8,0,0,0,0.0
10,20,7,1,,,,46.0,0,0,0,0.0
10,21,7,1,,,,45.6,0,0,0,0.0
10,22,7,1,,,,45.7,0,0,0,0.0
10,23,7,1,,,,44.4,0,0,0,0.0
10,24,7,1,,,,45.9,0,0,0,0.0
10,1,1,1,,,,45.4,0,0,0,0.0
10,2,1,1,,,,45.6,0,0,0,0.0
10,3,1,1,,,,46.0,0,0,0,0.0
10,4,1,1,,,,44.7,0,0,0,0.0
10,5,1,1,,,,45.0,0,0,0,0.0
10,6,1,1,,,,45.1,0,0,0,0.0
10,7,1,1,,,,45.6,0,0,0,5.0
10,8,1,1,,,,43.8,0,0,0,23.0
10,9,1,1,,,,43.9,0,0,0,70.0
10,10,1,1,,,,43.2,0,0,0,172.0
10,11,1,1,,,,44.4,0,0,0,215.0
10,12,1,1,,,,43.4,0,0,0,301.0
10,13,1,1,,,,42.0,0,0,0,358.0
10,14,1,1,,,,41.1,0,0,0,342.0
10,15,1,1,,,,41.1,0,0,0,281.0
10,16,1,1,,,,41.4,0,0,0,68.0
10,17,1,1,,,,43.2,0,0,0,0.0
10,18,1,1,,,,43.9,0,0,0,0.0
10,19,1,1,,,,45.2,0,0,0,0.0
10,20,1,1,,,,44.6,0,0,0,0.0
10,21,1,1,,,,43.8,0,0,0,0.0
10,22,1,1,,,,41.9,0,0,0,0.0
10,23,1,1,,,,43.1,0,0,0,0.0
10,24,1,1,,,,43.2,0,0,0,0.0
10,1,2,1,,,,40.6,0,0,0,0.0
10,2,2,1,,,,41.2,0,0,0,0.0
10,3,2,1,,,,41.2,0,0,0,0.0
10,4,2,1,,,,40.6,0,0,0,0.0
10,5,2,1,,,,40.9,0,0,0,0.0
10,6,2,1,,,,42.5,0,0,0,0.0
10,7,2,1,,,,43.6,0,0,0,13.0
10,8,2,1,,,,48.3,0,0,0,63.0
10,9,2,1,,,,61.6,0,0,0,143.0
10,10,2,1,,,,65.9,0,0,0,407.0
10,11,2,1,,,,69.9,0,0,0,477.0
10,12,2,1,,,,73.0,0,0,0,343.0
10,13,2,1,,,,71.2,0,0,0,226.0
10,14,2,1,,,,71.0,0,0,0,130.0
10,15,2,1,,,,69.4,0,0,0,45.0
10,16,2,1,,,,68.7,0,0,0,18.0
10,17,2,1,,,,66.4,0,0,0,0.0
10,18,2,1,,,,59.6,0,0,0,0.0
10,19,2,1,,,,54.4,0,0,0,0.0
10,20,2,1,,,,51.6,0,0,0,0.0
10,21,2,1,,,,48.5,0,0,0,0.0
10,22,2,1,,,,46.1,0,0,0,0.0
10,23,2,1,,,,45.9,0,0,0,0.0
10,24,2,1,,,,46.4,0,0,0,0.0
10,1,3,1,,,,44.9,0,0,0,0.0
10,2,3,1,,,,44.4,0,0,0,0.0
10,3,3,1,,,,45.7,0,0,0,0.0
10,4,3,1,,,,45.1,0,0,0,0.0
10,5,3,1,,,,44.4,0,0,0,0.0
10,6,3,1,,,,46.2,0,0,0,0.0
10,7,3,1,,,,45.7,0,0,0,16.0
10,8,3,1,,,,48.6,0,0,0,67.0
10,9,3,1,,,,57.6,0,0,0,138.0
10,10,3,1,,,,63.9,0,0,0,188.0
10,11,3,1,,,,70.0,0,0,0,165.0
10,12,3,1,,,,70.6,0,0,0,167.0
10,13,3,1,,,,71.0,0,0,0,158.0
10,14,3,1,,,,72.5,0,0,0,129.0
10,15,3,1,,,,70.6,0,0,0,95.0
10,16,3,1,,,,67.9,0,0,0,43.0
10,17,3,1,,,,65.9,0,0,0,0.0
10,18,3,1,,,,64.7,0,0,0,0.0
10,19,3,1,,,,57.2,0,0,0,0.0
10,20,3,1,,,,54.3,0,0,0,0.0
10,21,3,1,,,,54.3,0,0,0,0.0
10,22,3,1,,,,53.1,0,0,0,0.0
10,23,3,1,,,,52.5,0,0,0,0.0
10,24,3,1,,,,49.0,0,0,0,0.0
10,1,4,1,,,,48.1,0,0,0,0.0
10,2,4,1,,,,47.4,0,0,0,0.0
10,3,4,1,,,,48.2,0,0,0,0.0
10,4,4,1,,,,48.2,0,0,0,0.0
10,5,4,1,,,,47.0,0,0,0,0.0
10,6,4,1,,,,47.7,0,0,0,0.0
10,7,4,1,,,,49.8,0,0,0,3.0
10,8,4,1,,,,52.0,0,0,0,19.0
10,9,4,1,,,,58.6,0,0,0,53.0
10,10,4,1,,,,64.8,0,0,0,151.0
10,11,4,1,,,,71.2,0,0,0,244.0
10,12,4,1,,,,68.9,0,0,0,187.0
10,13,4,1,,,,70.5,0,0,0,115.0
10,14,4,1,,,,71.8,0,0,0,66.0
10,15,4,1,,,,71.8,0,0,0,90.0
10,16,4,1,,,,73.9,0,0,0,208.0
10,17,4,1,,,,70.0,0,0,0,0.0
10,18,4,1,,,,66.2,0,0,0,0.0
10,19,4,1,,,,60.5,0,0,0,0.0
10,20,4,1,,,,56.2,0,0,0,0.0
10,21,4,1,,,,53.7,0,0,0,0.0
10,22,4,1,,,,52.9,0,0,0,0.0
10,23,4,1,,,,50.6,0,0,0,0.0
10,24,4,1,,,,50.1,0,0,0,0.0
10,1,5,1,,,,47.6,0,0,0,0.0
10,2,5,1,,,,50.0,0,0,0,0.0
10,3,5,1,,,,48.8,0,0,0,0.0
10,4,5,1,,,,49.1,0,0,0,0.0
10,5,5,1,,,,48.2,0,0,0,0.0
10,6,5,1,,,,50.8,0,0,0,0.0
10,7,5,1,,,,52.8,0,0,0,208.0
10,8,5,1,,,,54.9,0,0,0,518.0
10,9,5,1,,,,62.3,0,0,0,690.0
10,10,5,1,,,,68.9,0,0,0,754.0
10,11,5,1,,,,74.1,0,0,0,790.0
10,12,5,1,,,,76.0,0,0,0,795.0
10,13,5,1,,,,74.6,0,0,0,772.0
10,14,5,1,,,,77.7,0,0,0,689.0
10,15,5,1,,,,77.5,0,0,0,407.0
10,16,5,1,,,,81.1,0,0,0,121.0
10,17,5,1,,,,76.2,0,0,0,0.0
10,18,5,1,,,,69.2,0,0,0,0.0
10,19,5,1,,,,59.9,0,0,0,0.0
10,20,5,1,,,,55.8,0,0,0,0.0
10,21,5,1,,,,54.7,0,0,0,0.0
10,22,5,1,,,,52.2,0,0,0,0.0
10,23,5,1,,,,52.5,0,0,0,0.0
10,24,5,1,,,,51.6,0,0,0,0.0
10,1,6,1,,,,51.6,0,0,0,0.0
10,2,6,1,,,,50.8,0,0,0,0.0
10,3,6,1,,,,49.8,0,0,0,0.0
10,4,6,1,,,,49.4,0,0,0,0.0
10,5,6,1,,,,50.2,0,0,0,0.0
10,6,6,1,,,,51.0,0,0,0,0.0
10,7,6,1,,,,52.6,0,0,0,107.0
10,8,6,1,,,,53.6,0,0,0,227.0
10,9,6,1,,,,63.6,0,0,0,209.0
10,10,6,1,,,,70.7,0,0,0,190.0
10,11,6,1,,,,72.5,0,0,0,175.0
10,12,6,1,,,,71.8,0,0,0,215.0
10,13,6,1,,,,71.4,0,0,0,214.0
10,14,6,1,,,,72.0,0,0,0,168.0
10,15,6,1,,,,70.7,0,0,0,101.0
10,16,6,1,,,,69.1,0,0,0,30.0
10,17,6,1,,,,65.0,0,0,0,0.0
10,18,6,1,,,,60.5,0,0,0,0.0
10,19,6,1,,,,56.6,0,0,0,0.0
10,20,6,1,,,,53.4,0,0,0,0.0
10,21,6,1,,,,52.4,0,0,0,0.0
10,22,6,1,,,,49.6,0,0,0,0.0
10,23,6,1,,,,49.8,0,0,0,0.0
10,24,6,1,,,,50.8,0,0,0,0.0
10,1,7,1,,,,49.5,0,0,0,0.0
10,2,7,1,,,,48.0,0,0,0,0.0
10,3,7,1,,,,48.5,0,0,0,0.0
10,4,7,1,,,,48.4,0,0,0,0.0
10,5,7,1,,,,47.8,0,0,0,0.0
10,6,7,1,,,,48.5,0,0,0,0.0
10,7,7,1,,,,48.5,0,0,0,3.0
10,8,7,1,,,,48.5,0,0,0,31.0
10,9,7,1,,,,49.2,0,0,0,94.0
10,10,7,1,,,,49.4,0,0,0,194.0
10,11,7,1,,,,50.9,0,0,0,168.0
10,12,7,1,,,,51.1,0,0,0,108.0
10,13,7,1,,,,49.6,0,0,0,76.0
10,14,7,1,,,,50.3,0,0,0,50.0
10,15,7,1,,,,47.2,0,0,0,72.0
10,16,7,1,,,,46.8,0,0,0,201.0
10,17,7,1,,,,47.0,0,0,0,0.0
10,18,7,1,,,,47.1,0,0,0,0.0
10,19,7,1,,,,47.4,0,0,0,0.0
10,20,7,1,,,,47.4,0,0,0,0.0
10,21,7,1,,,,46.5,0,0,0,0.0
10,22,7,1,,,,47.4,0,0,0,0.0
10,23,7,1,,,,49.2,0,0,0,0.0
10,24,7,1,,,,49.4,0,0,0,0.0
10,1,1,1,,,,48.7,0,0,0,0.0
10,2,1,1,,,,48.1,0,0,0,0.0
10,3,1,1,,,,48.3,0,0,0,0.0
10,4,1,1,,,,48.2,0,0,0,0.0
10,5,1,1,,,,47.2,0,0,0,0.0
10,6,1,1,,,,47.1,0,0,0,0.0
10,7,1,1,,,,48.1,0,0,0,15.0
10,8,1,1,,,,46.8,0,0,0,45.0
10,9,1,1,,,,46.8,0,0,0,79.0
10,10,1,1,,,,46.5,0,0,0,124.0
10,11,1,1,,,,46.7,0,0,0,141.0
10,12,1,1,,,,47.3,0,0,0,131.0
10,13,1,1,,,,46.6,0,0,0,87.0
10,14,1,1,,,,47.9,0,0,0,48.0
10,15,1,1,,,,48.7,0,0,0,51.0
10,16,1,1,,,,47.7,0,0,0,35.0
10,17,1,1,,,,49.9,0,0,0,0.0
10,18,1,1,,,,50.8,0,0,0,0.0
10,19,1,1,,,,51.3,0,0,0,0.0
10,20,1,1,,,,48.7,0,0,0,0.0
10,21,1,1,,,,50.6,0,0,0,0.0
10,22,1,1,,,,50.0,0,0,0,0.0
10,23,1,1,,,,49.6,0,0,0,0.0
10,24,1,1,,,,48.8,0,0,0,0.0
10,1,2,1,,,,47.6,0,0,0,0.0
10,2,2,1,,,,47.1,0,0,0,0.0
10,3,2,1,,,,47.5,0,0,0,0.0
10,4,2,1,,,,46.9,0,0,0,0.0
10,5,2,1,,,,48.9,0,0,0,0.0
10,6,2,1,,,,48.6,0,0,0,0.0
10,7,2,1,,,,49.0,0,0,0,8.0
10,8,2,1,,,,53.2,0,0,0,40.0
10,9,2,1,,,,64.5,0,0,0,98.0
10,10,2,1,,,,67.5,0,0,0,160.0
10,11,2,1,,,,71.3,0,0,0,227.0
10,12,2,1,,,,72.8,0,0,0,284.0
10,13,2,1,,,,69.8,0,0,0,237.0
10,14,2,1,,,,69.4,0,0,0,292.0
10,15,2,1,,,,70.6,0,0,0,268.0
10,16,2,1,,,,70.6,0,0,0,73.0
10,17,2,1,,,,66.8,0,0,0,0.0
10,18,2,1,,,,60.6,0,0,0,0.0
10,19,2,1,,,,54.9,0,0,0,0.0
10,20,2,1,,,,52.8,0,0,0,0.0
10,21,2,1,,,,50.2,0,0,0,0.0
10,22,2,1,,,,50.8,0,0,0,0.0
10,23,2,1,,,,50.1,0,0,0,0.0
10,24,2,1,,,,50.5,0,0,0,0.0
10,1,3,1,,,,50.5,0,0,0,0.0
10,2,3,1,,,,47.5,0,0,0,0.0
10,3,3,1,,,,48.8,0,0,0,0.0
10,4,3,1,,,,47.5,0,0,0,0.0
10,5,3,1,,,,47.4,0,0,0,0.0
10,6,3,1,,,,49.9,0,0,0,0.0
10,7,3,1,,,,50.9,0,0,0,11.0
10,8,3,1,,,,52.6,0,0,0,52.0
10,9,3,1,,,,64.0,0,0,0,53.0
10,10,3,1,,,,68.6,0,0,0,60.0
10,11,3,1,,,,72.9,0,0,0,93.0
10,12,3,1,,,,72.3,0,0,0,133.0
10,13,3,1,,,,69.5,0,0,0,149.0
10,14,3,1,,,,69.5,0,0,0,210.0
10,15,3,1,,,,72.6,0,0,0,169.0
10,16,3,1,,,,72.5,0,0,0,75.0
10,17,3,1,,,,66.2,0,0,0,0.0
10,18,3,1,,,,62.7,0,0,0,0.0
10,19,3,1,,,,58.3,0,0,0,0.0
10,20,3,1,,,,55.8,0,0,0,0.0
10,21,3,1,,,,56.6,0,0,0,0.0
10,22,3,1,,,,55.6,0,0,0,0.0
10,23,3,1,,,,45.4,0,0,0,0.0
10,24,3,1,,,,45.1,0,0,0,0.0
10,1,4,1,,,,44.3,0,0,0,0.0
10,2,4,1,,,,45.6,0,0,0,0.0
10,3,4,1,,,,45.0,0,0,0,0.0
10,4,4,1,,,,44.5,0,0,0,0.0
10,5,4,1,,,,44.0,0,0,0,0.0
10,6,4,1,,,,46.1,0,0,0,0.0
10,7,4,1,,,,50.8,0,0,0,44.0
10,8,4,1,,,,54.9,0,0,0,224.0
10,9,4,1,,,,64.2,0,0,0,353.0
10,10,4,1,,,,70.0,0,0,0,601.0
10,11,4,1,,,,77.5,0,0,0,698.0
10,12,4,1,,,,76.3,0,0,0,719.0
10,13,4,1,,,,73.2,0,0,0,723.0
10,14,4,1,,,,70.3,0,0,0,700.0
10,15,4,1,,,,71.2,0,0,0,607.0
10,16,4,1,,,,73.1,0,0,0,266.0
10,17,4,1,,,,69.8,0,0,0,0.0
10,18,4,1,,,,64.1,0,0,0,0.0
10,19,4,1,,,,59.2,0,0,0,0.0
10,20,4,1,,,,53.2,0,0,0,0.0
10,21,4,1,,,,49.5,0,0,0,0.0
10,22,4,1,,,,47.5,0,0,0,0.0
10,23,4,1,,,,47.9,0,0,0,0.0
10,24,4,1,,,,48.2,0,0,0,0.0
10,1,5,1,,,,48.8,0,0,0,0.0
10,2,5,1,,,,47.9,0,0,0,0.0
10,3,5,1,,,,48.4,0,0,0,0.0
10,4,5,1,,,,48.6,0,0,0,0.0
10,5,5,1,,,,49.0,0,0,0,0.0
10,6,5,1,,,,48.9,0,0,0,0.0
10,7,5,1,,,,48.6,0,0,0,48.0
10,8,5,1,,,,50.6,0,0,0,244.0
10,9,5,1,,,,61.2,0,0,0,591.0
10,10,5,1,,,,64.7,0,0,0,735.0
10,11,5,1,,,,69.5,0,0,0,782.0
10,12,5,1,,,,71.2,0,0,0,785.0
10,13,5,1,,,,71.6,0,0,0,753.0
10,14,5,1,,,,70.3,0,0,0,640.0
10,15,5,1,,,,69.7,0,0,0,340.0
10,16,5,1,,,,69.3,0,0,0,81.0
10,17,5,1,,,,65.0,0,0,0,0.0
10,18,5,1,,,,60.2,0,0,0,0.0
10,19,5,1,,,,55.7,0,0,0,0.0
10,20,5,1,,,,52.1,0,0,0,0.0
10,21,5,1,,,,48.9,0,0,0,0.0
10,22,5,1,,,,50.4,0,0,0,0.0
10,23,5,1,,,,49.8,0,0,0,0.0
10,24,5,1,,,,49.6,0,0,0,0.0
10,1,6,1,,,,49.3,0,0,0,0.0
10,2,6,1,,,,50.6,0,0,0,0.0
10,3,6,1,,,,50.0,0,0,0,0.0
10,4,6,1,,,,49.6,0,0,0,0.0
10,5,6,1,,,,47.7,0,0,0,0.0
10,6,6,1,,,,49.0,0,0,0,0.0
10,7,6,1,,,,49.6,0,0,0,0.0
10,8,6,1,,,,52.8,0,0,0,38.0
10,9,6,1,,,,64.4,0,0,0,170.0
10,10,6,1,,,,68.2,0,0,0,559.0
10,11,6,1,,,,72.2,0,0,0,634.0
10,12,6,1,,,,70.7,0,0,0,323.0
10,13,6,1,,,,66.8,0,0,0,170.0
10,14,6,1,,,,68.3,0,0,0,131.0
10,15,6,1,,,,68.1,0,0,0,114.0
10,16,6,1,,,,66.5,0,0,0,22.0
10,17,6,1,,,,62.8,0,0,0,0.0
10,18,6,1,,,,58.9,0,0,0,0.0
10,19,6,1,,,,54.8,0,0,0,0.0
10,20,6,1,,,,47.6,0,0,0,0.0
10,21,6,1,,,,47.2,0,0,0,0.0
10,22,6,1,,,,47.9,0,0,0,0.0
10,23,6,1,,,,47.6,0,0,0,0.0
10,24,6,1,,,,48.8,0,0,0,0.0
10,1,7,1,,,,47.5,0,0,0,0.0
10,2,7,1,,,,47.6,0,0,0,0.0
10,3,7,1,,,,46.8,0,0,0,0.0
10,4,7,1,,,,46.2,0,0,0,0.0
10,5,7,1,,,,47.2,0,0,0,0.0
10,6,7,1,,,,47.8,0,0,0,0.0
10,7,7,1,,,,47.6,0,0,0,49.0
10,8,7,1,,,,48.6,0,0,0,186.0
10,9,7,1,,,,50.9,0,0,0,302.0
10,10,7,1,,,,49.3,0,0,0,603.0
10,11,7,1,,,,48.4,0,0,0,703.0
10,12,7,1,,,,48.3,0,0,0,646.0
10,13,7,1,,,,47.0,0,0,0,668.0
10,14,7,1,,,,48.3,0,0,0,583.0
10,15,7,1,,,,49.4,0,0,0,259.0
10,16,7,1,,,,48.7,0,0,0,90.0
10,17,7,1,,,,48.6,0,0,0,0.0
10,18,7,1,,,,47.2,0,0,0,0.0
10,19,7,1,,,,49.2,0,0,0,0.0
10,20,7,1,,,,49.1,0,0,0,0.0
10,21,7,1,,,,49.0,0,0,0,0.0
10,22,7,1,,,,47.8,0,0,0,0.0
10,23,7,1,,,,48.8,0,0,0,0.0
10,24,7,1,,,,48.8,0,0,0,0.0
10,1,1,0,,,,48.5,0,0,0,0.0
10,2,1,0,,,,48.6,0,0,0,0.0
10,3,1,0,,,,49.1,0,0,0,0.0
10,4,1,0,,,,47.0,0,0,0,0.0
10,5,1,0,,,,45.8,0,0,0,0.0
10,6,1,0,,,,45.8,0,0,0,0.0
10,7,1,0,,,,47.1,0,0,0,8.0
10,8,1,0,,,,46.2,0,0,0,149.0
10,9,1,0,,,,46.1,0,0,0,473.0
10,10,1,0,,,,46.2,0,0,0,667.0
10,11,1,0,,,,46.8,0,0,0,696.0
10,12,1,0,,,,46.8,0,0,0,646.0
10,13,1,0,,,,46.7,0,0,0,526.0
10,14,1,0,,,,48.6,0,0,0,206.0
10,15,1,0,,,,48.5,0,0,0,98.0
10,16,1,0,,,,50.1,0,0,0,24.0
10,17,1,0,,,,51.9,0,0,0,0.0
10,18,1,0,,,,50.6,0,0,0,0.0
10,19,1,0,,,,50.6,0,0,0,0.0
10,20,1,0,,,,49.8,0,0,0,0.0
10,21,1,0,,,,49.2,0,0,0,0.0
10,22,1,0,,,,48.9,0,0,0,0.0
10,23,1,0,,,,49.1,0,0,0,0.0
10,24,1,0,,,,49.7,0,0,0,0.0
10,1,2,0,,,,49.1,0,0,0,0.0
10,2,2,0,,,,48.1,0,0,0,0.0
10,3,2,0,,,,48.4,0,0,0,0.0
10,4,2,0,,,,47.8,0,0,0,0.0
10,5,2,0,,,,47.1,0,0,0,0.0
10,6,2,0,,,,48.1,0,0,0,0.0
10,7,2,0,,,,49.1,0,0,0,7.0
10,8,2,0,,,,50.0,0,0,0,92.0
10,9,2,0,,,,50.5,0,0,0,262.0
10,10,2,0,,,,61.5,0,0,0,227.0
10,11,2,0,,,,65.2,0,0,0,339.0
10,12,2,0,,,,68.5,0,0,0,340.0
10,13,2,0,,,,68.6,0,0,0,197.0
10,14,2,0,,,,72.7,0,0,0,129.0
10,15,2,0,,,,73.5,0,0,0,128.0
10,16,2,0,,,,74.8,0,0,0,63.0
10,17,2,0,,,,72.6,0,0,0,0.0
10,18,2,0,,,,70.5,0,0,0,0.0
10,19,2,0,,,,63.9,0,0,0,0.0
10,20,2,0,,,,56.5,0,0,0,0.0
10,21,2,0,,,,54.7,0,0,0,0.0
10,22,2,0,,,,53.6,0,0,0,0.0
10,23,2,0,,,,51.8,0,0,0,0.0
10,24,2,0,,,,50.8,0,0,0,0.0
10,1,3,0,,,,49.8,0,0,0,0.0
10,2,3,0,,,,49.0,0,0,0,0.0
10,3,3,0,,,,48.5,0,0,0,0.0
10,4,3,0,,,,47.8,0,0,0,0.0
10,5,3,0,,,,48.6,0,0,0,0.0
10,6,3,0,,,,49.0,0,0,0,0.0
10,7,3,0,,,,50.8,0,0,0,11.0
10,8,3,0,,,,48.9,0,0,0,102.0
10,9,3,0,,,,52.2,0,0,0,256.0
10,10,3,0,,,,61.6,0,0,0,367.0
10,11,3,0,,,,69.5,0,0,0,481.0
10,12,3,0,,,,75.8,0,0,0,656.0
10,13,3,0,,,,76.2,0,0,0,723.0
10,14,3,0,,,,73.5,0,0,0,628.0
10,15,3,0,,,,72.5,0,0,0,416.0
10,16,3,0,,,,74.8,0,0,0,90.0
10,17,3,0,,,,73.0,0,0,0,0.0
10,18,3,0,,,,72.0,0,0,0,0.0
10,19,3,0,,,,66.7,0,0,0,0.0
10,20,3,0,,,,56.2,0,0,0,0.0
10,21,3,0,,,,52.9,0,0,0,0.0
10,22,3,0,,,,51.9,0,0,0,0.0
10,23,3,0,,,,51.4,0,0,0,0.0
10,24,3,0,,,,51.3,0,0,0,0.0
10,1,4,0,,,,49.8,0,0,0,0.0
10,2,4,0,,,,48.6,0,0,0,0.0
10,3,4,0,,,,46.2,0,0,0,0.0
10,4,4,0,,,,45.8,0,0,0,0.0
10,5,4,0,,,,53.2,0,0,0,0.0
10,6,4,0,,,,49.1,0,0,0,0.0
10,7,4,0,,,,49.0,0,0,0,17.0
10,8,4,0,,,,46.4,0,0,0,188.0
10,9,4,0,,,,54.2,0,0,0,661.0
10,10,4,0,,,,63.6,0,0,0,777.0
10,11,4,0,,,,69.7,0,0,0,814.0
10,12,4,0,,,,71.0,0,0,0,808.0
10,13,4,0,,,,73.5,0,0,0,760.0
10,14,4,0,,,,70.6,0,0,0,674.0
10,15,4,0,,,,72.8,0,0,0,472.0
10,16,4,0,,,,79.2,0,0,0,106.0
10,17,4,0,,,,77.9,0,0,0,0.0
10,18,4,0,,,,71.9,0,0,0,0.0
10,19,4,0,,,,67.1,0,0,0,0.0
10,20,4,0,,,,61.4,0,0,0,0.0
10,21,4,0,,,,57.4,0,0,0,0.0
10,22,4,0,,,,55.6,0,0,0,0.0
10,23,4,0,,,,55.8,0,0,0,0.0
10,24,4,0,,,,55.0,0,0,0,0.0
10,1,5,0,,,,54.5,0,0,0,0.0
10,2,5,0,,,,51.7,0,0,0,0.0
10,3,5,0,,,,49.0,0,0,0,0.0
10,4,5,0,,,,48.8,0,0,0,0.0
10,5,5,0,,,,48.0,0,0,0,0.0
10,6,5,0,,,,50.4,0,0,0,0.0
10,7,5,0,,,,50.1,0,0,0,0.0
10,8,5,0,,,,51.0,0,0,0,28.0
10,9,5,0,,,,55.5,0,0,0,59.0
10,10,5,0,,,,63.5,0,0,0,80.0
10,11,5,0,,,,65.8,0,0,0,93.0
10,12,5,0,,,,69.6,0,0,0,87.0
10,13,5,0,,,,73.5,0,0,0,84.0
10,14,5,0,,,,74.0,0,0,0,50.0
10,15,5,0,,,,75.7,0,0,0,19.0
10,16,5,0,,,,73.4,0,0,0,1.0
10,17,5,0,,,,71.5,0,0,0,0.0
10,18,5,0,,,,68.9,0,0,0,0.0
10,19,5,0,,,,63.4,0,0,0,0.0
10,20,5,0,,,,58.4,0,0,0,0.0
10,21,5,0,,,,54.6,0,0,0,0.0
10,22,5,0,,,,53.3,0,0,0,0.0
10,23,5,0,,,,52.3,0,0,0,0.0
10,24,5,0,,,,53.2,0,0,0,0.0
11,1,6,0,,,,50.7,0,0,0,0.0
11,2,6,0,,,,50.9,0,0,0,0.0
11,3,6,0,,,,50.5,0,0,0,0.0
11,4,6,0,,,,49.8,0,0,0,0.0
11,5,6,0,,,,49.4,0,0,0,0.0
11,6,6,0,,,,48.8,0,0,0,0.0
11,7,6,0,,,,49.4,0,0,0,19.0
11,8,6,0,,,,48.9,0,0,0,101.0
11,9,6,0,,,,52.0,0,0,0,180.0
11,10,6,0,,,,59.8,0,0,0,242.0
11,11,6,0,,,,65.0,0,0,0,213.0
11,12,6,0,,,,69.5,0,0,0,176.0
11,13,6,0,,,,67.0,0,0,0,126.0
11,14,6,0,,,,70.6,0,0,0,74.0
11,15,6,0,,,,69.3,0,0,0,40.0
11,16,6,0,,,,70.8,0,0,0,2.0
11,17,6,0,,,,68.9,0,0,0,0.0
11,18,6,0,,,,67.2,0,0,0,0.0
11,19,6,0,,,,62.6,0,0,0,0.0
11,20,6,0,,,,54.1,0,0,0,0.0
11,21,6,0,,,,49.7,0,0,0,0.0
11,22,6,0,,,,49.7,0,0,0,0.0
11,23,6,0,,,,49.3,0,0,0,0.0
11,24,6,0,,,,49.4,0,0,0,0.0
11,1,7,0,,,,47.4,0,0,0,0.0
11,2,7,0,,,,47.9,0,0,0,0.0
11,3,7,0,,,,47.9,0,0,0,0.0
11,4,7,0,,,,48.0,0,0,0,0.0
11,5,7,0,,,,48.5,0,0,0,0.0
11,6,7,0,,,,47.9,0,0,0,0.0
11,7,7,0,,,,48.5,0,0,0,2.0
11,8,7,0,,,,48.4,0,0,0,34.0
11,9,7,0,,,,48.1,0,0,0,65.0
11,10,7,0,,,,48.6,0,0,0,120.0
11,11,7,0,,,,50.4,0,0,0,194.0
11,12,7,0,,,,50.6,0,0,0,316.0
11,13,7,0,,,,48.3,0,0,0,296.0
11,14,7,0,,,,48.6,0,0,0,90.0
11,15,7,0,,,,48.9,0,0,0,56.0
11,16,7,0,,,,48.7,0,0,0,12.0
11,17,7,0,,,,48.9,0,0,0,0.0
11,18,7,0,,,,50.6,0,0,0,0.0
11,19,7,0,,,,50.0,0,0,0,0.0
11,20,7,0,,,,50.4,0,0,0,0.0
11,21,7,0,,,,49.6,0,0,0,0.0
11,22,7,0,,,,49.1,0,0,0,0.0
11,23,7,0,,,,48.3,0,0,0,0.0
11,24,7,0,,,,47.8,0,0,0,0.0
11,1,1,0,,,,48.4,0,0,0,0.0
11,2,1,0,,,,47.7,0,0,0,0.0
11,3,1,0,,,,47.6,0,0,0,0.0
11,4,1,0,,,,48.4,0,0,0,0.0
11,5,1,0,,,,50.6,0,0,0,0.0
11,6,1,0,,,,45.9,0,0,0,0.0
11,7,1,0,,,,45.5,0,0,0,37.0
11,8,1,0,,,,43.9,0,0,0,177.0
11,9,1,0,,,,42.0,0,0,0,299.0
11,10,1,0,,,,41.6,0,0,0,434.0
11,11,1,0,,,,43.1,0,0,0,440.0
11,12,1,0,,,,44.7,0,0,0,379.0
11,13,1,0,,,,43.8,0,0,0,370.0
11,14,1,0,,,,45.9,0,0,0,364.0
11,15,1,0,,,,48.1,0,0,0,281.0
11,16,1,0,,,,47.4,0,0,0,38.0
11,17,1,0,,,,53.2,0,0,0,0.0
11,18,1,0,,,,52.8,0,0,0,0.0
11,19,1,0,,,,51.9,0,0,0,0.0
11,20,1,0,,,,49.8,0,0,0,0.0
11,21,1,0,,,,53.6,0,0,0,0.0
11,22,1,0,,,,52.4,0,0,0,0.0
11,23,1,0,,,,52.8,0,0,0,0.0
11,24,1,0,,,,52.2,0,0,0,0.0
11,1,2,0,,,,50.9,0,0,0,0.0
11,2,2,0,,,,50.0,0,0,0,0.0
11,3,2,0,,,,50.9,0,0,0,0.0
11,4,2,0,,,,48.5,0,0,0,0.0
11,5,2,0,,,,48.2,0,0,0,0.0
11,6,2,0,,,,47.0,0,0,0,0.0
11,7,2,0,,,,46.2,0,0,0,28.0
11,8,2,0,,,,47.1,0,0,0,191.0
11,9,2,0,,,,53.4,0,0,0,613.0
11,10,2,0,,,,58.5,0,0,0,810.0
11,11,2,0,,,,60.4,0,0,0,855.0
11,12,2,0,,,,64.4,0,0,0,860.0
11,13,2,0,,,,67.7,0,0,0,824.0
11,14,2,0,,,,69.0,0,0,0,737.0
11,15,2,0,,,,68.6,0,0,0,571.0
11,16,2,0,,,,71.7,0,0,0,74.0
11,17,2,0,,,,72.7,0,0,0,0.0
11,18,2,0,,,,69.7,0,0,0,0.0
11,19,2,0,,,,64.1,0,0,0,0.0
11,20,2,0,,,,57.8,0,0,0,0.0
11,21,2,0,,,,51.5,0,0,0,0.0
11,22,2,0,,,,50.2,0,0,0,0.0
11,23,2,0,,,,49.0,0,0,0,0.0
11,24,2,0,,,,48.5,0,0,0,0.0
11,1,3,0,,,,47.2,0,0,0,0.0
11,2,3,0,,,,48.8,0,0,0,0.0
11,3,3,0,,,,48.5,0,0,0,0.0
11,4,3,0,,,,47.4,0,0,0,0.0
11,5,3,0,,,,49.3,0,0,0,0.0
11,6,3,0,,,,46.8,0,0,0,0.0
11,7,3,0,,,,47.9,0,0,0,0.0
11,8,3,0,,,,48.0,0,0,0,15.0
11,9,3,0,,,,49.2,0,0,0,66.0
11,10,3,0,,,,56.2,0,0,0,126.0
11,11,3,0,,,,64.7,0,0,0,201.0
11,12,3,0,,,,68.8,0,0,0,245.0
11,13,3,0,,,,68.5,0,0,0,353.0
11,14,3,0,,,,69.1,0,0,0,245.0
11,15,3,0,,,,67.5,0,0,0,186.0
11,16,3,0,,,,68.0,0,0,0,11.0
11,17,3,0,,,,68.1,0,0,0,0.0
11,18,3,0,,,,66.3,0,0,0,0.0
11,19,3,0,,,,62.9,0,0,0,0.0
11,20,3,0,,,,54.0,0,0,0,0.0
11,21,3,0,,,,50.6,0,0,0,0.0
11,22,3,0,,,,50.2,0,0,0,0.0
11,23,3,0,,,,48.6,0,0,0,0.0
11,24,3,0,,,,48.4,0,0,0,0.0
11,1,4,0,,,,47.6,0,0,0,0.0
11,2,4,0,,,,46.0,0,0,0,0.0
11,3,4,0,,,,46.2,0,0,0,0.0
11,4,4,0,,,,49.9,0,0,0,0.0
11,5,4,0,,,,48.4,0,0,0,0.0
11,6,4,0,,,,49.4,0,0,0,0.0
11,7,4,0,,,,50.7,0,0,0,0.0
11,8,4,0,,,,51.1,0,0,0,27.0
11,9,4,0,,,,54.2,0,0,0,143.0
11,10,4,0,,,,63.7,0,0,0,234.0
11,11,4,0,,,,70.5,0,0,0,207.0
11,12,4,0,,,,73.8,0,0,0,150.0
11,13,4,0,,,,73.0,0,0,0,82.0
11,14,4,0,,,,75.0,0,0,0,35.0
11,15,4,0,,,,74.5,0,0,0,6.0
11,16,4,0,,,,73.3,0,0,0,0.0
11,17,4,0,,,,76.4,0,0,0,0.0
11,18,4,0,,,,72.9,0,0,0,0.0
11,19,4,0,,,,65.6,0,0,0,0.0
11,20,4,0,,,,55.3,0,0,0,0.0
11,21,4,0,,,,54.4,0,0,0,0.0
11,22,4,0,,,,53.3,0,0,0,0.0
11,23,4,0,,,,51.0,0,0,0,0.0
11,24,4,0,,,,51.6,0,0,0,0.0
11,1,5,0,,,,50.2,0,0,0,0.0
11,2,5,0,,,,49.9,0,0,0,0.0
11,3,5,0,,,,49.6,0,0,0,0.0
11,4,5,0,,,,50.1,0,0,0,0.0
11,5,5,0,,,,50.9,0,0,0,0.0
11,6,5,0,,,,49.4,0,0,0,0.0
11,7,5,0,,,,49.8,0,0,0,0.0
11,8,5,0,,,,49.6,0,0,0,14.0
11,9,5,0,,,,52.9,0,0,0,47.0
11,10,5,0,,,,61.8,0,0,0,91.0
11,11,5,0,,,,67.0,0,0,0,154.0
11,12,5,0,,,,70.8,0,0,0,218.0
11,13,5,0,,,,69.0,0,0,0,159.0
11,14,5,0,,,,70.3,0,0,0,173.0
11,15,5,0,,,,71.5,0,0,0,131.0
11,16,5,0,,,,75.1,0,0,0,7.0
11,17,5,0,,,,75.5,0,0,0,0.0
11,18,5,0,,,,68.2,0,0,0,0.0
11,19,5,0,,,,65.4,0,0,0,0.0
11,20,5,0,,,,56.9,0,0,0,0.0
11,21,5,0,,,,55.2,0,0,0,0.0
11,22,5,0,,,,53.6,0,0,0,0.0
11,23,5,0,,,,53.6,0,0,0,0.0
11,24,5,0,,,,53.5,0,0,0,0.0
11,1,6,0,,,,48.8,0,0,0,0.0
11,2,6,0,,,,47.0,0,0,0,0.0
11,3,6,0,,,,47.6,0,0,0,0.0
11,4,6,0,,,,47.3,0,0,0,0.0
11,5,6,0,,,,51.5,0,0,0,0.0
11,6,6,0,,,,47.8,0,0,0,0.0
11,7,6,0,,,,48.9,0,0,0,0.0
11,8,6,0,,,,49.0,0,0,0,25.0
11,9,6,0,,,,51.3,0,0,0,85.0
11,10,6,0,,,,60.8,0,0,0,133.0
11,11,6,0,,,,63.5,0,0,0,147.0
11,12,6,0,,,,69.2,0,0,0,162.0
11,13,6,0,,,,69.2,0,0,0,122.0
11,14,6,0,,,,71.0,0,0,0,66.0
11,15,6,0,,,,72.9,0,0,0,19.0
11,16,6,0,,,,72.4,0,0,0,0.0
11,17,6,0,,,,76.2,0,0,0,0.0
11,18,6,0,,,,71.5,0,0,0,0.0
11,19,6,0,,,,65.7,0,0,0,0.0
11,20,6,0,,,,59.2,0,0,0,0.0
11,21,6,0,,,,52.3,0,0,0,0.0
11,22,6,0,,,,51.1,0,0,0,0.0
11,23,6,0,,,,49.6,0,0,0,0.0
11,24,6,0,,,,49.2,0,0,0,0.0
11,1,7,0,,,,47.5,0,0,0,0.0
11,2,7,0,,,,47.6,0,0,0,0.0
11,3,7,0,,,,46.9,0,0,0,0.0
11,4,7,0,,,,48.4,0,0,0,0.0
11,5,7,0,,,,53.1,0,0,0,0.0
11,6,7,0,,,,48.8,0,0,0,0.0
11,7,7,0,,,,47.8,0,0,0,0.0
11,8,7,0,,,,48.2,0,0,0,31.0
11,9,7,0,,,,47.9,0,0,0,56.0
11,10,7,0,,,,46.7,0,0,0,132.0
11,11,7,0,,,,48.2,0,0,0,170.0
11,12,7,0,,,,47.0,0,0,0,127.0
11,13,7,0,,,,47.2,0,0,0,66.0
11,14,7,0,,,,48.9,0,0,0,39.0
11,15,7,0,,,,49.6,0,0,0,27.0
11,16,7,0,,,,51.9,0,0,0,1.0
11,17,7,0,,,,49.3,0,0,0,0.0
11,18,7,0,,,,54.0,0,0,0,0.0
11,19,7,0,,,,52.9,0,0,0,0.0
11,20,7,0,,,,50.0,0,0,0,0.0
11,21,7,0,,,,46.0,0,0,0,0.0
11,22,7,0,,,,46.4,0,0,0,0.0
11,23,7,0,,,,45.9,0,0,0,0.0
11,24,7,0,,,,45.0,0,0,0,0.0
11,1,1,0,,,,44.9,0,0,0,0.0
11,2,1,0,,,,45.2,0,0,0,0.0
11,3,1,0,,,,45.0,0,0,0,0.0
11,4,1,0,,,,44.7,0,0,0,0.0
11,5,1,0,,,,44.8,0,0,0,0.0
11,6,1,0,,,,46.9,0,0,0,0.0
11,7,1,0,,,,46.3,0,0,0,0.0
11,8,1,0,,,,48.4,0,0,0,67.0
11,9,1,0,,,,48.1,0,0,0,210.0
11,10,1,0,,,,46.6,0,0,0,598.0
11,11,1,0,,,,45.7,0,0,0,741.0
11,12,1,0,,,,44.8,0,0,0,778.0
11,13,1,0,,,,43.7,0,0,0,786.0
11,14,1,0,,,,45.5,0,0,0,729.0
11,15,1,0,,,,45.6,0,0,0,578.0
11,16,1,0,,,,46.1,0,0,0,31.0
11,17,1,0,,,,48.2,0,0,0,0.0
11,18,1,0,,,,51.4,0,0,0,0.0
11,19,1,0,,,,47.8,0,0,0,0.0
11,20,1,0,,,,50.3,0,0,0,0.0
11,21,1,0,,,,50.9,0,0,0,0.0
11,22,1,0,,,,53.1,0,0,0,0.0
11,23,1,0,,,,54.3,0,0,0,0.0
11,24,1,0,,,,54.2,0,0,0,0.0
11,1,2,0,,,,53.4,0,0,0,0.0
11,2,2,0,,,,54.0,0,0,0,0.0
11,3,2,0,,,,53.5,0,0,0,0.0
11,4,2,0,,,,48.0,0,0,0,0.0
11,5,2,0,,,,48.5,0,0,0,0.0
11,6,2,0,,,,47.9,0,0,0,0.0
11,7,2,0,,,,46.8,0,0,0,0.0
11,8,2,0,,,,46.8,0,0,0,6.0
11,9,2,0,,,,50.9,0,0,0,21.0
11,10,2,0,,,,56.7,0,0,0,27.0
11,11,2,0,,,,66.0,0,0,0,29.0
11,12,2,0,,,,70.3,0,0,0,46.0
11,13,2,0,,,,73.9,0,0,0,58.0
11,14,2,0,,,,74.3,0,0,0,45.0
11,15,2,0,,,,73.8,0,0,0,19.0
11,16,2,0,,,,74.5,0,0,0,0.0
11,17,2,0,,,,73.3,0,0,0,0.0
11,18,2,0,,,,70.2,0,0,0,0.0
11,19,2,0,,,,64.0,0,0,0,0.0
11,20,2,0,,,,59.0,0,0,0,0.0
11,21,2,0,,,,55.9,0,0,0,0.0
11,22,2,0,,,,51.6,0,0,0,0.0
11,23,2,0,,,,53.2,0,0,0,0.0
11,24,2,0,,,,50.2,0,0,0,0.0
11,1,3,0,,,,49.5,0,0,0,0.0
11,2,3,0,,,,48.9,0,0,0,0.0
11,3,3,0,,,,48.5,0,0,0,0.0
11,4,3,0,,,,48.6,0,0,0,0.0
11,5,3,0,,,,48.1,0,0,0,0.0
11,6,3,0,,,,49.3,0,0,0,0.0
11,7,3,0,,,,50.9,0,0,0,0.0
11,8,3,0,,,,50.2,0,0,0,15.0
11,9,3,0,,,,53.4,0,0,0,104.0
11,10,3,0,,,,61.2,0,0,0,374.0
11,11,3,0,,,,68.0,0,0,0,520.0
11,12,3,0,,,,69.1,0,0,0,529.0
11,13,3,0,,,,69.7,0,0,0,319.0
11,14,3,0,,,,73.2,0,0,0,125.0
11,15,3,0,,,,70.6,0,0,0,34.0
11,16,3,0,,,,71.3,0,0,0,0.0
11,17,3,0,,,,75.7,0,0,0,0.0
11,18,3,0,,,,75.4,0,0,0,0.0
11,19,3,0,,,,66.5,0,0,0,0.0
11,20,3,0,,,,60.2,0,0,0,0.0
11,21,3,0,,,,55.2,0,0,0,0.0
11,22,3,0,,,,54.6,0,0,0,0.0
11,23,3,0,,,,53.7,0,0,0,0.0
11,24,3,0,,,,53.8,0,0,0,0.0
11,1,4,0,,,,52.8,0,0,0,0.0
11,2,4,0,,,,51.1,0,0,0,0.0
11,3,4,0,,,,53.8,0,0,0,0.0
11,4,4,0,,,,52.2,0,0,0,0.0
11,5,4,0,,,,49.2,0,0,0,0.0
11,6,4,0,,,,55.5,0,0,0,0.0
11,7,4,0,,,,50.3,0,0,0,0.0
11,8,4,0,,,,52.9,0,0,0,11.0
11,9,4,0,,,,52.2,0,0,0,34.0
11,10,4,0,,,,58.4,0,0,0,84.0
11,11,4,0,,,,63.2,0,0,0,200.0
11,12,4,0,,,,68.1,0,0,0,281.0
11,13,4,0,,,,65.5,0,0,0,235.0
11,14,4,0,,,,69.1,0,0,0,134.0
11,15,4,0,,,,69.3,0,0,0,42.0
11,16,4,0,,,,67.9,0,0,0,0.0
11,17,4,0,,,,72.5,0,0,0,0.0
11,18,4,0,,,,71.1,0,0,0,0.0
11,19,4,0,,,,65.3,0,0,0,0.0
11,20,4,0,,,,55.5,0,0,0,0.0
11,21,4,0,,,,49.9,0,0,0,0.0
11,22,4,0,,,,48.6,0,0,0,0.0
11,23,4,0,,,,49.8,0,0,0,0.0
11,24,4,0,,,,48.1,0,0,0,0.0
11,1,5,0,,,,48.8,0,0,0,0.0
11,2,5,0,,,,48.2,0,0,0,0.0
11,3,5,0,,,,48.8,0,0,0,0.0
11,4,5,0,,,,48.1,0,0,0,0.0
11,5,5,0,,,,47.6,0,0,0,0.0
11,6,5,0,,,,46.7,0,0,0,0.0
11,7,5,0,,,,47.5,0,0,0,0.0
11,8,5,0,,,,47.9,0,0,0,87.0
11,9,5,0,,,,48.8,0,0,0,183.0
11,10,5,0,,,,58.8,0,0,0,306.0
11,11,5,0,,,,66.5,0,0,0,478.0
11,12,5,0,,,,70.0,0,0,0,540.0
11,13,5,0,,,,67.5,0,0,0,590.0
11,14,5,0,,,,71.3,0,0,0,518.0
11,15,5,0,,,,69.5,0,0,0,272.0
11,16,5,0,,,,69.9,0,0,0,4.0
11,17,5,0,,,,71.3,0,0,0,0.0
11,18,5,0,,,,68.4,0,0,0,0.0
11,19,5,0,,,,60.7,0,0,0,0.0
11,20,5,0,,,,54.2,0,0,0,0.0
11,21,5,0,,,,54.4,0,0,0,0.0
11,22,5,0,,,,50.0,0,0,0,0.0
11,23,5,0,,,,48.1,0,0,0,0.0
11,24,5,0,,,,48.1,0,0,0,0.0
11,1,6,0,,,,46.8,0,0,0,0.0
11,2,6,0,,,,47.2,0,0,0,0.0
11,3,6,0,,,,44.5,0,0,0,0.0
11,4,6,0,,,,45.4,0,0,0,0.0
11,5,6,0,,,,45.9,0,0,0,0.0
11,6,6,0,,,,45.9,0,0,0,0.0
11,7,6,0,,,,46.4,0,0,0,0.0
11,8,6,0,,,,47.4,0,0,0,81.0
11,9,6,0,,,,48.7,0,0,0,489.0
11,10,6,0,,,,54.7,0,0,0,700.0
11,11,6,0,,,,58.1,0,0,0,763.0
11,12,6,0,,,,65.8,0,0,0,764.0
11,13,6,0,,,,62.6,0,0,0,713.0
11,14,6,0,,,,67.6,0,0,0,511.0
11,15,6,0,,,,67.2,0,0,0,216.0
11,16,6,0,,,,70.2,0,0,0,2.0
11,17,6,0,,,,71.6,0,0,0,0.0
11,18,6,0,,,,68.5,0,0,0,0.0
11,19,6,0,,,,63.7,0,0,0,0.0
11,20,6,0,,,,55.0,0,0,0,0.0
11,21,6,0,,,,51.2,0,0,0,0.0
11,22,6,0,,,,51.1,0,0,0,0.0
11,23,6,0,,,,51.2,0,0,0,0.0
11,24,6,0,,,,51.2,0,0,0,0.0
11,1,7,0,,,,49.9,0,0,0,0.0
11,2,7,0,,,,51.8,0,0,0,0.0
11,3,7,0,,,,51.0,0,0,0,0.0
11,4,7,0,,,,51.3,0,0,0,0.0
11,5,7,0,,,,48.2,0,0,0,0.0
11,6,7,0,,,,49.4,0,0,0,0.0
11,7,7,0,,,,47.7,0,0,0,0.0
11,8,7,0,,,,48.3,0,0,0,5.0
11,9,7,0,,,,49.3,0,0,0,26.0
11,10,7,0,,,,50.3,0,0,0,53.0
11,11,7,0,,,,49.4,0,0,0,72.0
11,12,7,0,,,,50.8,0,0,0,87.0
11,13,7,0,,,,50.4,0,0,0,69.0
11,14,7,0,,,,49.6,0,0,0,42.0
11,15,7,0,,,,49.6,0,0,0,13.0
11,16,7,0,,,,48.9,0,0,0,0.0
11,17,7,0,,,,49.8,0,0,0,0.0
11,18,7,0,,,,49.3,0,0,0,0.0
11,19,7,0,,,,51.4,0,0,0,0.0
11,20,7,0,,,,51.0,0,0,0,0.0
11,21,7,0,,,,50.0,0,0,0,0.0
11,22,7,0,,,,49.1,0,0,0,0.0
11,23,7,0,,,,50.2,0,0,0,0.0
11,24,7,0,,,,49.2,0,0,0,0.0
11,1,1,0,,,,50.5,0,0,0,0.0
11,2,1,0,,,,52.0,0,0,0,0.0
11,3,1,0,,,,50.5,0,0,0,0.0
11,4,1,0,,,,47.4,0,0,0,0.0
11,5,1,0,,,,48.4,0,0,0,0.0
11,6,1,0,,,,48.5,0,0,0,0.0
11,7,1,0,,,,50.7,0,0,0,0.0
11,8,1,0,,,,50.3,0,0,0,2.0
11,9,1,0,,,,51.1,0,0,0,14.0
11,10,1,0,,,,51.6,0,0,0,25.0
11,11,1,0,,,,52.0,0,0,0,35.0
11,12,1,0,,,,52.0,0,0,0,39.0
11,13,1,0,,,,49.8,0,0,0,31.0
11,14,1,0,,,,51.0,0,0,0,16.0
11,15,1,0,,,,49.0,0,0,0,3.0
11,16,1,0,,,,48.8,0,0,0,0.0
11,17,1,0,,,,51.8,0,0,0,0.0
11,18,1,0,,,,53.1,0,0,0,0.0
11,19,1,0,,,,52.2,0,0,0,0.0
11,20,1,0,,,,52.9,0,0,0,0.0
11,21,1,0,,,,52.0,0,0,0,0.0
11,22,1,0,,,,52.1,0,0,0,0.0
11,23,1,0,,,,51.6,0,0,0,0.0
11,24,1,0,,,,52.9,0,0,0,0.0
11,1,2,0,,,,51.9,0,0,0,0.0
11,2,2,0,,,,52.0,0,0,0,0.0
11,3,2,0,,,,53.0,0,0,0,0.0
11,4,2,0,,,,54.1,0,0,0,0.0
11,5,2,0,,,,52.2,0,0,0,0.0
11,6,2,0,,,,54.2,0,0,0,0.0
11,7,2,0,,,,54.0,0,0,0,0.0
11,8,2,0,,,,54.3,0,0,0,1.0
11,9,2,0,,,,58.3,0,0,0,12.0
11,10,2,0,,,,67.8,0,0,0,29.0
11,11,2,0,,,,78.5,0,0,0,41.0
11,12,2,0,,,,80.0,0,0,0,44.0
11,13,2,0,,,,85.8,0,0,0,37.0
11,14,2,0,,,,81.5,0,0,0,19.0
11,15,2,0,,,,84.2,0,0,0,2.0
11,16,2,0,,,,83.5,0,0,0,0.0
11,17,2,0,,,,82.8,0,0,0,0.0
11,18,2,0,,,,79.0,0,0,0,0.0
11,19,2,0,,,,70.9,0,0,0,0.0
11,20,2,0,,,,61.4,0,0,0,0.0
11,21,2,0,,,,58.2,0,0,0,0.0
11,22,2,0,,,,55.9,0,0,0,0.0
11,23,2,0,,,,54.8,0,0,0,0.0
11,24,2,0,,,,50.8,0,0,0,0.0
11,1,3,0,,,,50.9,0,0,0,0.0
11,2,3,0,,,,47.6,0,0,0,0.0
11,3,3,0,,,,50.0,0,0,0,0.0
11,4,3,0,,,,51.5,0,0,0,0.0
11,5,3,0,,,,52.0,0,0,0,0.0
11,6,3,0,,,,52.9,0,0,0,0.0
11,7,3,0,,,,53.3,0,0,0,0.0
11,8,3,0,,,,53.2,0,0,0,11.0
11,9,3,0,,,,55.2,0,0,0,74.0
11,10,3,0,,,,62.1,0,0,0,433.0
11,11,3,0,,,,65.9,0,0,0,641.0
11,12,3,0,,,,67.7,0,0,0,691.0
11,13,3,0,,,,69.2,0,0,0,686.0
11,14,3,0,,,,71.3,0,0,0,589.0
11,15,3,0,,,,70.2,0,0,0,358.0
11,16,3,0,,,,72.0,0,0,0,0.0
11,17,3,0,,,,73.8,0,0,0,0.0
11,18,3,0,,,,72.6,0,0,0,0.0
11,19,3,0,,,,66.2,0,0,0,0.0
11,20,3,0,,,,57.0,0,0,0,0.0
11,21,3,0,,,,55.0,0,0,0,0.0
11,22,3,0,,,,54.5,0,0,0,0.0
11,23,3,0,,,,53.8,0,0,0,0.0
11,24,3,0,,,,54.5,0,0,0,0.0
11,1,4,0,,,,54.3,0,0,0,0.0
11,2,4,0,,,,55.1,0,0,0,0.0
11,3,4,0,,,,55.9,0,0,0,0.0
11,4,4,0,,,,53.4,0,0,0,0.0
11,5,4,0,,,,52.1,0,0,0,0.0
11,6,4,0,,,,50.8,0,0,0,0.0
11,7,4,0,,,,49.6,0,0,0,0.0
11,8,4,0,,,,49.6,0,0,0,3.0
11,9,4,0,,,,50.9,0,0,0,17.0
11,10,4,0,,,,60.4,0,0,0,28.0
11,11,4,0,,,,69.2,0,0,0,37.0
11,12,4,0,,,,73.6,0,0,0,105.0
11,13,4,0,,,,80.0,0,0,0,255.0
11,14,4,0,,,,81.4,0,0,0,310.0
11,15,4,0,,,,80.4,0,0,0,85.0
11,16,4,0,,,,76.0,0,0,0,0.0
11,17,4,0,,,,78.2,0,0,0,0.0
11,18,4,0,,,,75.9,0,0,0,0.0
11,19,4,0,,,,68.0,0,0,0,0.0
11,20,4,0,,,,63.5,0,0,0,0.0
11,21,4,0,,,,58.6,0,0,0,0.0
11,22,4,0,,,,62.6,0,0,0,0.0
11,23,4,0,,,,61.5,0,0,0,0.0
11,24,4,0,,,,59.8,0,0,0,0.0
11,1,5,0,,,,58.2,0,0,0,0.0
11,2,5,0,,,,58.0,0,0,0,0.0
11,3,5,0,,,,57.4,0,0,0,0.0
11,4,5,0,,,,55.7,0,0,0,0.0
11,5,5,0,,,,53.9,0,0,0,0.0
11,6,5,0,,,,53.6,0,0,0,0.0
11,7,5,0,,,,52.9,0,0,0,0.0
11,8,5,0,,,,52.3,0,0,0,51.0
11,9,5,0,,,,52.6,0,0,0,264.0
11,10,5,0,,,,61.7,0,0,0,364.0
11,11,5,0,,,,69.5,0,0,0,410.0
11,12,5,0,,,,76.5,0,0,0,454.0
11,13,5,0,,,,75.3,0,0,0,358.0
11,14,5,0,,,,76.3,0,0,0,166.0
11,15,5,0,,,,80.5,0,0,0,65.0
11,16,5,0,,,,80.9,0,0,0,0.0
11,17,5,0,,,,79.7,0,0,0,0.0
11,18,5,0,,,,71.8,0,0,0,0.0
11,19,5,0,,,,68.9,0,0,0,0.0
11,20,5,0,,,,61.7,0,0,0,0.0
11,21,5,0,,,,55.6,0,0,0,0.0
11,22,5,0,,,,52.8,0,0,0,0.0
11,23,5,0,,,,51.4,0,0,0,0.0
11,24,5,0,,,,52.0,0,0,0,0.0
11,1,6,0,,,,51.6,0,0,0,0.0
11,2,6,0,,,,50.5,0,0,0,0.0
11,3,6,0,,,,50.4,0,0,0,0.0
11,4,6,0,,,,49.6,0,0,0,0.0
11,5,6,0,,,,51.5,0,0,0,0.0
11,6,6,0,,,,52.6,0,0,0,0.0
11,7,6,0,,,,55.4,0,0,0,0.0
11,8,6,0,,,,51.9,0,0,0,59.0
11,9,6,0,,,,56.0,0,0,0,338.0
11,10,6,0,,,,60.8,0,0,0,584.0
11,11,6,0,,,,69.4,0,0,0,705.0
11,12,6,0,,,,70.0,0,0,0,741.0
11,13,6,0,,,,71.9,0,0,0,702.0
11,14,6,0,,,,71.9,0,0,0,531.0
11,15,6,0,,,,74.1,0,0,0,288.0
11,16,6,0,,,,75.9,0,0,0,0.0
11,17,6,0,,,,75.2,0,0,0,0.0
11,18,6,0,,,,72.3,0,0,0,0.0
11,19,6,0,,,,63.5,0,0,0,0.0
11,20,6,0,,,,56.8,0,0,0,0.0
11,21,6,0,,,,49.4,0,0,0,0.0
11,22,6,0,,,,45.4,0,0,0,0.0
11,23,6,0,,,,45.4,0,0,0,0.0
11,24,6,0,,,,45.2,0,0,0,0.0
11,1,7,0,,,,46.0,0,0,0,0.0
11,2,7,0,,,,45.9,0,0,0,0.0
11,3,7,0,,,,49.6,0,0,0,0.0
11,4,7,0,,,,47.9,0,0,0,0.0
11,5,7,0,,,,48.8,0,0,0,0.0
11,6,7,0,,,,49.1,0,0,0,0.0
11,7,7,0,,,,49.3,0,0,0,0.0
11,8,7,0,,,,47.4,0,0,0,29.0
11,9,7,0,,,,48.0,0,0,0,112.0
11,10,7,0,,,,47.4,0,0,0,239.0
11,11,7,0,,,,47.4,0,0,0,312.0
11,12,7,0,,,,47.7,0,0,0,315.0
11,13,7,0,,,,46.9,0,0,0,231.0
11,14,7,0,,,,47.8,0,0,0,78.0
11,15,7,0,,,,46.8,0,0,0,24.0
11,16,7,0,,,,49.0,0,0,0,0.0
11,17,7,0,,,,49.0,0,0,0,0.0
11,18,7,0,,,,50.8,0,0,0,0.0
11,19,7,0,,,,49.0,0,0,0,0.0
11,20,7,0,,,,47.9,0,0,0,0.0
11,21,7,0,,,,45.4,0,0,0,0.0
11,22,7,0,,,,45.4,0,0,0,0.0
11,23,7,0,,,,45.5,0,0,0,0.0
11,24,7,0,,,,44.6,0,0,0,0.0
11,1,1,0,,,,47.0,0,0,0,0.0
11,2,1,0,,,,47.4,0,0,0,0.0
11,3,1,0,,,,47.2,0,0,0,0.0
11,4,1,0,,,,46.7,0,0,0,0.0
11,5,1,0,,,,45.3,0,0,0,0.0
11,6,1,0,,,,43.7,0,0,0,0.0
11,7,1,0,,,,43.6,0,0,0,0.0
11,8,1,0,,,,43.2,0,0,0,12.0
11,9,1,0,,,,43.0,0,0,0,64.0
11,10,1,0,,,,43.4,0,0,0,130.0
11,11,1,0,,,,48.1,0,0,0,197.0
11,12,1,0,,,,49.2,0,0,0,284.0
11,13,1,0,,,,48.6,0,0,0,376.0
11,14,1,0,,,,51.5,0,0,0,266.0
11,15,1,0,,,,51.9,0,0,0,118.0
11,16,1,0,,,,52.0,0,0,0,0.0
11,17,1,0,,,,52.2,0,0,0,0.0
11,18,1,0,,,,52.8,0,0,0,0.0
11,19,1,0,,,,50.9,0,0,0,0.0
11,20,1,0,,,,52.0,0,0,0,0.0
11,21,1,0,,,,49.4,0,0,0,0.0
11,22,1,0,,,,46.8,0,0,0,0.0
11,23,1,0,,,,45.8,0,0,0,0.0
11,24,1,0,,,,45.9,0,0,0,0.0
11,1,2,0,,,,46.8,0,0,0,0.0
11,2,2,0,,,,46.7,0,0,0,0.0
11,3,2,0,,,,45.9,0,0,0,0.0
11,4,2,0,,,,46.9,0,0,0,0.0
11,5,2,0,,,,46.4,0,0,0,0.0
11,6,2,0,,,,48.8,0,0,0,0.0
11,7,2,0,,,,47.6,0,0,0,0.0
11,8,2,0,,,,47.8,0,0,0,52.0
11,9,2,0,,,,52.4,0,0,0,207.0
11,10,2,0,,,,60.0,0,0,0,339.0
11,11,2,0,,,,73.7,0,0,0,404.0
11,12,2,0,,,,83.0,0,0,0,324.0
11,13,2,0,,,,79.8,0,0,0,230.0
11,14,2,0,,,,80.6,0,0,0,150.0
11,15,2,0,,,,79.4,0,0,0,68.0
11,16,2,0,,,,79.2,0,0,0,0.0
11,17,2,0,,,,80.8,0,0,0,0.0
11,18,2,0,,,,73.4,0,0,0,0.0
11,19,2,0,,,,66.7,0,0,0,0.0
11,20,2,0,,,,56.9,0,0,0,0.0
11,21,2,0,,,,52.7,0,0,0,0.0
11,22,2,0,,,,53.8,0,0,0,0.0
11,23,2,0,,,,49.5,0,0,0,0.0
11,24,2,0,,,,47.7,0,0,0,0.0
11,1,3,0,,,,46.1,0,0,0,0.0
11,2,3,0,,,,46.4,0,0,0,0.0
11,3,3,0,,,,46.0,0,0,0,0.0
11,4,3,0,,,,47.5,0,0,0,0.0
11,5,3,0,,,,49.5,0,0,0,0.0
11,6,3,0,,,,50.0,0,0,0,0.0
11,7,3,0,,,,51.2,0,0,0,0.0
11,8,3,0,,,,51.5,0,0,0,18.0
11,9,3,0,,,,52.9,0,0,0,86.0
11,10,3,0,,,,69.2,0,0,0,245.0
11,11,3,0,,,,72.0,0,0,0,368.0
11,12,3,0,,,,70.8,0,0,0,371.0
11,13,3,0,,,,70.4,0,0,0,210.0
11,14,3,0,,,,70.3,0,0,0,84.0
11,15,3,0,,,,73.8,0,0,0,18.0
11,16,3,0,,,,74.6,0,0,0,0.0
11,17,3,0,,,,74.6,0,0,0,0.0
11,18,3,0,,,,70.6,0,0,0,0.0
11,19,3,0,,,,67.5,0,0,0,0.0
11,20,3,0,,,,57.2,0,0,0,0.0
11,21,3,0,,,,53.2,0,0,0,0.0
11,22,3,0,,,,50.8,0,0,0,0.0
11,23,3,0,,,,49.5,0,0,0,0.0
11,24,3,0,,,,49.4,0,0,0,0.0
11,1,4,0,,,,47.2,0,0,0,0.0
11,2,4,0,,,,47.6,0,0,0,0.0
11,3,4,0,,,,47.4,0,0,0,0.0
11,4,4,0,,,,47.1,0,0,0,0.0
11,5,4,0,,,,47.2,0,0,0,0.0
11,6,4,0,,,,49.5,0,0,0,0.0
11,7,4,0,,,,48.4,0,0,0,0.0
11,8,4,0,,,,47.8,0,0,0,4.0
11,9,4,0,,,,52.4,0,0,0,23.0
11,10,4,0,,,,60.5,0,0,0,44.0
11,11,4,0,,,,68.0,0,0,0,77.0
11,12,4,0,,,,74.1,0,0,0,82.0
11,13,4,0,,,,73.4,0,0,0,58.0
11,14,4,0,,,,75.0,0,0,0,30.0
11,15,4,0,,,,74.6,0,0,0,6.0
11,16,4,0,,,,76.7,0,0,0,0.0
11,17,4,0,,,,81.5,0,0,0,0.0
11,18,4,0,,,,75.1,0,0,0,0.0
11,19,4,0,,,,64.6,0,0,0,0.0
11,20,4,0,,,,57.6,0,0,0,0.0
11,21,4,0,,,,52.2,0,0,0,0.0
11,22,4,0,,,,51.1,0,0,0,0.0
11,23,4,0,,,,49.5,0,0,0,0.0
11,24,4,0,,,,49.1,0,0,0,0.0
11,1,5,0,,,,47.8,0,0,0,0.0
11,2,5,0,,,,47.9,0,0,0,0.0
11,3,5,0,,,,47.5,0,0,0,0.0
11,4,5,0,,,,48.0,0,0,0,0.0
11,5,5,0,,,,46.9,0,0,0,0.0
11,6,5,0,,,,47.8,0,0,0,0.0
11,7,5,0,,,,47.8,0,0,0,0.0
11,8,5,0,,,,48.6,0,0,0,3.0
11,9,5,0,,,,52.8,0,0,0,25.0
11,10,5,0,,,,62.5,0,0,0,44.0
11,11,5,0,,,,68.7,0,0,0,57.0
11,12,5,0,,,,71.5,0,0,0,55.0
11,13,5,0,,,,72.1,0,0,0,40.0
11,14,5,0,,,,77.0,0,0,0,21.0
11,15,5,0,,,,74.4,0,0,0,2.0
11,16,5,0,,,,77.0,0,0,0,0.0
11,17,5,0,,,,75.8,0,0,0,0.0
11,18,5,0,,,,71.1,0,0,0,0.0
11,19,5,0,,,,66.3,0,0,0,0.0
11,20,5,0,,,,59.2,0,0,0,0.0
11,21,5,0,,,,54.4,0,0,0,0.0
11,22,5,0,,,,52.2,0,0,0,0.0
11,23,5,0,,,,49.5,0,0,0,0.0
11,24,5,0,,,,47.2,0,0,0,0.0
11,1,6,0,,,,46.4,0,0,0,0.0
11,2,6,0,,,,45.6,0,0,0,0.0
11,3,6,0,,,,48.3,0,0,0,0.0
11,4,6,0,,,,46.7,0,0,0,0.0
11,5,6,0,,,,46.8,0,0,0,0.0
11,6,6,0,,,,47.3,0,0,0,0.0
11,7,6,0,,,,48.6,0,0,0,0.0
11,8,6,0,,,,49.6,0,0,0,4.0
11,9,6,0,,,,51.3,0,0,0,16.0
11,10,6,0,,,,61.0,0,0,0,42.0
11,11,6,0,,,,69.1,0,0,0,98.0
11,12,6,0,,,,74.0,0,0,0,54.0
11,13,6,0,,,,72.4,0,0,0,25.0
11,14,6,0,,,,76.2,0,0,0,17.0
11,15,6,0,,,,76.8,0,0,0,8.0
11,16,6,0,,,,71.6,0,0,0,0.0
11,17,6,0,,,,72.5,0,0,0,0.0
11,18,6,0,,,,68.8,0,0,0,0.0
11,19,6,0,,,,66.1,0,0,0,0.0
11,20,6,0,,,,53.4,0,0,0,0.0
11,21,6,0,,,,46.4,0,0,0,0.0
11,22,6,0,,,,44.2,0,0,0,0.0
11,23,6,0,,,,43.2,0,0,0,0.0
11,24,6,0,,,,43.3,0,0,0,0.0
11,1,7,0,,,,44.2,0,0,0,0.0
11,2,7,0,,,,43.5,0,0,0,0.0
11,3,7,0,,,,43.2,0,0,0,0.0
11,4,7,0,,,,42.8,0,0,0,0.0
11,5,7,0,,,,42.7,0,0,0,0.0
11,6,7,0,,,,43.2,0,0,0,0.0
11,7,7,0,,,,43.3,0,0,0,0.0
11,8,7,0,,,,44.1,0,0,0,39.0
11,9,7,0,,,,49.0,0,0,0,159.0
11,10,7,0,,,,48.2,0,0,0,239.0
11,11,7,0,,,,49.7,0,0,0,279.0
11,12,7,0,,,,49.6,0,0,0,248.0
11,13,7,0,,,,46.4,0,0,0,161.0
11,14,7,0,,,,46.0,0,0,0,117.0
11,15,7,0,,,,47.2,0,0,0,46.0
11,16,7,0,,,,45.9,0,0,0,0.0
11,17,7,0,,,,45.6,0,0,0,0.0
11,18,7,0,,,,48.1,0,0,0,0.0
11,19,7,0,,,,48.7,0,0,0,0.0
11,20,7,0,,,,47.5,0,0,0,0.0
11,21,7,0,,,,51.9,0,0,0,0.0
11,22,7,0,,,,46.6,0,0,0,0.0
11,23,7,0,,,,44.8,0,0,0,0.0
11,24,7,0,,,,44.9,0,0,0,0.0
12,1,1,0,,,,46.8,0,0,0,0.0
12,2,1,0,,,,48.8,0,0,0,0.0
12,3,1,0,,,,49.0,0,0,0,0.0
12,4,1,0,,,,48.9,0,0,0,0.0
12,5,1,0,,,,50.4,0,0,0,0.0
12,6,1,0,,,,49.2,0,0,0,0.0
12,7,1,0,,,,49.4,0,0,0,0.0
12,8,1,0,,,,48.1,0,0,0,1.0
12,9,1,0,,,,47.8,0,0,0,18.0
12,10,1,0,,,,47.5,0,0,0,66.0
12,11,1,0,,,,47.4,0,0,0,120.0
12,12,1,0,,,,47.8,0,0,0,150.0
12,13,1,0,,,,47.0,0,0,0,168.0
12,14,1,0,,,,49.0,0,0,0,110.0
12,15,1,0,,,,49.8,0,0,0,36.0
12,16,1,0,,,,49.2,0,0,0,0.0
12,17,1,0,,,,48.6,0,0,0,0.0
12,18,1,0,,,,48.8,0,0,0,0.0
12,19,1,0,,,,49.4,0,0,0,0.0
12,20,1,0,,,,47.2,0,0,0,0.0
12,21,1,0,,,,47.8,0,0,0,0.0
12,22,1,0,,,,47.4,0,0,0,0.0
12,23,1,0,,,,47.7,0,0,0,0.0
12,24,1,0,,,,46.5,0,0,0,0.0
12,1,2,0,,,,45.0,0,0,0,0.0
12,2,2,0,,,,44.5,0,0,0,0.0
12,3,2,0,,,,44.2,0,0,0,0.0
12,4,2,0,,,,43.6,0,0,0,0.0
12,5,2,0,,,,44.0,0,0,0,0.0
12,6,2,0,,,,45.6,0,0,0,0.0
12,7,2,0,,,,45.1,0,0,0,0.0
12,8,2,0,,,,47.7,0,0,0,17.0
12,9,2,0,,,,52.2,0,0,0,81.0
12,10,2,0,,,,60.3,0,0,0,158.0
12,11,2,0,,,,70.0,0,0,0,224.0
12,12,2,0,,,,75.3,0,0,0,255.0
12,13,2,0,,,,74.6,0,0,0,194.0
12,14,2,0,,,,74.5,0,0,0,108.0
12,15,2,0,,,,77.7,0,0,0,28.0
12,16,2,0,,,,78.3,0,0,0,0.0
12,17,2,0,,,,74.2,0,0,0,0.0
12,18,2,0,,,,69.5,0,0,0,0.0
12,19,2,0,,,,66.5,0,0,0,0.0
12,20,2,0,,,,59.0,0,0,0,0.0
12,21,2,0,,,,53.0,0,0,0,0.0
12,22,2,0,,,,51.2,0,0,0,0.0
12,23,2,0,,,,50.6,0,0,0,0.0
12,24,2,0,,,,48.2,0,0,0,0.0
12,1,3,0,,,,47.3,0,0,0,0.0
12,2,3,0,,,,49.8,0,0,0,0.0
12,3,3,0,,,,47.9,0,0,0,0.0
12,4,3,0,,,,48.2,0,0,0,0.0
12,5,3,0,,,,47.6,0,0,0,0.0
12,6,3,0,,,,48.5,0,0,0,0.0
12,7,3,0,,,,50.4,0,0,0,0.0
12,8,3,0,,,,50.5,0,0,0,23.0
12,9,3,0,,,,56.4,0,0,0,96.0
12,10,3,0,,,,64.2,0,0,0,155.0
12,11,3,0,,,,71.2,0,0,0,194.0
12,12,3,0,,,,71.1,0,0,0,185.0
12,13,3,0,,,,71.9,0,0,0,114.0
12,14,3,0,,,,75.7,0,0,0,56.0
12,15,3,0,,,,73.2,0,0,0,10.0
12,16,3,0,,,,74.5,0,0,0,0.0
12,17,3,0,,,,74.5,0,0,0,0.0
12,18,3,0,,,,73.2,0,0,0,0.0
12,19,3,0,,,,65.6,0,0,0,0.0
12,20,3,0,,,,56.1,0,0,0,0.0
12,21,3,0,,,,52.4,0,0,0,0.0
12,22,3,0,,,,49.2,0,0,0,0.0
12,23,3,0,,,,47.3,0,0,0,0.0
12,24,3,0,,,,47.0,0,0,0,0.0
12,1,4,0,,,,47.8,0,0,0,0.0
12,2,4,0,,,,47.6,0,0,0,0.0
12,3,4,0,,,,51.3,0,0,0,0.0
12,4,4,0,,,,49.9,0,0,0,0.0
12,5,4,0,,,,47.5,0,0,0,0.0
12,6,4,0,,,,47.0,0,0,0,0.0
12,7,4,0,,,,47.5,0,0,0,0.0
12,8,4,0,,,,50.7,0,0,0,1.0
12,9,4,0,,,,53.9,0,0,0,24.0
12,10,4,0,,,,58.5,0,0,0,81.0
12,11,4,0,,,,68.7,0,0,0,185.0
12,12,4,0,,,,78.0,0,0,0,297.0
12,13,4,0,,,,75.5,0,0,0,368.0
12,14,4,0,,,,78.4,0,0,0,348.0
12,15,4,0,,,,74.5,0,0,0,149.0
12,16,4,0,,,,76.7,0,0,0,0.0
12,17,4,0,,,,76.4,0,0,0,0.0
12,18,4,0,,,,71.2,0,0,0,0.0
12,19,4,0,,,,63.4,0,0,0,0.0
12,20,4,0,,,,57.0,0,0,0,0.0
12,21,4,0,,,,51.0,0,0,0,0.0
12,22,4,0,,,,49.5,0,0,0,0.0
12,23,4,0,,,,48.2,0,0,0,0.0
12,24,4,0,,,,50.1,0,0,0,0.0
12,1,5,0,,,,50.8,0,0,0,0.0
12,2,5,0,,,,51.3,0,0,0,0.0
12,3,5,0,,,,52.9,0,0,0,0.0
12,4,5,0,,,,52.0,0,0,0,0.0
12,5,5,0,,,,52.6,0,0,0,0.0
12,6,5,0,,,,51.2,0,0,0,0.0
12,7,5,0,,,,50.9,0,0,0,0.0
12,8,5,0,,,,51.0,0,0,0,11.0
12,9,5,0,,,,51.3,0,0,0,29.0
12,10,5,0,,,,58.6,0,0,0,61.0
12,11,5,0,,,,67.9,0,0,0,112.0
12,12,5,0,,,,74.6,0,0,0,97.0
12,13,5,0,,,,78.9,0,0,0,54.0
12,14,5,0,,,,79.5,0,0,0,24.0
12,15,5,0,,,,78.9,0,0,0,16.0
12,16,5,0,,,,80.0,0,0,0,0.0
12,17,5,0,,,,76.0,0,0,0,0.0
12,18,5,0,,,,72.9,0,0,0,0.0
12,19,5,0,,,,65.9,0,0,0,0.0
12,20,5,0,,,,58.3,0,0,0,0.0
12,21,5,0,,,,53.2,0,0,0,0.0
12,22,5,0,,,,51.2,0,0,0,0.0
12,23,5,0,,,,50.6,0,0,0,0.0
12,24,5,0,,,,49.6,0,0,0,0.0
12,1,6,0,,,,51.8,0,0,0,0.0
12,2,6,0,,,,50.5,0,0,0,0.0
12,3,6,0,,,,52.0,0,0,0,0.0
12,4,6,0,,,,54.4,0,0,0,0.0
12,5,6,0,,,,53.7,0,0,0,0.0
12,6,6,0,,,,56.8,0,0,0,0.0
12,7,6,0,,,,51.2,0,0,0,0.0
12,8,6,0,,,,52.7,0,0,0,103.0
12,9,6,0,,,,54.6,0,0,0,372.0
12,10,6,0,,,,59.8,0,0,0,583.0
12,11,6,0,,,,63.2,0,0,0,654.0
12,12,6,0,,,,69.7,0,0,0,644.0
12,13,6,0,,,,72.3,0,0,0,555.0
12,14,6,0,,,,74.2,0,0,0,368.0
12,15,6,0,,,,78.6,0,0,0,90.0
12,16,6,0,,,,78.0,0,0,0,0.0
12,17,6,0,,,,74.2,0,0,0,0.0
12,18,6,0,,,,68.2,0,0,0,0.0
12,19,6,0,,,,64.5,0,0,0,0.0
12,20,6,0,,,,61.0,0,0,0,0.0
12,21,6,0,,,,54.2,0,0,0,0.0
12,22,6,0,,,,53.2,0,0,0,0.0
12,23,6,0,,,,52.0,0,0,0,0.0
12,24,6,0,,,,51.3,0,0,0,0.0
12,1,7,0,,,,51.6,0,0,0,0.0
12,2,7,0,,,,49.2,0,0,0,0.0
12,3,7,0,,,,47.4,0,0,0,0.0
12,4,7,0,,,,47.7,0,0,0,0.0
12,5,7,0,,,,48.4,0,0,0,0.0
12,6,7,0,,,,48.0,0,0,0,0.0
12,7,7,0,,,,48.1,0,0,0,0.0
12,8,7,0,,,,48.1,0,0,0,5.0
12,9,7,0,,,,50.6,0,0,0,38.0
12,10,7,0,,,,51.8,0,0,0,66.0
12,11,7,0,,,,52.2,0,0,0,81.0
12,12,7,0,,,,53.2,0,0,0,85.0
12,13,7,0,,,,50.8,0,0,0,92.0
12,14,7,0,,,,51.2,0,0,0,83.0
12,15,7,0,,,,52.6,0,0,0,30.0
12,16,7,0,,,,53.5,0,0,0,0.0
12,17,7,0,,,,53.6,0,0,0,0.0
12,18,7,0,,,,53.0,0,0,0,0.0
12,19,7,0,,,,49.3,0,0,0,0.0
12,20,7,0,,,,48.7,0,0,0,0.0
12,21,7,0,,,,47.8,0,0,0,0.0
12,22,7,0,,,,46.6,0,0,0,0.0
12,23,7,0,,,,46.6,0,0,0,0.0
12,24,7,0,,,,46.1,0,0,0,0.0
12,1,1,0,,,,46.4,0,0,0,0.0
12,2,1,0,,,,46.1,0,0,0,0.0
12,3,1,0,,,,47.5,0,0,0,0.0
12,4,1,0,,,,49.2,0,0,0,0.0
12,5,1,0,,,,48.8,0,0,0,0.0
12,6,1,0,,,,46.0,0,0,0,0.0
12,7,1,0,,,,46.8,0,0,0,0.0
12,8,1,0,,,,46.8,0,0,0,1.0
12,9,1,0,,,,49.3,0,0,0,20.0
12,10,1,0,,,,48.2,0,0,0,77.0
12,11,1,0,,,,48.3,0,0,0,148.0
12,12,1,0,,,,50.4,0,0,0,253.0
12,13,1,0,,,,49.6,0,0,0,368.0
12,14,1,0,,,,50.6,0,0,0,197.0
12,15,1,0,,,,53.2,0,0,0,48.0
12,16,1,0,,,,53.7,0,0,0,0.0
12,17,1,0,,,,55.1,0,0,0,0.0
12,18,1,0,,,,54.3,0,0,0,0.0
12,19,1,0,,,,54.4,0,0,0,0.0
12,20,1,0,,,,53.6,0,0,0,0.0
12,21,1,0,,,,50.1,0,0,0,0.0
12,22,1,0,,,,50.8,0,0,0,0.0
12,23,1,0,,,,50.9,0,0,0,0.0
12,24,1,0,,,,51.6,0,0,0,0.0
12,1,2,0,,,,51.1,0,0,0,0.0
12,2,2,0,,,,50.4,0,0,0,0.0
12,3,2,0,,,,49.1,0,0,0,0.0
12,4,2,0,,,,49.7,0,0,0,0.0
12,5,2,0,,,,48.2,0,0,0,0.0
12,6,2,0,,,,49.1,0,0,0,0.0
12,7,2,0,,,,49.4,0,0,0,0.0
12,8,2,0,,,,50.4,0,0,0,1.0
12,9,2,0,,,,54.2,0,0,0,14.0
12,10,2,0,,,,59.9,0,0,0,37.0
12,11,2,0,,,,63.7,0,0,0,66.0
12,12,2,0,,,,68.0,0,0,0,94.0
12,13,2,0,,,,70.2,0,0,0,130.0
12,14,2,0,,,,73.0,0,0,0,135.0
12,15,2,0,,,,72.2,0,0,0,36.0
12,16,2,0,,,,73.1,0,0,0,0.0
12,17,2,0,,,,73.6,0,0,0,0.0
12,18,2,0,,,,73.2,0,0,0,0.0
12,19,2,0,,,,68.5,0,0,0,0.0
12,20,2,0,,,,62.5,0,0,0,0.0
12,21,2,0,,,,58.2,0,0,0,0.0
12,22,2,0,,,,52.3,0,0,0,0.0
12,23,2,0,,,,50.4,0,0,0,0.0
12,24,2,0,,,,49.2,0,0,0,0.0
12,1,3,0,,,,49.7,0,0,0,0.0
12,2,3,0,,,,50.5,0,0,0,0.0
12,3,3,0,,,,47.3,0,0,0,0.0
12,4,3,0,,,,47.2,0,0,0,0.0
12,5,3,0,,,,49.5,0,0,0,0.0
12,6,3,0,,,,49.5,0,0,0,0.0
12,7,3,0,,,,49.7,0,0,0,0.0
12,8,3,0,,,,50.4,0,0,0,0.0
12,9,3,0,,,,51.2,0,0,0,18.0
12,10,3,0,,,,59.0,0,0,0,55.0
12,11,3,0,,,,61.4,0,0,0,74.0
12,12,3,0,,,,65.9,0,0,0,71.0
12,13,3,0,,,,68.5,0,0,0,59.0
12,14,3,0,,,,71.3,0,0,0,31.0
12,15,3,0,,,,72.2,0,0,0,2.0
12,16,3,0,,,,73.1,0,0,0,0.0
12,17,3,0,,,,76.0,0,0,0,0.0
12,18,3,0,,,,72.0,0,0,0,0.0
12,19,3,0,,,,67.1,0,0,0,0.0
12,20,3,0,,,,57.2,0,0,0,0.0
12,21,3,0,,,,53.1,0,0,0,0.0
12,22,3,0,,,,51.6,0,0,0,0.0
12,23,3,0,,,,49.9,0,0,0,0.0
12,24,3,0,,,,47.3,0,0,0,0.0
12,1,4,0,,,,44.8,0,0,0,0.0
12,2,4,0,,,,41.9,0,0,0,0.0
12,3,4,0,,,,42.2,0,0,0,0.0
12,4,4,0,,,,41.2,0,0,0,0.0
12,5,4,0,,,,40.5,0,0,0,0.0
12,6,4,0,,,,44.0,0,0,0,0.0
12,7,4,0,,,,44.0,0,0,0,0.0
12,8,4,0,,,,42.2,0,0,0,0.0
12,9,4,0,,,,45.4,0,0,0,6.0
12,10,4,0,,,,51.8,0,0,0,25.0
12,11,4,0,,,,56.2,0,0,0,118.0
12,12,4,0,,,,64.7,0,0,0,407.0
12,13,4,0,,,,63.4,0,0,0,580.0
12,14,4,0,,,,62.6,0,0,0,474.0
12,15,4,0,,,,65.6,0,0,0,103.0
12,16,4,0,,,,62.4,0,0,0,0.0
12,17,4,0,,,,63.3,0,0,0,0.0
12,18,4,0,,,,60.9,0,0,0,0.0
12,19,4,0,,,,58.9,0,0,0,0.0
12,20,4,0,,,,50.2,0,0,0,0.0
12,21,4,0,,,,46.4,0,0,0,0.0
12,22,4,0,,,,46.4,0,0,0,0.0
12,23,4,0,,,,44.3,0,0,0,0.0
12,24,4,0,,,,45.0,0,0,0,0.0
12,1,5,0,,,,43.8,0,0,0,0.0
12,2,5,0,,,,43.6,0,0,0,0.0
12,3,5,0,,,,44.8,0,0,0,0.0
12,4,5,0,,,,45.1,0,0,0,0.0
12,5,5,0,,,,43.6,0,0,0,0.0
12,6,5,0,,,,43.9,0,0,0,0.0
12,7,5,0,,,,44.0,0,0,0,0.0
12,8,5,0,,,,42.8,0,0,0,0.0
12,9,5,0,,,,45.2,0,0,0,12.0
12,10,5,0,,,,53.6,0,0,0,37.0
12,11,5,0,,,,58.4,0,0,0,51.0
12,12,5,0,,,,63.9,0,0,0,55.0
12,13,5,0,,,,67.1,0,0,0,60.0
12,14,5,0,,,,69.0,0,0,0,45.0
12,15,5,0,,,,66.0,0,0,0,10.0
12,16,5,0,,,,65.8,0,0,0,0.0
12,17,5,0,,,,67.1,0,0,0,0.0
12,18,5,0,,,,65.1,0,0,0,0.0
12,19,5,0,,,,62.5,0,0,0,0.0
12,20,5,0,,,,53.2,0,0,0,0.0
12,21,5,0,,,,43.9,0,0,0,0.0
12,22,5,0,,,,43.1,0,0,0,0.0
12,23,5,0,,,,40.1,0,0,0,0.0
12,24,5,0,,,,41.0,0,0,0,0.0
12,1,6,0,,,,43.1,0,0,0,0.0
12,2,6,0,,,,44.0,0,0,0,0.0
12,3,6,0,,,,43.2,0,0,0,0.0
12,4,6,0,,,,43.2,0,0,0,0.0
12,5,6,0,,,,43.2,0,0,0,0.0
12,6,6,0,,,,44.1,0,0,0,0.0
12,7,6,0,,,,44.8,0,0,0,0.0
12,8,6,0,,,,42.9,0,0,0,0.0
12,9,6,0,,,,46.3,0,0,0,10.0
12,10,6,0,,,,51.6,0,0,0,26.0
12,11,6,0,,,,59.2,0,0,0,36.0
12,12,6,0,,,,65.0,0,0,0,44.0
12,13,6,0,,,,65.4,0,0,0,33.0
12,14,6,0,,,,66.9,0,0,0,18.0
12,15,6,0,,,,70.2,0,0,0,2.0
12,16,6,0,,,,66.9,0,0,0,0.0
12,17,6,0,,,,65.9,0,0,0,0.0
12,18,6,0,,,,63.2,0,0,0,0.0
12,19,6,0,,,,57.6,0,0,0,0.0
12,20,6,0,,,,50.8,0,0,0,0.0
12,21,6,0,,,,42.1,0,0,0,0.0
12,22,6,0,,,,42.4,0,0,0,0.0
12,23,6,0,,,,41.8,0,0,0,0.0
12,24,6,0,,,,41.0,0,0,0,0.0
12,1,7,0,,,,43.3,0,0,0,0.0
12,2,7,0,,,,43.3,0,0,0,0.0
12,3,7,0,,,,41.2,0,0,0,0.0
12,4,7,0,,,,41.8,0,0,0,0.0
12,5,7,0,,,,39.1,0,0,0,0.0
12,6,7,0,,,,39.6,0,0,0,0.0
12,7,7,0,,,,41.5,0,0,0,0.0
12,8,7,0,,,,41.9,0,0,0,5.0
12,9,7,0,,,,43.6,0,0,0,38.0
12,10,7,0,,,,42.8,0,0,0,241.0
12,11,7,0,,,,42.7,0,0,0,334.0
12,12,7,0,,,,44.4,0,0,0,256.0
12,13,7,0,,,,41.1,0,0,0,190.0
12,14,7,0,,,,44.1,0,0,0,73.0
12,15,7,0,,,,46.9,0,0,0,2.0
12,16,7,0,,,,47.3,0,0,0,0.0
12,17,7,0,,,,46.2,0,0,0,0.0
12,18,7,0,,,,46.8,0,0,0,0.0
12,19,7,0,,,,45.2,0,0,0,0.0
12,20,7,0,,,,42.2,0,0,0,0.0
12,21,7,0,,,,45.0,0,0,0,0.0
12,22,7,0,,,,44.7,0,0,0,0.0
12,23,7,0,,,,44.9,0,0,0,0.0
12,24,7,0,,,,46.0,0,0,0,0.0
12,1,1,0,,,,44.9,0,0,0,0.0
12,2,1,0,,,,44.9,0,0,0,0.0
12,3,1,0,,,,45.3,0,0,0,0.0
12,4,1,0,,,,45.0,0,0,0,0.0
12,5,1,0,,,,43.9,0,0,0,0.0
12,6,1,0,,,,41.2,0,0,0,0.0
12,7,1,0,,,,40.1,0,0,0,0.0
12,8,1,0,,,,39.8,0,0,0,10.0
12,9,1,0,,,,39.1,0,0,0,47.0
12,10,1,0,,,,38.0,0,0,0,71.0
12,11,1,0,,,,39.4,0,0,0,78.0
12,12,1,0,,,,39.1,0,0,0,60.0
12,13,1,0,,,,41.4,0,0,0,40.0
12,14,1,0,,,,46.9,0,0,0,16.0
12,15,1,0,,,,48.6,0,0,0,1.0
12,16,1,0,,,,48.7,0,0,0,0.0
12,17,1,0,,,,43.7,0,0,0,0.0
12,18,1,0,,,,43.6,0,0,0,0.0
12,19,1,0,,,,43.5,0,0,0,0.0
12,20,1,0,,,,47.1,0,0,0,0.0
12,21,1,0,,,,47.9,0,0,0,0.0
12,22,1,0,,,,46.4,0,0,0,0.0
12,23,1,0,,,,46.1,0,0,0,0.0
12,24,1,0,,,,45.0,0,0,0,0.0
12,1,2,0,,,,43.3,0,0,0,0.0
12,2,2,0,,,,43.9,0,0,0,0.0
12,3,2,0,,,,43.7,0,0,0,0.0
12,4,2,0,,,,44.9,0,0,0,0.0
12,5,2,0,,,,44.7,0,0,0,0.0
12,6,2,0,,,,45.5,0,0,0,0.0
12,7,2,0,,,,41.4,0,0,0,0.0
12,8,2,0,,,,42.0,0,0,0,1.0
12,9,2,0,,,,44.3,0,0,0,10.0
12,10,2,0,,,,53.5,0,0,0,16.0
12,11,2,0,,,,60.6,0,0,0,21.0
12,12,2,0,,,,66.4,0,0,0,24.0
12,13,2,0,,,,65.2,0,0,0,24.0
12,14,2,0,,,,63.1,0,0,0,10.0
12,15,2,0,,,,64.1,0,0,0,0.0
12,16,2,0,,,,66.1,0,0,0,0.0
12,17,2,0,,,,66.4,0,0,0,0.0
12,18,2,0,,,,66.1,0,0,0,0.0
12,19,2,0,,,,61.6,0,0,0,0.0
12,20,2,0,,,,52.5,0,0,0,0.0
12,21,2,0,,,,47.6,0,0,0,0.0
12,22,2,0,,,,46.8,0,0,0,0.0
12,23,2,0,,,,46.0,0,0,0,0.0
12,24,2,0,,,,45.5,0,0,0,0.0
12,1,3,0,,,,43.3,0,0,0,0.0
12,2,3,0,,,,43.5,0,0,0,0.0
12,3,3,0,,,,43.3,0,0,0,0.0
12,4,3,0,,,,42.4,0,0,0,0.0
12,5,3,0,,,,45.4,0,0,0,0.0
12,6,3,0,,,,45.0,0,0,0,0.0
12,7,3,0,,,,42.0,0,0,0,0.0
12,8,3,0,,,,41.5,0,0,0,3.0
12,9,3,0,,,,47.2,0,0,0,41.0
12,10,3,0,,,,49.6,0,0,0,114.0
12,11,3,0,,,,56.0,0,0,0,250.0
12,12,3,0,,,,57.6,0,0,0,302.0
12,13,3,0,,,,58.2,0,0,0,256.0
12,14,3,0,,,,59.6,0,0,0,147.0
12,15,3,0,,,,58.5,0,0,0,25.0
12,16,3,0,,,,61.8,0,0,0,0.0
12,17,3,0,,,,63.8,0,0,0,0.0
12,18,3,0,,,,62.7,0,0,0,0.0
12,19,3,0,,,,59.0,0,0,0,0.0
12,20,3,0,,,,50.8,0,0,0,0.0
12,21,3,0,,,,44.5,0,0,0,0.0
12,22,3,0,,,,44.4,0,0,0,0.0
12,23,3,0,,,,42.2,0,0,0,0.0
12,24,3,0,,,,42.4,0,0,0,0.0
12,1,4,0,,,,40.2,0,0,0,0.0
12,2,4,0,,,,40.2,0,0,0,0.0
12,3,4,0,,,,39.3,0,0,0,0.0
12,4,4,0,,,,41.9,0,0,0,0.0
12,5,4,0,,,,44.0,0,0,0,0.0
12,6,4,0,,,,41.8,0,0,0,0.0
12,7,4,0,,,,41.6,0,0,0,0.0
12,8,4,0,,,,43.1,0,0,0,3.0
12,9,4,0,,,,43.9,0,0,0,46.0
12,10,4,0,,,,49.2,0,0,0,203.0
12,11,4,0,,,,56.4,0,0,0,283.0
12,12,4,0,,,,59.4,0,0,0,261.0
12,13,4,0,,,,59.6,0,0,0,228.0
12,14,4,0,,,,61.6,0,0,0,162.0
12,15,4,0,,,,58.8,0,0,0,38.0
12,16,4,0,,,,60.4,0,0,0,0.0
12,17,4,0,,,,66.9,0,0,0,0.0
12,18,4,0,,,,64.0,0,0,0,0.0
12,19,4,0,,,,56.5,0,0,0,0.0
12,20,4,0,,,,50.4,0,0,0,0.0
12,21,4,0,,,,49.2,0,0,0,0.0
12,22,4,0,,,,46.7,0,0,0,0.0
12,23,4,0,,,,45.4,0,0,0,0.0
12,24,4,0,,,,46.0,0,0,0,0.0
12,1,5,0,,,,44.3,0,0,0,0.0
12,2,5,0,,,,44.5,0,0,0,0.0
12,3,5,0,,,,43.4,0,0,0,0.0
12,4,5,0,,,,40.4,0,0,0,0.0
12,5,5,0,,,,39.7,0,0,0,0.0
12,6,5,0,,,,41.7,0,0,0,0.0
12,7,5,0,,,,42.4,0,0,0,0.0
12,8,5,0,,,,44.2,0,0,0,35.0
12,9,5,0,,,,48.1,0,0,0,247.0
12,10,5,0,,,,50.9,0,0,0,552.0
12,11,5,0,,,,57.8,0,0,0,648.0
12,12,5,0,,,,63.1,0,0,0,648.0
12,13,5,0,,,,62.9,0,0,0,554.0
12,14,5,0,,,,60.7,0,0,0,349.0
12,15,5,0,,,,59.3,0,0,0,70.0
12,16,5,0,,,,58.2,0,0,0,0.0
12,17,5,0,,,,60.0,0,0,0,0.0
12,18,5,0,,,,59.2,0,0,0,0.0
12,19,5,0,,,,53.8,0,0,0,0.0
12,20,5,0,,,,45.7,0,0,0,0.0
12,21,5,0,,,,41.7,0,0,0,0.0
12,22,5,0,,,,41.3,0,0,0,0.0
12,23,5,0,,,,39.8,0,0,0,0.0
12,24,5,0,,,,44.0,0,0,0,0.0
12,1,6,0,,,,41.4,0,0,0,0.0
12,2,6,0,,,,42.4,0,0,0,0.0
12,3,6,0,,,,42.0,0,0,0,0.0
12,4,6,0,,,,43.6,0,0,0,0.0
12,5,6,0,,,,43.5,0,0,0,0.0
12,6,6,0,,,,43.4,0,0,0,0.0
12,7,6,0,,,,43.4,0,0,0,0.0
12,8,6,0,,,,43.6,0,0,0,16.0
12,9,6,0,,,,45.3,0,0,0,109.0
12,10,6,0,,,,50.5,0,0,0,354.0
12,11,6,0,,,,52.7,0,0,0,483.0
12,12,6,0,,,,54.3,0,0,0,362.0
12,13,6,0,,,,57.6,0,0,0,185.0
12,14,6,0,,,,58.5,0,0,0,84.0
12,15,6,0,,,,59.1,0,0,0,13.0
12,16,6,0,,,,58.0,0,0,0,0.0
12,17,6,0,,,,58.1,0,0,0,0.0
12,18,6,0,,,,56.9,0,0,0,0.0
12,19,6,0,,,,53.5,0,0,0,0.0
12,20,6,0,,,,43.0,0,0,0,0.0
12,21,6,0,,,,41.3,0,0,0,0.0
12,22,6,0,,,,39.0,0,0,0,0.0
12,23,6,0,,,,38.5,0,0,0,0.0
12,24,6,0,,,,41.8,0,0,0,0.0
12,1,7,0,,,,41.9,0,0,0,0.0
12,2,7,0,,,,42.2,0,0,0,0.0
12,3,7,0,,,,41.5,0,0,0,0.0
12,4,7,0,,,,42.3,0,0,0,0.0
12,5,7,0,,,,41.7,0,0,0,0.0
12,6,7,0,,,,42.5,0,0,0,0.0
12,7,7,0,,,,41.7,0,0,0,0.0
12,8,7,0,,,,43.5,0,0,0,0.0
12,9,7,0,,,,43.6,0,0,0,8.0
12,10,7,0,,,,43.6,0,0,0,15.0
12,11,7,0,,,,43.0,0,0,0,13.0
12,12,7,0,,,,42.9,0,0,0,22.0
12,13,7,0,,,,41.9,0,0,0,17.0
12,14,7,0,,,,42.8,0,0,0,5.0
12,15,7,0,,,,42.4,0,0,0,0.0
12,16,7,0,,,,41.1,0,0,0,0.0
12,17,7,0,,,,41.2,0,0,0,0.0
12,18,7,0,,,,43.0,0,0,0,0.0
12,19,7,0,,,,42.9,0,0,0,0.0
12,20,7,0,,,,42.8,0,0,0,0.0
12,21,7,0,,,,42.9,0,0,0,0.0
12,22,7,0,,,,41.4,0,0,0,0.0
12,23,7,0,,,,41.9,0,0,0,0.0
12,24,7,0,,,,41.6,0,0,0,0.0
12,1,1,0,,,,40.1,0,0,0,0.0
12,2,1,0,,,,40.0,0,0,0,0.0
12,3,1,0,,,,39.8,0,0,0,0.0
12,4,1,0,,,,39.2,0,0,0,0.0
12,5,1,0,,,,38.8,0,0,0,0.0
12,6,1,0,,,,38.5,0,0,0,0.0
12,7,1,0,,,,35.8,0,0,0,0.0
12,8,1,0,,,,37.0,0,0,0,4.0
12,9,1,0,,,,36.0,0,0,0,17.0
12,10,1,0,,,,35.2,0,0,0,138.0
12,11,1,0,,,,39.5,0,0,0,156.0
12,12,1,0,,,,38.4,0,0,0,199.0
12,13,1,0,,,,38.2,0,0,0,140.0
12,14,1,0,,,,40.0,0,0,0,52.0
12,15,1,0,,,,40.2,0,0,0,6.0
12,16,1,0,,,,40.0,0,0,0,0.0
12,17,1,0,,,,39.9,0,0,0,0.0
12,18,1,0,,,,38.0,0,0,0,0.0
12,19,1,0,,,,37.7,0,0,0,0.0
12,20,1,0,,,,37.8,0,0,0,0.0
12,21,1,0,,,,38.8,0,0,0,0.0
12,22,1,0,,,,41.6,0,0,0,0.0
12,23,1,0,,,,40.2,0,0,0,0.0
12,24,1,0,,,,39.4,0,0,0,0.0
12,1,2,0,,,,40.2,0,0,0,0.0
12,2,2,0,,,,39.9,0,0,0,0.0
12,3,2,0,,,,39.8,0,0,0,0.0
12,4,2,0,,,,40.2,0,0,0,0.0
12,5,2,0,,,,41.0,0,0,0,0.0
12,6,2,0,,,,39.2,0,0,0,0.0
12,7,2,0,,,,39.3,0,0,0,0.0
12,8,2,0,,,,38.2,0,0,0,0.0
12,9,2,0,,,,39.8,0,0,0,6.0
12,10,2,0,,,,43.1,0,0,0,21.0
12,11,2,0,,,,43.3,0,0,0,26.0
12,12,2,0,,,,50.4,0,0,0,24.0
12,13,2,0,,,,51.0,0,0,0,9.0
12,14,2,0,,,,51.6,0,0,0,1.0
12,15,2,0,,,,52.4,0,0,0,0.0
12,16,2,0,,,,53.4,0,0,0,0.0
12,17,2,0,,,,53.1,0,0,0,0.0
12,18,2,0,,,,49.2,0,0,0,0.0
12,19,2,0,,,,47.2,0,0,0,0.0
12,20,2,0,,,,47.6,0,0,0,0.0
12,21,2,0,,,,44.4,0,0,0,0.0
12,22,2,0,,,,43.2,0,0,0,0.0
12,23,2,0,,,,47.0,0,0,0,0.0
12,24,2,0,,,,45.2,0,0,0,0.0
12,1,3,0,,,,42.5,0,0,0,0.0
12,2,3,0,,,,41.3,0,0,0,0.0
12,3,3,0,,,,42.9,0,0,0,0.0
12,4,3,0,,,,43.1,0,0,0,0.0
12,5,3,0,,,,41.2,0,0,0,0.0
12,6,3,0,,,,40.8,0,0,0,0.0
12,7,3,0,,,,40.2,0,0,0,0.0
12,8,3,0,,,,41.9,0,0,0,4.0
12,9,3,0,,,,40.8,0,0,0,44.0
12,10,3,0,,,,41.0,0,0,0,109.0
12,11,3,0,,,,39.9,0,0,0,110.0
12,12,3,0,,,,41.6,0,0,0,124.0
12,13,3,0,,,,40.1,0,0,0,133.0
12,14,3,0,,,,40.2,0,0,0,81.0
12,15,3,0,,,,40.5,0,0,0,18.0
12,16,3,0,,,,37.0,0,0,0,0.0
12,17,3,0,,,,37.9,0,0,0,0.0
12,18,3,0,,,,39.0,0,0,0,0.0
12,19,3,0,,,,38.9,0,0,0,0.0
12,20,3,0,,,,38.0,0,0,0,0.0
12,21,3,0,,,,36.8,0,0,0,0.0
12,22,3,0,,,,36.6,0,0,0,0.0
12,23,3,0,,,,35.6,0,0,0,0.0
12,24,3,0,,,,36.1,0,0,0,0.0
12,1,4,0,,,,36.0,0,0,0,0.0
12,2,4,0,,,,37.0,0,0,0,0.0
12,3,4,0,,,,37.9,0,0,0,0.0
12,4,4,0,,,,37.6,0,0,0,0.0
12,5,4,0,,,,41.4,0,0,0,0.0
12,6,4,0,,,,40.0,0,0,0,0.0
12,7,4,0,,,,40.4,0,0,0,0.0
12,8,4,0,,,,40.3,0,0,0,7.0
12,9,4,0,,,,39.2,0,0,0,73.0
12,10,4,0,,,,38.2,0,0,0,271.0
12,11,4,0,,,,36.9,0,0,0,364.0
12,12,4,0,,,,36.3,0,0,0,363.0
12,13,4,0,,,,34.8,0,0,0,279.0
12,14,4,0,,,,35.1,0,0,0,144.0
12,15,4,0,,,,34.1,0,0,0,21.0
12,16,4,0,,,,38.3,0,0,0,0.0
12,17,4,0,,,,35.1,0,0,0,0.0
12,18,4,0,,,,35.8,0,0,0,0.0
12,19,4,0,,,,36.8,0,0,0,0.0
12,20,4,0,,,,37.4,0,0,0,0.0
12,21,4,0,,,,38.4,0,0,0,0.0
12,22,4,0,,,,40.3,0,0,0,0.0
12,23,4,0,,,,39.2,0,0,0,0.0
12,24,4,0,,,,39.4,0,0,0,0.0
12,1,5,0,,,,39.4,0,0,0,0.0
12,2,5,0,,,,38.6,0,0,0,0.0
12,3,5,0,,,,38.1,0,0,0,0.0
12,4,5,0,,,,39.4,0,0,0,0.0
12,5,5,0,,,,38.4,0,0,0,0.0
12,6,5,0,,,,39.1,0,0,0,0.0
12,7,5,0,,,,39.3,0,0,0,0.0
12,8,5,0,,,,37.8,0,0,0,0.0
12,9,5,0,,,,38.6,0,0,0,10.0
12,10,5,0,,,,37.6,0,0,0,33.0
12,11,5,0,,,,36.8,0,0,0,43.0
12,12,5,0,,,,37.7,0,0,0,39.0
12,13,5,0,,,,36.5,0,0,0,23.0
12,14,5,0,,,,35.1,0,0,0,8.0
12,15,5,0,,,,36.8,0,0,0,0.0
12,16,5,0,,,,36.2,0,0,0,0.0
12,17,5,0,,,,36.9,0,0,0,0.0
12,18,5,0,,,,40.6,0,0,0,0.0
12,19,5,0,,,,38.6,0,0,0,0.0
12,20,5,0,,,,40.1,0,0,0,0.0
12,21,5,0,,,,40.4,0,0,0,0.0
12,22,5,0,,,,38.6,0,0,0,0.0
12,23,5,0,,,,38.8,0,0,0,0.0
12,24,5,0,,,,37.5,0,0,0,0.0
12,1,6,0,,,,36.6,0,0,0,0.0
12,2,6,0,,,,36.1,0,0,0,0.0
12,3,6,0,,,,35.9,0,0,0,0.0
12,4,6,0,,,,37.3,0,0,0,0.0
12,5,6,0,,,,38.6,0,0,0,0.0
12,6,6,0,,,,39.8,0,0,0,0.0
12,7,6,0,,,,39.2,0,0,0,0.0
12,8,6,0,,,,38.6,0,0,0,20.0
12,9,6,0,,,,36.7,0,0,0,111.0
12,10,6,0,,,,35.8,0,0,0,274.0
12,11,6,0,,,,35.8,0,0,0,332.0
12,12,6,0,,,,36.5,0,0,0,408.0
12,13,6,0,,,,38.4,0,0,0,376.0
12,14,6,0,,,,38.2,0,0,0,223.0
12,15,6,0,,,,40.4,0,0,0,37.0
12,16,6,0,,,,40.1,0,0,0,0.0
12,17,6,0,,,,38.9,0,0,0,0.0
12,18,6,0,,,,40.6,0,0,0,0.0
12,19,6,0,,,,40.0,0,0,0,0.0
12,20,6,0,,,,38.4,0,0,0,0.0
12,21,6,0,,,,35.3,0,0,0,0.0
12,22,6,0,,,,36.1,0,0,0,0.0
12,23,6,0,,,,35.2,0,0,0,0.0
12,24,6,0,,,,36.3,0,0,0,0.0
12,1,7,0,,,,35.9,0,0,0,0.0
12,2,7,0,,,,35.9,0,0,0,0.0
12,3,7,0,,,,37.1,0,0,0,0.0
12,4,7,0,,,,36.4,0,0,0,0.0
12,5,7,0,,,,37.6,0,0,0,0.0
12,6,7,0,,,,39.2,0,0,0,0.0
12,7,7,0,,,,39.8,0,0,0,0.0
12,8,7,0,,,,40.1,0,0,0,11.0
12,9,7,0,,,,39.2,0,0,0,72.0
12,10,7,0,,,,38.5,0,0,0,374.0
12,11,7,0,,,,37.6,0,0,0,531.0
12,12,7,0,,,,35.9,0,0,0,547.0
12,13,7,0,,,,36.8,0,0,0,475.0
12,14,7,0,,,,36.5,0,0,0,287.0
12,15,7,0,,,,36.4,0,0,0,58.0
12,16,7,0,,,,35.8,0,0,0,0.0
12,17,7,0,,,,35.4,0,0,0,0.0
12,18,7,0,,,,36.2,0,0,0,0.0
12,19,7,0,,,,38.6,0,0,0,0.0
12,20,7,0,,,,40.2,0,0,0,0.0
12,21,7,0,,,,41.1,0,0,0,0.0
12,22,7,0,,,,41.2,0,0,0,0.0
12,23,7,0,,,,40.4,0,0,0,0.0
12,24,7,0,,,,42.2,0,0,0,0.0
12,1,1,0,,,,42.5,0,0,0,0.0
12,2,1,0,,,,40.9,0,0,0,0.0
12,3,1,0,,,,43.0,0,0,0,0.0
12,4,1,0,,,,42.6,0,0,0,0.0
12,5,1,0,,,,43.9,0,0,0,0.0
12,6,1,0,,,,42.7,0,0,0,0.0
12,7,1,0,,,,42.6,0,0,0,0.0
12,8,1,0,,,,42.1,0,0,0,16.0
12,9,1,0,,,,41.8,0,0,0,80.0
12,10,1,0,,,,41.2,0,0,0,414.0
12,11,1,0,,,,39.5,0,0,0,597.0
12,12,1,0,,,,39.9,0,0,0,641.0
12,13,1,0,,,,39.5,0,0,0,602.0
12,14,1,0,,,,42.2,0,0,0,430.0
12,15,1,0,,,,39.6,0,0,0,119.0
12,16,1,0,,,,38.1,0,0,0,0.0
12,17,1,0,,,,40.8,0,0,0,0.0
12,18,1,0,,,,42.5,0,0,0,0.0
12,19,1,0,,,,43.7,0,0,0,0.0
12,20,1,0,,,,41.6,0,0,0,0.0
12,21,1,0,,,,39.9,0,0,0,0.0
12,22,1,0,,,,40.9,0,0,0,0.0
12,23,1,0,,,,39.1,0,0,0,0.0
12,24,1,0,,,,38.4,0,0,0,0.0
12,1,2,0,,,,39.0,0,0,0,0.0
12,2,2,0,,,,36.9,0,0,0,0.0
12,3,2,0,,,,37.2,0,0,0,0.0
12,4,2,0,,,,38.1,0,0,0,0.0
12,5,2,0,,,,38.2,0,0,0,0.0
12,6,2,0,,,,40.6,0,0,0,0.0
12,7,2,0,,,,39.9,0,0,0,0.0
12,8,2,0,,,,38.4,0,0,0,0.0
12,9,2,0,,,,39.4,0,0,0,2.0
12,10,2,0,,,,37.6,0,0,0,7.0
12,11,2,0,,,,38.2,0,0,0,9.0
12,12,2,0,,,,39.1,0,0,0,15.0
12,13,2,0,,,,37.4,0,0,0,40.0
12,14,2,0,,,,40.2,0,0,0,36.0
12,15,2,0,,,,42.8,0,0,0,3.0
12,16,2,0,,,,43.0,0,0,0,0.0
12,17,2,0,,,,43.2,0,0,0,0.0
12,18,2,0,,,,39.4,0,0,0,0.0
12,19,2,0,,,,38.9,0,0,0,0.0
12,20,2,0,,,,38.3,0,0,0,0.0
12,21,2,0,,,,37.2,0,0,0,0.0
12,22,2,0,,,,37.0,0,0,0,0.0
12,23,2,0,,,,37.2,0,0,0,0.0
12,24,2,0,,,,37.3,0,0,0,0.0
12,1,3,0,,,,37.3,0,0,0,0.0
12,2,3,0,,,,37.1,0,0,0,0.0
12,3,3,0,,,,36.6,0,0,0,0.0
12,4,3,0,,,,37.2,0,0,0,0.0
12,5,3,0,,,,38.4,0,0,0,0.0
12,6,3,0,,,,39.1,0,0,0,0.0
12,7,3,0,,,,38.5,0,0,0,0.0
12,8,3,0,,,,37.3,0,0,0,0.0
12,9,3,0,,,,38.2,0,0,0,4.0
12,10,3,0,,,,36.8,0,0,0,18.0
12,11,3,0,,,,40.3,0,0,0,28.0
12,12,3,0,,,,42.9,0,0,0,29.0
12,13,3,0,,,,42.5,0,0,0,12.0
12,14,3,0,,,,46.2,0,0,0,7.0
12,15,3,0,,,,44.4,0,0,0,0.0
12,16,3,0,,,,41.2,0,0,0,0.0
12,17,3,0,,,,40.6,0,0,0,0.0
12,18,3,0,,,,40.4,0,0,0,0.0
12,19,3,0,,,,39.7,0,0,0,0.0
12,20,3,0,,,,37.6,0,0,0,0.0
12,21,3,0,,,,37.1,0,0,0,0.0
12,22,3,0,,,,37.9,0,0,0,0.0
12,23,3,0,,,,37.1,0,0,0,0.0
